340
0.023811 0.020539
0.03742 0.023679
0.081975 0.020855
0.031087 0.028955
0.037244 0.028517
0.10496 0.020413
0.095147 0.023871
0.12049 0.023698
0.059366 0.027935
0.0452 0.028304
0.052628 0.02818
0.14898 0.02245
0.064413 0.028225
0.16166 0.022747
0.071195 0.030554
0.068806 0.029228
0.071438 0.030682
0.17294 0.022344
0.08735 0.030728
0.1776 0.024908
0.10815 0.032941
0.11932 0.031587
0.18249 0.027093
0.14022 0.03256
0.19076 0.027962
0.14392 0.033707
0.14002 0.032533
0.14282 0.033242
0.19004 0.031102
0.14443 0.034039
0.20544 0.026083
0.14791 0.034846
0.14437 0.034019
0.14857 0.035237
0.20138 0.031335
0.19057 0.035864
0.2218 0.02196
0.15292 0.037331
0.15278 0.036509
0.1534 0.037017
0.22633 0.029603
0.19865 0.03714
0.24258 0.02134
0.20805 0.035659
0.15467 0.038444
0.2475 0.027014
0.2035 0.038151
0.25644 0.028669
0.22312 0.036864
0.25688 0.033139
0.24187 0.03534
0.26708 0.022082
0.16844 0.038079
0.12515 0.038363
0.19197 0.038645
0.27061 0.022672
0.21461 0.037388
0.26915 0.031446
0.24667 0.036571
0.20726 0.038697
0.24147 0.037684
0.28611 0.022181
0.25035 0.037015
0.27898 0.031734
0.25252 0.037339
0.25159 0.037208
0.30069 0.026353
0.25665 0.037778
0.29037 0.031243
0.27294 0.036166
0.25669 0.037784
0.25223 0.037441
0.31827 0.028016
0.27569 0.035942
0.32011 0.029373
0.27628 0.036752
0.1186 0.038555
0.32794 0.027215
0.095444 0.036474
0.33044 0.028186
0.29644 0.035877
0.099949 0.036827
0.089625 0.035621
0.32637 0.036293
0.060449 0.032396
0.33587 0.03362
0.30315 0.038348
0.068893 0.03513
0.045677 0.033412
0.33856 0.034954
0.035159 0.035424
0.34355 0.027983
0.035144 0.038718
0.033545 0.037545
0.34247 0.038171
0.038224 0.039128
0.34386 0.038716
0.15021 0.039328
0.041114 0.03923
0.34758 0.037794
0.067837 0.035671
0.35283 0.031003
0.058128 0.034468
0.041298 0.039537
0.34953 0.039349
0.039944 0.039953
0.35616 0.029365
0.039867 0.040001
0.039867 0.039966
0.039661 0.040008
0.35514 0.038857
0.058583 0.035382
0.29439 0.039824
0.042646 0.039796
0.040217 0.039971
0.35952 0.037563
0.21536 0.038338
0.36541 0.033515
0.063452 0.036048
0.11243 0.038191
0.23099 0.038786
0.37107 0.023914
0.31934 0.040379
0.38959 0.022076
0.38152 0.026875
0.31547 0.03924
0.37825 0.033325
0.33945 0.039668
0.38553 0.034646
0.30149 0.039422
0.12159 0.039168
0.38677 0.034575
0.41232 0.025428
0.38816 0.034925
0.35739 0.038824
0.42889 0.032657
0.41281 0.02778
0.39684 0.03039
0.42538 0.032343
0.40864 0.029608
0.38013 0.038157
0.43846 0.020446
0.43408 0.021589
0.51531 0.020075
0.52392 0.020171
0.39218 0.02436
0.49688 0.022693
0.39905 0.024078
0.49137 0.02405
0.39896 0.024111
0.39814 0.024742
0.45005 0.026053
0.4974 0.025954
0.43839 0.029756
0.45992 0.024721
0.49013 0.025163
0.5213 0.021449
0.42567 0.035406
0.47953 0.025966
0.50583 0.024505
0.50324 0.026073
0.43465 0.03707
0.45786 0.030198
0.51623 0.022453
0.5189 0.023367
0.45176 0.035894
0.51048 0.025356
0.54273 0.021223
0.54604 0.024474
0.56875 0.021027
0.5923 0.026617
0.54816 0.026567
0.59761 0.028049
0.53123 0.034147
0.58994 0.027682
0.53471 0.02375
0.50556 0.035227
0.58941 0.027587
0.56704 0.027026
0.53396 0.025449
0.52997 0.021463
0.56732 0.027511
0.54329 0.033558
0.45318 0.041534
0.44447 0.041776
0.54619 0.033281
0.42575 0.03935
0.52799 0.021904
0.458 0.03718
0.41077 0.037157
0.40668 0.03747
0.53196 0.02485
0.61066 0.021485
0.6032 0.029984
0.62611 0.029186
0.62613 0.039355
0.60958 0.032781
0.62509 0.03941
0.59695 0.029369
0.60761 0.034358
0.67708 0.037263
0.60402 0.033563
0.60579 0.03525
0.70727 0.039807
0.80237 0.037061
0.56125 0.030023
0.5861 0.032722
0.68245 0.037121
0.61003 0.037881
0.47342 0.035107
0.43253 0.040374
0.61389 0.038384
0.62686 0.022382
0.64052 0.03628
0.63832 0.027784
0.7234 0.038198
0.68482 0.036451
0.90695 0.038357
0.70033 0.038849
0.78247 0.038412
0.78336 0.038434
0.68205 0.037138
0.63692 0.037779
0.65775 0.036241
0.82858 0.039927
0.67188 0.037082
0.94505 0.039003
0.93301 0.039412
0.9471 0.039061
0.69095 0.033754
0.90388 0.038873
0.72144 0.037662
0.95788 0.039649
0.95237 0.040173
0.95815 0.03965
0.65394 0.033338
0.95923 0.039615
0.71159 0.035144
0.80086 0.037191
0.95941 0.039605
0.69586 0.032385
0.83951 0.041004
0.72082 0.035349
0.95775 0.039523
0.95717 0.039476
0.65239 0.025589
0.83663 0.040357
0.73854 0.038318
0.95421 0.039056
0.95493 0.039518
0.95409 0.039102
0.65809 0.022729
0.95256 0.038814
0.72143 0.032653
0.94531 0.036664
0.95086 0.038599
0.94609 0.03678
0.67728 0.025522
0.76523 0.03847
0.7149 0.030415
0.90584 0.03647
0.93154 0.038674
0.70369 0.027149
0.74706 0.038155
0.69446 0.023937
0.77749 0.036334
0.90143 0.038776
0.89071 0.037262
0.70524 0.024201
0.86761 0.037531
0.74784 0.036265
0.79701 0.036742
0.72128 0.024718
0.79838 0.036606
0.75861 0.035332
0.83602 0.038428
0.83335 0.038112
0.73478 0.025465
0.83906 0.039969
0.74089 0.025839
0.85275 0.038856
0.83869 0.039776
0.85435 0.038257
0.74892 0.027729
0.86863 0.037454
0.76062 0.029044
0.87856 0.037725
0.87727 0.037718
0.75918 0.023936
0.89083 0.036698
0.7709 0.024606
0.8095 0.036029
0.88688 0.037277
0.89091 0.033513
0.7829 0.026257
0.89561 0.031069
0.78999 0.027152
0.81996 0.033912
0.89831 0.031528
0.90746 0.03376
0.79289 0.024518
0.91187 0.034346
0.80238 0.024487
0.91925 0.033314
0.91238 0.03408
0.92422 0.032456
0.8116 0.021715
0.92787 0.033075
0.83285 0.02746
0.93405 0.032732
0.93543 0.032591
0.83621 0.023674
0.89911 0.026092
0.83955 0.023896
0.95106 0.034006
0.94711 0.031998
0.95438 0.034409
0.84632 0.022189
0.96136 0.036145
0.86987 0.024867
0.96266 0.035375
0.96148 0.03613
0.87928 0.021863
0.92633 0.026371
0.91154 0.02436
0.931 0.026234
0.96495 0.034154
0.96654 0.034215
0.91701 0.022598
0.9719 0.033998
0.94087 0.023801
0.97272 0.033893
0.9719 0.033997
0.97256 0.033911
0.96072 0.02348
0.97611 0.033831
0.97169 0.023006
0.97426 0.027223
0.9752 0.033827
0.9777 0.033686
