340
0.025772 0.020356
0.046164 0.02259
0.094657 0.020969
0.036793 0.026019
0.045914 0.025989
0.11548 0.020434
0.10624 0.024252
0.13084 0.023293
0.074044 0.027605
0.056799 0.02618
0.06659 0.026958
0.16302 0.022571
0.078776 0.028497
0.17489 0.023028
0.085277 0.031617
0.082909 0.030071
0.085518 0.031767
0.18477 0.022694
0.099355 0.032184
0.1886 0.025589
0.11824 0.033453
0.12912 0.030498
0.19303 0.027722
0.1548 0.032019
0.20098 0.028026
0.1585 0.033721
0.1546 0.031963
0.15739 0.033083
0.19997 0.031211
0.15902 0.034138
0.21576 0.026048
0.16231 0.035502
0.15896 0.034109
0.16292 0.035983
0.21146 0.031285
0.19917 0.036116
0.2322 0.021899
0.1669 0.03837
0.16676 0.037491
0.16732 0.038054
0.23676 0.029394
0.20703 0.037291
0.25326 0.021366
0.21633 0.035758
0.16846 0.039623
0.25812 0.027146
0.21154 0.038208
0.26699 0.028941
0.23189 0.036417
0.26731 0.033593
0.2526 0.03565
0.27702 0.0222
0.18034 0.040737
0.13628 0.03548
0.19975 0.038999
0.28022 0.02275
0.22274 0.037682
0.27819 0.032066
0.25739 0.036944
0.21461 0.038841
0.25223 0.03804
0.29714 0.021932
0.26089 0.037262
0.28749 0.030871
0.26296 0.037517
0.26207 0.037416
0.31311 0.025422
0.26694 0.038351
0.30171 0.030063
0.28022 0.03658
0.26697 0.03836
0.26269 0.03763
0.33473 0.027423
0.28277 0.035878
0.33681 0.028982
0.28303 0.036528
0.12752 0.037065
0.34431 0.027471
0.10628 0.038074
0.34657 0.028461
0.30694 0.034151
0.11019 0.03809
0.10132 0.037598
0.34285 0.037139
0.075569 0.032168
0.35077 0.034103
0.31406 0.035515
0.083713 0.036591
0.058117 0.030067
0.35303 0.035416
0.043464 0.030701
0.35959 0.027895
0.043778 0.032999
0.041213 0.032034
0.35641 0.038739
0.048616 0.033599
0.35765 0.039139
0.16458 0.040377
0.052887 0.033932
0.36164 0.037497
0.082829 0.037077
0.36855 0.031252
0.073868 0.033812
0.0532 0.034172
0.36316 0.03915
0.051366 0.034363
0.37215 0.029517
0.051266 0.034391
0.051259 0.034366
0.050974 0.034379
0.36871 0.039506
0.074473 0.034829
0.30342 0.037663
0.055151 0.034504
0.051753 0.034398
0.37321 0.038259
0.22327 0.038502
0.37999 0.033246
0.078942 0.036602
0.12182 0.037993
0.24143 0.038729
0.38732 0.023759
0.33599 0.039441
0.40492 0.022296
0.39776 0.02736
0.33148 0.036948
0.39369 0.033788
0.35266 0.040512
0.40013 0.036235
0.31179 0.036695
0.13119 0.036934
0.40121 0.036262
0.42505 0.026103
0.40235 0.036676
0.37109 0.039554
0.43937 0.032916
0.42546 0.02875
0.41096 0.031593
0.4362 0.033068
0.42184 0.031018
0.39423 0.038832
0.45017 0.020433
0.44536 0.021583
0.52207 0.020085
0.5295 0.0202
0.40722 0.024827
0.50626 0.02344
0.41335 0.024581
0.5023 0.025164
0.41327 0.024617
0.41254 0.02531
0.46205 0.025754
0.50665 0.027591
0.4501 0.029479
0.47266 0.024269
0.50139 0.026565
0.52718 0.021623
0.43565 0.03637
0.49276 0.02694
0.5133 0.02541
0.51126 0.027412
0.44368 0.037028
0.47085 0.029122
0.52284 0.022773
0.52507 0.023763
0.4638 0.034942
0.51765 0.026213
0.54424 0.021709
0.54651 0.026395
0.56268 0.021516
0.5779 0.028713
0.5479 0.029266
0.5827 0.029425
0.53495 0.037054
0.57692 0.030574
0.53856 0.02487
0.5119 0.038331
0.57653 0.030531
0.56189 0.03035
0.53802 0.027027
0.53485 0.021816
0.56226 0.031086
0.54414 0.037972
0.4661 0.038934
0.45363 0.040314
0.54628 0.037861
0.43452 0.040557
0.53309 0.02233
0.47211 0.035743
0.42199 0.039407
0.41823 0.039851
0.53649 0.02614
0.59516 0.021527
0.58857 0.030333
0.61061 0.028607
0.61535 0.039676
0.59681 0.033391
0.61436 0.039514
0.58287 0.031188
0.59576 0.035049
0.65572 0.039242
0.59142 0.03411
0.59438 0.036035
0.68639 0.03724
0.78909 0.037925
0.55786 0.034664
0.57747 0.038413
0.66086 0.039217
0.60117 0.039091
0.49233 0.036929
0.44035 0.040162
0.60516 0.039373
0.61143 0.022273
0.62602 0.039285
0.62309 0.028683
0.70705 0.036486
0.6634 0.038468
0.89451 0.038649
0.67744 0.03839
0.77127 0.038071
0.77212 0.038353
0.66046 0.039235
0.62381 0.039712
0.63778 0.038556
0.81714 0.038651
0.6508 0.03898
0.93252 0.035418
0.91891 0.038558
0.93555 0.034961
0.66906 0.035144
0.89152 0.038592
0.70464 0.03595
0.95251 0.034574
0.94367 0.034526
0.95299 0.034604
0.63532 0.035312
0.95481 0.034693
0.69165 0.032555
0.78731 0.038176
0.9551 0.034704
0.67359 0.032955
0.83329 0.039391
0.70348 0.033752
0.9523 0.034466
0.95133 0.034368
0.63456 0.026429
0.82804 0.038341
0.72535 0.036579
0.94662 0.033807
0.94777 0.034199
0.94643 0.033832
0.63951 0.023071
0.94402 0.033546
0.70371 0.031326
0.93326 0.0334
0.94134 0.033551
0.93436 0.033331
0.65691 0.026188
0.75356 0.036824
0.69505 0.02877
0.89355 0.036483
0.91749 0.037962
0.68126 0.026638
0.73558 0.036188
0.67244 0.024194
0.76626 0.035428
0.88915 0.038759
0.87845 0.03843
0.68319 0.023808
0.86021 0.038446
0.73534 0.034497
0.78402 0.037982
0.70284 0.0242
0.78503 0.037819
0.74661 0.034275
0.82663 0.036483
0.82317 0.036018
0.71684 0.024871
0.83219 0.038672
0.72416 0.02519
0.84656 0.039671
0.83147 0.038336
0.84786 0.03855
0.73324 0.026799
0.86109 0.038367
0.74613 0.028251
0.86907 0.039841
0.86801 0.039697
0.74462 0.023621
0.87855 0.037817
0.7573 0.024235
0.79658 0.034583
0.87558 0.039116
0.87869 0.034386
0.77019 0.026048
0.88307 0.031499
0.77749 0.027612
0.8086 0.032816
0.88627 0.031703
0.89525 0.034129
0.78038 0.024778
0.89952 0.035288
0.78818 0.024751
0.90615 0.033947
0.90002 0.035006
0.91088 0.032764
0.79795 0.021531
0.91444 0.032974
0.82167 0.026601
0.92093 0.031895
0.92245 0.031533
0.82547 0.023253
0.88735 0.026132
0.82967 0.023564
0.94191 0.030136
0.93644 0.029307
0.94684 0.030434
0.83659 0.022099
0.95723 0.032226
0.8603 0.025073
0.95871 0.031727
0.95738 0.032224
0.86869 0.022087
0.9133 0.026399
0.89936 0.02464
0.91813 0.02598
0.96139 0.030937
0.96336 0.03109
0.90445 0.022735
0.96997 0.031141
0.92872 0.023217
0.97098 0.031056
0.96997 0.03114
0.97078 0.031071
0.95584 0.022613
0.97517 0.031007
0.96956 0.022393
0.97279 0.025748
0.97406 0.031004
0.97715 0.030891
