340
0.025005 0.02041
0.042531 0.023056
0.086708 0.021011
0.034561 0.027009
0.042321 0.027064
0.10737 0.020448
0.098048 0.024282
0.1216 0.023553
0.067101 0.027948
0.0515 0.027228
0.059795 0.027651
0.1528 0.022311
0.07174 0.028847
0.16764 0.022421
0.077629 0.032234
0.07556 0.030562
0.077842 0.032397
0.17979 0.022304
0.091013 0.032373
0.18407 0.024903
0.10989 0.034285
0.11985 0.031298
0.189 0.027004
0.14408 0.031933
0.1978 0.027583
0.14734 0.033118
0.1439 0.031915
0.14639 0.0326
0.19688 0.030544
0.14776 0.033457
0.21273 0.025853
0.15082 0.034201
0.14771 0.033436
0.15141 0.034532
0.20849 0.031123
0.19661 0.03512
0.23041 0.021747
0.15629 0.035823
0.15623 0.03508
0.15693 0.035447
0.23543 0.028932
0.20458 0.036862
0.2517 0.021428
0.21358 0.035203
0.1583 0.036537
0.25636 0.027497
0.20905 0.03792
0.26478 0.029444
0.23014 0.03507
0.26507 0.034361
0.25106 0.036347
0.27424 0.02233
0.17534 0.037235
0.12617 0.036455
0.19763 0.037898
0.27726 0.022913
0.22019 0.03659
0.27534 0.032781
0.25566 0.037765
0.21207 0.038302
0.25071 0.038838
0.29323 0.022055
0.25902 0.038148
0.28413 0.031518
0.26097 0.038446
0.26013 0.038327
0.30819 0.025755
0.26472 0.039384
0.29753 0.030721
0.27726 0.037564
0.26476 0.039393
0.26071 0.038561
0.32936 0.027273
0.27968 0.036821
0.33145 0.028732
0.27992 0.03751
0.11798 0.038355
0.33926 0.027052
0.097627 0.038359
0.34172 0.027915
0.30239 0.035104
0.10202 0.038345
0.092451 0.037922
0.33709 0.036294
0.068203 0.032656
0.34619 0.033054
0.30901 0.036419
0.075668 0.037428
0.052472 0.031689
0.34869 0.034337
0.040161 0.032579
0.35587 0.02742
0.040277 0.035288
0.038227 0.034103
0.35255 0.037533
0.044215 0.036101
0.35399 0.037945
0.15252 0.038127
0.04768 0.036662
0.35834 0.036506
0.074784 0.037907
0.36531 0.030733
0.066269 0.034532
0.047911 0.036945
0.36005 0.038106
0.046394 0.037126
0.36897 0.029094
0.04631 0.037152
0.046307 0.037121
0.046074 0.037115
0.36605 0.038558
0.066735 0.03555
0.2991 0.038829
0.049469 0.037227
0.046706 0.037193
0.37078 0.037402
0.22079 0.037317
0.37753 0.032396
0.07105 0.037297
0.11311 0.039211
0.24035 0.03841
0.38514 0.023449
0.32983 0.038994
0.40454 0.022079
0.39664 0.026676
0.32563 0.036831
0.39258 0.032522
0.34821 0.039047
0.39998 0.034717
0.30688 0.037791
0.12127 0.038296
0.40115 0.034735
0.42681 0.025456
0.40245 0.035105
0.36862 0.038655
0.44299 0.031575
0.42728 0.02782
0.41145 0.030509
0.43947 0.031667
0.42319 0.029886
0.39371 0.037101
0.45492 0.020391
0.44959 0.021429
0.52422 0.020089
0.53099 0.02022
0.40708 0.024368
0.50846 0.023458
0.41386 0.024142
0.5044 0.025414
0.41377 0.024175
0.41296 0.024805
0.4679 0.025488
0.50885 0.027601
0.45484 0.028557
0.47857 0.024522
0.50347 0.026948
0.52888 0.021761
0.43892 0.034607
0.49581 0.027991
0.51566 0.025446
0.51357 0.027377
0.44791 0.035344
0.47675 0.029493
0.52492 0.022941
0.52695 0.024039
0.47012 0.034383
0.52012 0.02641
0.54449 0.021846
0.5466 0.02689
0.56185 0.021545
0.57731 0.028446
0.5479 0.029966
0.58228 0.029044
0.53639 0.038635
0.57631 0.030272
0.53924 0.025298
0.51482 0.038369
0.57592 0.030238
0.56104 0.030584
0.53875 0.027649
0.53586 0.021985
0.56142 0.031318
0.54464 0.03942
0.47295 0.03854
0.45916 0.038721
0.5466 0.03925
0.43776 0.038309
0.53426 0.022552
0.47885 0.036754
0.4239 0.03757
0.42016 0.038074
0.53736 0.026696
0.59548 0.021454
0.5885 0.029791
0.61149 0.028398
0.61637 0.039437
0.59722 0.03278
0.61534 0.039226
0.58246 0.030732
0.5961 0.034339
0.65573 0.039868
0.59151 0.033356
0.59465 0.035247
0.68614 0.036939
0.79061 0.038467
0.55724 0.035249
0.57688 0.037866
0.66069 0.039702
0.60179 0.038339
0.49518 0.039553
0.44423 0.038096
0.60589 0.038722
0.61234 0.022222
0.62699 0.039581
0.62413 0.028751
0.70743 0.035862
0.6632 0.038867
0.90273 0.038561
0.67708 0.038368
0.77321 0.038386
0.77405 0.038685
0.66029 0.039732
0.62483 0.039903
0.63847 0.039138
0.81884 0.03778
0.651 0.03973
0.94107 0.036604
0.92701 0.038833
0.94396 0.036596
0.66879 0.03535
0.89948 0.038554
0.70493 0.035377
0.95769 0.037782
0.95061 0.037297
0.95806 0.037815
0.63606 0.035763
0.95952 0.037907
0.69154 0.032234
0.78888 0.038699
0.95975 0.037918
0.67327 0.03303
0.8352 0.037573
0.70371 0.033271
0.95751 0.037652
0.95673 0.03754
0.63533 0.026615
0.82997 0.037192
0.72649 0.035933
0.95291 0.036762
0.95387 0.037334
0.95277 0.036777
0.64015 0.023171
0.95079 0.036162
0.70396 0.030928
0.94157 0.034511
0.94864 0.035805
0.94263 0.034593
0.65687 0.026379
0.75557 0.036602
0.69502 0.028522
0.90157 0.036401
0.92555 0.038242
0.68089 0.026584
0.73713 0.035649
0.67213 0.024228
0.76828 0.035586
0.89717 0.038722
0.88663 0.037811
0.68286 0.023764
0.86647 0.037201
0.73688 0.034012
0.78569 0.038457
0.70305 0.024055
0.78667 0.038303
0.74846 0.03394
0.82865 0.035568
0.82511 0.035179
0.71764 0.024678
0.83416 0.037007
0.72525 0.024987
0.85088 0.036541
0.83347 0.036759
0.85258 0.035971
0.7347 0.026559
0.86743 0.037213
0.74798 0.028053
0.87608 0.038608
0.87493 0.03842
0.74644 0.02353
0.88672 0.03722
0.75939 0.024208
0.79789 0.034679
0.88332 0.038329
0.8868 0.033895
0.77215 0.026149
0.89109 0.031232
0.77934 0.027778
0.81013 0.032353
0.89427 0.031484
0.90349 0.034005
0.78216 0.024893
0.90772 0.035124
0.78973 0.02489
0.91437 0.034077
0.90822 0.034837
0.91914 0.032946
0.79922 0.021533
0.92269 0.033175
0.82381 0.026263
0.92888 0.032096
0.93041 0.031734
0.82785 0.023075
0.89527 0.02605
0.83231 0.02327
0.94871 0.03184
0.94408 0.030351
0.95278 0.032664
0.83972 0.021851
0.96134 0.034883
0.86697 0.024742
0.96249 0.034264
0.96145 0.034878
0.87588 0.021951
0.9215 0.026498
0.90755 0.02457
0.92601 0.026076
0.96465 0.033287
0.96628 0.03346
0.91264 0.02271
0.97173 0.033466
0.93659 0.023322
0.97256 0.033364
0.97173 0.033465
0.9724 0.033381
0.96008 0.023183
0.97602 0.033304
0.97136 0.022893
0.97403 0.026948
0.9751 0.0333
0.97765 0.033164
