340
0.0241 0.020501
0.038512 0.023579
0.082497 0.020904
0.031927 0.028447
0.038331 0.028279
0.10518 0.020429
0.095347 0.023919
0.11977 0.023536
0.061089 0.027768
0.04644 0.028173
0.053789 0.028052
0.15068 0.022317
0.066101 0.028266
0.16551 0.022415
0.072463 0.031193
0.070227 0.029714
0.072694 0.031336
0.17771 0.022292
0.087375 0.030963
0.182 0.024875
0.10777 0.033852
0.11802 0.031203
0.18698 0.026957
0.14198 0.032011
0.19584 0.027533
0.14523 0.033181
0.1418 0.031994
0.14428 0.032667
0.19491 0.030473
0.14565 0.033517
0.21086 0.02582
0.14869 0.034245
0.1456 0.033497
0.14928 0.034576
0.20659 0.031055
0.19464 0.035019
0.22859 0.021745
0.15415 0.035845
0.15409 0.035102
0.15479 0.035466
0.23361 0.028951
0.20266 0.036755
0.24977 0.021444
0.21172 0.035122
0.15615 0.036549
0.25438 0.027588
0.20716 0.03781
0.26269 0.02957
0.22832 0.035058
0.26298 0.034554
0.24914 0.036533
0.27202 0.022364
0.17324 0.037161
0.12428 0.036535
0.19567 0.037779
0.27499 0.022956
0.21837 0.036532
0.2731 0.032969
0.25368 0.037979
0.21019 0.038197
0.24879 0.03905
0.29072 0.022088
0.257 0.038375
0.28176 0.031697
0.25893 0.038682
0.2581 0.038559
0.30547 0.025827
0.26263 0.039643
0.29494 0.030881
0.275 0.037826
0.26267 0.039652
0.25868 0.038798
0.32653 0.027243
0.27738 0.037076
0.32863 0.028679
0.27762 0.037776
0.1161 0.038126
0.33648 0.026953
0.09487 0.036766
0.33897 0.027783
0.29973 0.035314
0.099678 0.037125
0.089005 0.035949
0.33431 0.036101
0.062279 0.032227
0.34356 0.032778
0.30628 0.036624
0.070344 0.036025
0.047301 0.033135
0.34613 0.033997
0.036514 0.034859
0.3535 0.027196
0.03661 0.038051
0.03493 0.036775
0.35009 0.037051
0.039986 0.038738
0.35157 0.037431
0.1504 0.038177
0.043056 0.039142
0.35604 0.035975
0.06939 0.036504
0.36327 0.030327
0.060189 0.034326
0.04326 0.03945
0.35779 0.037499
0.041916 0.03977
0.36709 0.028723
0.041842 0.039806
0.04184 0.03977
0.041633 0.03978
0.36404 0.037845
0.060693 0.035254
0.29649 0.039104
0.044641 0.03966
0.042193 0.039825
0.36898 0.036667
0.21897 0.037259
0.37603 0.03182
0.065355 0.036244
0.11108 0.038773
0.23854 0.038504
0.38403 0.023273
0.327 0.038907
0.40449 0.021986
0.39619 0.026342
0.32277 0.036817
0.3919 0.031862
0.34564 0.038604
0.39972 0.034013
0.30417 0.03802
0.11945 0.038197
0.40095 0.034043
0.42764 0.025278
0.40231 0.034408
0.36672 0.037901
0.44428 0.03133
0.42812 0.027566
0.41169 0.030084
0.4407 0.031389
0.4239 0.029545
0.3931 0.036212
0.45641 0.020386
0.45099 0.021405
0.52622 0.02009
0.53293 0.020222
0.40713 0.02418
0.51038 0.023421
0.41421 0.023979
0.50627 0.025356
0.41411 0.024011
0.41327 0.024614
0.46948 0.025471
0.51078 0.027519
0.45633 0.02845
0.48018 0.024495
0.50533 0.026874
0.53084 0.021774
0.44014 0.034253
0.49759 0.027907
0.51766 0.025419
0.51555 0.027325
0.44928 0.035075
0.47836 0.029444
0.52691 0.022952
0.52893 0.024062
0.47171 0.034349
0.52215 0.026405
0.54623 0.021887
0.54829 0.027055
0.56314 0.021587
0.5782 0.028667
0.54956 0.030216
0.58304 0.029275
0.53829 0.038906
0.57723 0.030541
0.54112 0.025388
0.51681 0.038262
0.57684 0.030508
0.56236 0.030867
0.54064 0.027777
0.53777 0.022013
0.56273 0.031622
0.54638 0.039849
0.47455 0.038474
0.46072 0.038544
0.54829 0.03971
0.43894 0.037849
0.53618 0.022584
0.48045 0.036652
0.42463 0.03697
0.42077 0.037423
0.53925 0.026799
0.59592 0.021495
0.58911 0.030034
0.61142 0.028622
0.61522 0.039464
0.59754 0.033153
0.61429 0.039362
0.58321 0.031006
0.59641 0.034748
0.65693 0.040315
0.59198 0.033701
0.59498 0.035669
0.68657 0.036965
0.791 0.038656
0.55865 0.035657
0.57777 0.038334
0.6616 0.040069
0.60171 0.038922
0.49695 0.039347
0.44554 0.037729
0.60551 0.039361
0.61224 0.022271
0.62689 0.038392
0.6241 0.028355
0.7079 0.035799
0.66403 0.039174
0.90628 0.038073
0.67757 0.038483
0.77376 0.038523
0.77459 0.038826
0.66122 0.040106
0.62428 0.038951
0.64059 0.038634
0.8191 0.03764
0.65251 0.040269
0.94448 0.037579
0.93081 0.039084
0.94714 0.037733
0.66942 0.035516
0.90295 0.03804
0.70538 0.035324
0.9598 0.039451
0.95328 0.038795
0.96015 0.039494
0.63745 0.03512
0.96149 0.039622
0.69196 0.032226
0.78929 0.038892
0.9617 0.039639
0.67379 0.033137
0.83577 0.037028
0.70416 0.033229
0.95964 0.039306
0.95892 0.039169
0.63622 0.026311
0.83043 0.036843
0.72704 0.035861
0.9554 0.038253
0.95628 0.038893
0.95527 0.038266
0.64134 0.023108
0.95345 0.037564
0.70441 0.030892
0.94494 0.035388
0.95146 0.037126
0.94593 0.035527
0.65757 0.026523
0.7562 0.036618
0.69545 0.02851
0.90509 0.035961
0.92937 0.038431
0.68131 0.026612
0.73773 0.035596
0.67263 0.024265
0.76886 0.035682
0.90059 0.038185
0.88969 0.037211
0.68329 0.023776
0.86871 0.036418
0.73748 0.033964
0.78614 0.038638
0.7035 0.024042
0.7871 0.038485
0.74909 0.033918
0.82909 0.035275
0.82547 0.034954
0.71815 0.024657
0.83471 0.036515
0.72579 0.024965
0.85225 0.035558
0.834 0.036298
0.85406 0.035047
0.73529 0.026534
0.86971 0.036444
0.7486 0.02804
0.87875 0.037881
0.87755 0.03769
0.74706 0.023523
0.88978 0.036641
0.76003 0.024219
0.7982 0.034783
0.88626 0.03768
0.88986 0.033428
0.7727 0.026193
0.8943 0.03088
0.77985 0.027845
0.81041 0.032375
0.89759 0.03114
0.90706 0.033642
0.78264 0.024937
0.91139 0.034763
0.79013 0.024942
0.91821 0.033906
0.91191 0.034489
0.92305 0.032913
0.79952 0.021543
0.92655 0.033235
0.82414 0.026179
0.93265 0.03231
0.93416 0.031998
0.82826 0.02302
0.89862 0.025871
0.83282 0.023188
0.95153 0.032833
0.94726 0.031064
0.95528 0.033788
0.84038 0.021776
0.96313 0.036336
0.86924 0.024528
0.96417 0.035674
0.96323 0.036333
0.87854 0.021875
0.92538 0.026513
0.91122 0.02446
0.92983 0.026144
0.96613 0.03463
0.96759 0.034843
0.91644 0.022667
0.97252 0.034895
0.94025 0.023467
0.97328 0.034782
0.97253 0.034894
0.97313 0.034802
0.96199 0.023489
0.9764 0.034716
0.97219 0.023201
0.97461 0.027686
0.97557 0.034712
0.97788 0.034562
