340
0.02572 0.020359
0.045842 0.022644
0.0906 0.021103
0.036642 0.026103
0.045598 0.026112
0.11016 0.020446
0.10096 0.024504
0.12457 0.023617
0.072362 0.028323
0.056231 0.026442
0.065465 0.027442
0.15487 0.02235
0.076741 0.029441
0.16941 0.022479
0.082301 0.033169
0.080377 0.031335
0.082495 0.033349
0.18128 0.022347
0.094257 0.03352
0.18549 0.024983
0.11239 0.033997
0.12285 0.031433
0.19036 0.027097
0.14628 0.032174
0.19905 0.027674
0.14949 0.033323
0.1461 0.032159
0.14855 0.032814
0.19814 0.030672
0.14991 0.033659
0.21382 0.025909
0.15291 0.034426
0.14985 0.033639
0.1535 0.034766
0.20962 0.031241
0.19787 0.035304
0.23137 0.021755
0.1583 0.036116
0.15824 0.035359
0.15894 0.035739
0.23636 0.028938
0.20575 0.037049
0.25274 0.021411
0.21466 0.035346
0.16029 0.036861
0.25745 0.027401
0.21018 0.038108
0.26599 0.029301
0.23109 0.035145
0.26629 0.034142
0.2521 0.036164
0.27561 0.022288
0.17693 0.037602
0.12877 0.037004
0.19888 0.038113
0.27868 0.022858
0.22121 0.03672
0.27673 0.032549
0.25674 0.037542
0.21316 0.038482
0.25174 0.038629
0.295 0.022011
0.26014 0.037902
0.2857 0.03128
0.26212 0.038186
0.26127 0.038073
0.31028 0.025638
0.26594 0.03909
0.29939 0.030493
0.27869 0.037235
0.26597 0.039099
0.26186 0.038301
0.33175 0.027226
0.28115 0.036495
0.33385 0.028689
0.28139 0.037169
0.12061 0.038437
0.3417 0.027062
0.099486 0.039336
0.34414 0.027941
0.30436 0.034791
0.10353 0.038849
0.095037 0.03942
0.33953 0.036288
0.073669 0.033379
0.34857 0.033145
0.31112 0.036091
0.080623 0.038709
0.057518 0.03053
0.35105 0.034467
0.043203 0.030903
0.35817 0.027544
0.043509 0.033247
0.041005 0.032242
0.35488 0.037764
0.048232 0.033906
0.3563 0.038208
0.15459 0.038429
0.052402 0.034369
0.36061 0.036826
0.079858 0.039205
0.36739 0.031021
0.072045 0.035104
0.052708 0.034629
0.36228 0.038491
0.050916 0.034753
0.37093 0.029379
0.050818 0.034778
0.050812 0.034752
0.050533 0.034753
0.36811 0.039071
0.072559 0.036247
0.301 0.038432
0.054611 0.03505
0.051294 0.034805
0.37269 0.038023
0.2218 0.03745
0.37924 0.033052
0.076541 0.038448
0.11538 0.038962
0.24127 0.038348
0.38634 0.023698
0.33222 0.038876
0.4043 0.02223
0.39695 0.027199
0.32799 0.036677
0.3932 0.033541
0.35058 0.039211
0.40003 0.035835
0.30894 0.037429
0.12396 0.038592
0.40113 0.035842
0.42538 0.025646
0.40235 0.036225
0.37059 0.039228
0.44121 0.031651
0.42583 0.028084
0.41076 0.031205
0.43771 0.03181
0.42185 0.030303
0.39425 0.038477
0.45321 0.020387
0.44785 0.021423
0.52194 0.02009
0.52906 0.020209
0.40668 0.024677
0.50733 0.023787
0.41302 0.024395
0.50369 0.025756
0.41294 0.024431
0.41218 0.025108
0.4664 0.025375
0.50769 0.028346
0.45313 0.028472
0.47732 0.02438
0.50285 0.027338
0.52684 0.021705
0.43718 0.034799
0.49533 0.027965
0.5138 0.025843
0.51193 0.028038
0.44616 0.03532
0.47546 0.029215
0.52267 0.022939
0.52481 0.023971
0.46875 0.03406
0.51781 0.026654
0.54326 0.021757
0.54547 0.026561
0.56141 0.021501
0.57712 0.028361
0.54684 0.029492
0.58214 0.028987
0.53428 0.037712
0.57611 0.03016
0.53774 0.025039
0.51268 0.039851
0.57571 0.030125
0.5606 0.030265
0.53722 0.027275
0.53418 0.021887
0.56098 0.030985
0.54315 0.038485
0.47175 0.038079
0.45749 0.038468
0.54525 0.038329
0.43604 0.038584
0.5325 0.022425
0.4778 0.036216
0.42254 0.038285
0.41892 0.038949
0.53575 0.026367
0.59534 0.021455
0.58836 0.029776
0.6113 0.02843
0.61616 0.039493
0.59708 0.032796
0.61514 0.039286
0.58231 0.030666
0.59596 0.034353
0.65561 0.03976
0.59137 0.033355
0.59451 0.035257
0.68606 0.037018
0.79017 0.038187
0.55659 0.034697
0.57668 0.03768
0.6606 0.039618
0.60165 0.038381
0.49559 0.039438
0.44245 0.038177
0.60573 0.038782
0.61215 0.022231
0.62677 0.039594
0.62391 0.028762
0.70719 0.036018
0.66312 0.038797
0.90209 0.040098
0.67703 0.038384
0.77258 0.038281
0.77342 0.03857
0.66021 0.039645
0.62461 0.039925
0.63825 0.039084
0.81947 0.03719
0.65086 0.039601
0.93604 0.035925
0.92156 0.039938
0.93917 0.035634
0.66872 0.035313
0.89908 0.039498
0.70471 0.035521
0.95456 0.035824
0.94663 0.035631
0.95498 0.035846
0.63584 0.035732
0.95662 0.035899
0.69142 0.032315
0.78841 0.038437
0.95688 0.035904
0.67321 0.033021
0.83687 0.03822
0.7035 0.033391
0.95436 0.035712
0.95349 0.035628
0.63511 0.026603
0.83123 0.036796
0.72606 0.036094
0.94921 0.035012
0.95028 0.035501
0.94905 0.03503
0.63993 0.02316
0.94685 0.034591
0.70375 0.031028
0.93663 0.033874
0.94443 0.034457
0.93776 0.033861
0.65676 0.026346
0.75491 0.03665
0.69488 0.028585
0.90093 0.03757
0.92011 0.039522
0.68084 0.026601
0.73659 0.035782
0.67207 0.024223
0.76763 0.035536
0.89655 0.039236
0.88496 0.037229
0.6828 0.023776
0.86307 0.037563
0.73634 0.034131
0.78518 0.03823
0.70285 0.024091
0.78617 0.038068
0.74784 0.034022
0.82972 0.035106
0.82598 0.03471
0.71729 0.024726
0.8357 0.037425
0.72482 0.025038
0.84985 0.040013
0.83494 0.037035
0.85113 0.038991
0.73418 0.026618
0.86412 0.037374
0.74736 0.028102
0.87349 0.037921
0.87225 0.037732
0.74583 0.023552
0.88504 0.036658
0.75871 0.024213
0.79755 0.034339
0.88138 0.037705
0.88501 0.033442
0.77151 0.026117
0.88939 0.030891
0.77873 0.027709
0.81024 0.031905
0.89273 0.031448
0.90222 0.035244
0.78159 0.024841
0.90574 0.037079
0.78927 0.02482
0.91102 0.036265
0.90612 0.036826
0.9149 0.034483
0.7989 0.021496
0.91785 0.034384
0.82437 0.026068
0.92399 0.032615
0.92554 0.032099
0.82853 0.022984
0.89364 0.026087
0.83313 0.023276
0.94458 0.030825
0.93944 0.029742
0.94912 0.031344
0.84069 0.022015
0.95868 0.033183
0.86431 0.024805
0.95999 0.032616
0.95881 0.033177
0.87358 0.021879
0.91709 0.02715
0.90518 0.025147
0.92133 0.026469
0.96247 0.031719
0.96432 0.031847
0.90952 0.023163
0.97055 0.031788
0.9318 0.023271
0.9715 0.031699
0.97055 0.031787
0.97131 0.031714
0.95727 0.022824
0.97545 0.031646
0.97013 0.022533
0.97318 0.026082
0.9744 0.031643
0.97732 0.031524
