340
0.024184 0.020491
0.039474 0.023199
0.085058 0.020916
0.032081 0.028021
0.039132 0.02741
0.10724 0.020365
0.097544 0.024019
0.12801 0.022874
0.064939 0.028086
0.04847 0.02696
0.057784 0.027156
0.16267 0.022045
0.069669 0.028907
0.17792 0.022325
0.077048 0.031494
0.074213 0.030329
0.077325 0.031582
0.19032 0.022066
0.093363 0.031655
0.19624 0.023821
0.11467 0.030207
0.1285 0.028934
0.20187 0.025278
0.15371 0.030044
0.21404 0.025364
0.15859 0.031004
0.15353 0.030016
0.15691 0.030635
0.21213 0.027594
0.15941 0.031265
0.23796 0.023742
0.16393 0.032142
0.15932 0.031247
0.16481 0.032472
0.23027 0.027061
0.21312 0.030437
0.26261 0.021188
0.17017 0.034172
0.1696 0.033552
0.17048 0.033945
0.26968 0.025107
0.22515 0.030143
0.29966 0.021025
0.24631 0.028763
0.17262 0.035058
0.30523 0.025959
0.23626 0.030427
0.31595 0.02729
0.27188 0.028623
0.31736 0.030979
0.3016 0.03083
0.32846 0.021872
0.18967 0.03704
0.14568 0.033767
0.2189 0.033346
0.33257 0.022592
0.26066 0.030149
0.33052 0.030632
0.30842 0.033725
0.24835 0.030606
0.30307 0.032748
0.34761 0.022125
0.31294 0.03472
0.33936 0.031341
0.31519 0.035222
0.31425 0.035033
0.36225 0.025888
0.31902 0.035951
0.35131 0.030789
0.3341 0.0362
0.31906 0.035966
0.31514 0.03556
0.38282 0.026382
0.33606 0.035949
0.38548 0.027553
0.33676 0.038683
0.13927 0.034479
0.39569 0.026259
0.10788 0.037254
0.39845 0.027152
0.3568 0.034356
0.11131 0.037169
0.10112 0.03731
0.39295 0.033612
0.067758 0.032558
0.40361 0.032234
0.36387 0.036044
0.078878 0.036538
0.048589 0.031233
0.40563 0.034021
0.036139 0.033564
0.41321 0.027477
0.036189 0.036662
0.034433 0.035655
0.41009 0.038138
0.039581 0.037159
0.41188 0.038912
0.17135 0.038104
0.042453 0.037403
0.41609 0.036035
0.078717 0.037545
0.42216 0.030441
0.066301 0.033915
0.042656 0.03783
0.41796 0.038768
0.041261 0.038352
0.42661 0.030014
0.041188 0.038416
0.041187 0.038364
0.04099 0.038409
0.42477 0.038954
0.067314 0.034867
0.35142 0.04046
0.044337 0.03822
0.041526 0.038401
0.43279 0.040698
0.26808 0.031393
0.4361 0.038329
0.074523 0.037236
0.12993 0.035752
0.28777 0.032127
0.43728 0.02646
0.3888 0.043015
0.44857 0.023344
0.44364 0.031419
0.387 0.042572
0.44286 0.042988
0.40509 0.042019
0.44769 0.043814
0.36116 0.040574
0.14861 0.036749
0.4486 0.043271
0.46056 0.035282
0.44967 0.04369
0.43024 0.041885
0.47474 0.048181
0.4634 0.041493
0.45656 0.041154
0.4721 0.047585
0.46313 0.044865
0.4791 0.080585
0.46932 0.02093
0.46758 0.023605
0.50535 0.020133
0.51004 0.020292
0.45034 0.027686
0.49495 0.024852
0.45431 0.02922
0.49173 0.027919
0.45427 0.029268
0.4541 0.03041
0.47643 0.031273
0.49573 0.030688
0.4749 0.040563
0.48181 0.033067
0.49124 0.030337
0.50863 0.022516
0.48153 0.05396
0.48888 0.035411
0.50001 0.028134
0.49928 0.030883
0.48883 0.057323
0.48895 0.04617
0.50585 0.024358
0.50731 0.025915
0.48879 0.050203
0.50284 0.029645
0.52189 0.022296
0.52433 0.028925
0.53248 0.022633
0.54175 0.031265
0.52641 0.033558
0.54461 0.032165
0.52091 0.045104
0.53972 0.03423
0.51618 0.026284
0.51126 0.049206
0.53946 0.034245
0.53256 0.040774
0.516 0.02905
0.51333 0.022424
0.53232 0.042715
0.52401 0.051656
0.50068 0.06422
0.49723 0.067223
0.52314 0.05589
0.49407 0.070988
0.5122 0.023182
0.50173 0.061167
0.49141 0.073393
0.4913 0.075772
0.5145 0.028022
0.55703 0.02188
0.54805 0.033528
0.56483 0.032447
0.55702 0.043701
0.5515 0.036819
0.55605 0.043637
0.54317 0.034803
0.54893 0.039108
0.59386 0.043109
0.54664 0.038759
0.5465 0.04082
0.6338 0.038927
0.73621 0.03123
0.52594 0.053914
0.52747 0.055677
0.60177 0.039582
0.54343 0.045707
0.50626 0.065772
0.49589 0.071113
0.54438 0.04655
0.56891 0.023247
0.57444 0.04067
0.57576 0.02998
0.65412 0.03922
0.60554 0.03737
0.88207 0.033832
0.62603 0.038158
0.7188 0.03141
0.71982 0.031341
0.60128 0.039803
0.56994 0.042428
0.58258 0.042286
0.79201 0.034541
0.59015 0.042859
0.94036 0.034781
0.92005 0.036917
0.94391 0.034446
0.61436 0.033818
0.86318 0.036145
0.65203 0.03701
0.9588 0.038043
0.95119 0.0355
0.95922 0.038211
0.58455 0.037447
0.96055 0.038748
0.63932 0.034295
0.73669 0.030704
0.96078 0.038836
0.62175 0.03253
0.80668 0.035279
0.65096 0.034618
0.95861 0.03775
0.95763 0.037328
0.58738 0.027667
0.80253 0.034456
0.66706 0.039665
0.95364 0.034939
0.95449 0.036014
0.9535 0.03493
0.59203 0.023707
0.95166 0.033795
0.65125 0.032125
0.94166 0.03209
0.94962 0.032998
0.9429 0.032038
0.60608 0.026827
0.68662 0.03742
0.6434 0.029915
0.8849 0.032393
0.92017 0.035279
0.63186 0.027073
0.67483 0.039102
0.62258 0.024149
0.71473 0.029581
0.85732 0.036389
0.84668 0.038391
0.63333 0.024113
0.83268 0.038704
0.67626 0.035927
0.73942 0.029258
0.65049 0.024544
0.74169 0.029276
0.68516 0.033861
0.80333 0.032463
0.79962 0.032289
0.66332 0.025579
0.80837 0.032948
0.6691 0.025902
0.82541 0.035973
0.80774 0.032861
0.82681 0.036215
0.67768 0.027711
0.83492 0.037183
0.68893 0.028021
0.84427 0.036651
0.84277 0.036962
0.68727 0.023646
0.8537 0.034702
0.70232 0.023333
0.76161 0.029291
0.85007 0.035391
0.86722 0.031189
0.71943 0.023616
0.87804 0.030019
0.73399 0.023096
0.78247 0.028529
0.88072 0.029925
0.89147 0.030715
0.74104 0.022227
0.89873 0.030783
0.75743 0.022728
0.90838 0.030202
0.89967 0.030668
0.9153 0.03043
0.77099 0.021161
0.92017 0.030497
0.80168 0.025321
0.92765 0.030049
0.92949 0.029864
0.80637 0.022579
0.88489 0.025429
0.81202 0.022591
0.9507 0.02968
0.94547 0.028374
0.95474 0.031096
0.82287 0.021455
0.96345 0.035266
0.84925 0.023845
0.96478 0.035061
0.96357 0.035298
0.86414 0.02146
0.91874 0.025383
0.90057 0.023525
0.92436 0.025091
0.96693 0.034739
0.96831 0.035388
0.90729 0.022053
0.97298 0.036623
0.9358 0.022858
0.9737 0.036499
0.97298 0.036622
0.97355 0.03652
0.96371 0.02332
0.97663 0.036425
0.973 0.02357
0.97517 0.028578
0.97585 0.03642
0.97801 0.036252
