340
0.023911 0.020525
0.037876 0.023607
0.082187 0.020871
0.031377 0.028736
0.037695 0.028351
0.10522 0.020395
0.095145 0.023853
0.12153 0.023763
0.060071 0.027985
0.045768 0.028194
0.053268 0.028142
0.14846 0.022476
0.06501 0.028345
0.16104 0.022832
0.071639 0.030795
0.069303 0.029429
0.071876 0.030925
0.17174 0.022476
0.087484 0.030915
0.17617 0.025176
0.10879 0.032237
0.12064 0.031703
0.18074 0.027467
0.13945 0.033104
0.18866 0.028343
0.14307 0.034105
0.13926 0.033086
0.14199 0.033682
0.18817 0.031645
0.14356 0.034418
0.20276 0.026271
0.14709 0.03505
0.1435 0.034401
0.14773 0.035409
0.19898 0.031734
0.18926 0.036617
0.21878 0.022084
0.15215 0.037494
0.15203 0.036659
0.15265 0.037198
0.22299 0.03042
0.19688 0.037777
0.23737 0.021515
0.2057 0.036076
0.15394 0.038697
0.2417 0.027939
0.20152 0.038719
0.2496 0.030053
0.22037 0.037988
0.2502 0.035285
0.23684 0.037344
0.25855 0.022581
0.16807 0.03897
0.12628 0.039271
0.1909 0.039491
0.26128 0.023381
0.21207 0.037877
0.26025 0.034369
0.24106 0.038751
0.20515 0.039212
0.23652 0.039992
0.2738 0.022419
0.24443 0.039267
0.26766 0.034201
0.24642 0.039678
0.24556 0.039501
0.28816 0.026458
0.25025 0.04066
0.27789 0.031804
0.26319 0.040531
0.25029 0.040672
0.24616 0.039782
0.3063 0.02723
0.26516 0.039983
0.30833 0.028386
0.26557 0.040893
0.12069 0.038663
0.31718 0.026474
0.095612 0.036371
0.31999 0.027357
0.28398 0.036229
0.10015 0.036433
0.089811 0.035876
0.31569 0.034612
0.061135 0.032497
0.3264 0.032547
0.29044 0.038359
0.069391 0.035462
0.046249 0.03324
0.3297 0.034142
0.035556 0.035096
0.33434 0.027769
0.03554 0.03832
0.033899 0.03715
0.33492 0.037605
0.038701 0.038769
0.33649 0.038278
0.14923 0.039417
0.041643 0.038914
0.33982 0.037739
0.068359 0.035988
0.34353 0.03126
0.058822 0.03453
0.041828 0.039219
0.34207 0.039505
0.040461 0.039606
0.34654 0.029843
0.040384 0.039652
0.040384 0.039618
0.040174 0.039656
0.34747 0.039614
0.059281 0.03546
0.28188 0.040359
0.04319 0.039495
0.040737 0.039628
0.35156 0.038995
0.21284 0.038912
0.35641 0.035502
0.064072 0.036257
0.11387 0.037521
0.22742 0.040804
0.35989 0.024725
0.30747 0.038363
0.37453 0.022597
0.36819 0.028661
0.30312 0.037666
0.36613 0.036775
0.33167 0.038747
0.37135 0.03839
0.28894 0.039577
0.12336 0.039692
0.37223 0.038279
0.39288 0.025882
0.37322 0.038692
0.3497 0.03998
0.41064 0.029431
0.39332 0.028347
0.37999 0.033024
0.40612 0.02967
0.38939 0.031074
0.36785 0.043715
0.4256 0.020308
0.41966 0.021137
0.51417 0.020074
0.5228 0.02017
0.37662 0.025451
0.49559 0.022639
0.38221 0.025086
0.48992 0.023942
0.38213 0.02513
0.38146 0.025931
0.44234 0.024368
0.49612 0.025839
0.4255 0.026744
0.45542 0.023804
0.48864 0.025011
0.52018 0.021445
0.40458 0.032203
0.47764 0.025559
0.50465 0.024464
0.50206 0.025999
0.41685 0.032152
0.45269 0.028041
0.5151 0.022446
0.51777 0.023357
0.44347 0.031502
0.50932 0.025337
0.54172 0.021203
0.5451 0.024386
0.56893 0.020946
0.59646 0.025078
0.54728 0.026424
0.60342 0.02579
0.53014 0.034096
0.59356 0.026063
0.53362 0.023722
0.50439 0.035085
0.5929 0.026026
0.56707 0.026507
0.53287 0.025413
0.52887 0.021459
0.56739 0.02695
0.54229 0.033333
0.44408 0.035751
0.4291 0.035178
0.54526 0.033019
0.40205 0.03573
0.52688 0.021899
0.45185 0.033488
0.38835 0.039617
0.38559 0.041016
0.53087 0.024829
0.62344 0.020992
0.61183 0.026639
0.64425 0.028081
0.65231 0.038535
0.62234 0.028432
0.65121 0.03805
0.60246 0.026797
0.61975 0.029317
0.68642 0.041079
0.61375 0.028869
0.61722 0.029852
0.71479 0.039549
0.81021 0.041286
0.56078 0.029454
0.58898 0.030459
0.69102 0.040676
0.6267 0.031791
0.47068 0.033734
0.41088 0.03482
0.63424 0.032751
0.6451 0.022122
0.66268 0.038787
0.65698 0.028264
0.73112 0.039058
0.69311 0.039523
0.90894 0.04007
0.70739 0.039274
0.79213 0.037493
0.79316 0.037605
0.69068 0.040724
0.66074 0.040221
0.67253 0.041426
0.83194 0.039463
0.68251 0.04105
0.94708 0.039233
0.93447 0.039297
0.94906 0.039354
0.6987 0.035396
0.90641 0.040737
0.72925 0.038375
0.95947 0.040554
0.95416 0.040653
0.95974 0.040578
0.67036 0.037461
0.96079 0.040632
0.7196 0.035182
0.80926 0.040986
0.96096 0.040637
0.7034 0.033219
0.84466 0.039532
0.72869 0.035932
0.95936 0.040408
0.9588 0.040309
0.66873 0.027271
0.84116 0.039135
0.74566 0.039056
0.95594 0.039634
0.95664 0.040169
0.95583 0.039672
0.67257 0.023598
0.95436 0.039258
0.72932 0.033164
0.94732 0.036879
0.95271 0.038909
0.94807 0.037016
0.68788 0.026731
0.77273 0.037438
0.7231 0.030575
0.90815 0.038005
0.93284 0.038473
0.71171 0.027074
0.75392 0.038601
0.70241 0.024254
0.78621 0.03541
0.90455 0.040677
0.89581 0.038779
0.7133 0.024141
0.87515 0.038929
0.75467 0.036613
0.80667 0.039337
0.72923 0.024906
0.80758 0.039522
0.76545 0.034914
0.84036 0.037372
0.83737 0.037291
0.74203 0.025708
0.84399 0.038545
0.74792 0.026059
0.86089 0.037616
0.84352 0.0384
0.86279 0.037355
0.7557 0.027858
0.87599 0.038906
0.7675 0.028716
0.88468 0.038964
0.88349 0.039004
0.76597 0.023819
0.89582 0.038095
0.7784 0.024325
0.8146 0.040148
0.89222 0.038238
0.89553 0.034633
0.79118 0.025942
0.89972 0.03204
0.79857 0.027407
0.8227 0.035277
0.90211 0.03257
0.90973 0.035094
0.80156 0.024888
0.9135 0.035225
0.80941 0.025529
0.92016 0.033682
0.91398 0.034909
0.92568 0.032493
0.81653 0.022099
0.92944 0.032897
0.83661 0.02715
0.936 0.032677
0.93748 0.032567
0.84005 0.023467
0.90257 0.026647
0.8436 0.023619
0.95293 0.034259
0.94906 0.032197
0.95617 0.034863
0.85116 0.021959
0.96287 0.037117
0.8751 0.02529
0.96408 0.036382
0.96299 0.037109
0.88387 0.021978
0.92828 0.026315
0.91382 0.024622
0.93303 0.026183
0.9662 0.035215
0.96766 0.035372
0.91888 0.022689
0.97257 0.03533
0.94289 0.023827
0.97333 0.035215
0.97258 0.035329
0.97318 0.035235
0.96239 0.023682
0.97643 0.035147
0.97241 0.023292
0.97476 0.02791
0.9756 0.035143
0.9779 0.034988
