340
0.025121 0.020401
0.043334 0.02286
0.088297 0.021032
0.034899 0.026729
0.043106 0.026615
0.1076 0.020474
0.099171 0.024596
0.12169 0.023614
0.068995 0.028142
0.053041 0.026747
0.062025 0.027514
0.15232 0.022528
0.073421 0.029085
0.16462 0.022814
0.079486 0.032404
0.077282 0.030759
0.079711 0.032564
0.1757 0.022322
0.092711 0.033038
0.18028 0.024672
0.11011 0.034691
0.12013 0.031517
0.18557 0.026462
0.14409 0.032173
0.19522 0.026823
0.14775 0.033686
0.14389 0.032128
0.14665 0.033104
0.19438 0.029505
0.14827 0.034075
0.21219 0.025331
0.15166 0.035276
0.14821 0.034049
0.15231 0.035721
0.20758 0.02987
0.195 0.033592
0.2303 0.021845
0.15656 0.037856
0.15638 0.03701
0.15699 0.037528
0.23499 0.02923
0.20446 0.034863
0.25135 0.021379
0.21514 0.033827
0.15826 0.038983
0.25605 0.027305
0.20998 0.035854
0.26462 0.029077
0.23166 0.035968
0.26492 0.033763
0.25061 0.035741
0.27474 0.02219
0.17141 0.038425
0.12659 0.036923
0.19664 0.036008
0.27807 0.022726
0.22257 0.035833
0.2765 0.031918
0.25512 0.037249
0.21425 0.036462
0.25021 0.038117
0.2949 0.021824
0.25858 0.037743
0.28577 0.030866
0.2606 0.038109
0.25973 0.03796
0.31317 0.024689
0.2645 0.038621
0.29986 0.029067
0.27938 0.036209
0.26454 0.038627
0.26033 0.038212
0.33791 0.026245
0.28192 0.035477
0.3402 0.027444
0.28232 0.03618
0.11867 0.038708
0.34951 0.02614
0.09921 0.039538
0.35243 0.027052
0.30685 0.032192
0.10278 0.039665
0.094557 0.038885
0.34812 0.033722
0.070422 0.033019
0.35877 0.031927
0.31596 0.03332
0.07803 0.037721
0.054244 0.030974
0.36181 0.033193
0.04087 0.031858
0.36734 0.027133
0.041157 0.034399
0.038826 0.033376
0.36624 0.036196
0.045572 0.034966
0.3678 0.036741
0.15414 0.039948
0.049471 0.035274
0.37191 0.036072
0.077207 0.038244
0.37762 0.030167
0.068831 0.034789
0.049757 0.035532
0.37406 0.037603
0.048082 0.035758
0.38124 0.028802
0.047991 0.03579
0.047985 0.035762
0.047724 0.035779
0.38015 0.03763
0.069397 0.035871
0.3036 0.035506
0.051537 0.035862
0.048436 0.035793
0.38479 0.036805
0.22342 0.036757
0.39079 0.033373
0.073576 0.03775
0.11339 0.039678
0.23981 0.038453
0.39643 0.024002
0.34032 0.03616
0.41377 0.022283
0.40638 0.02737
0.33479 0.034592
0.40334 0.034099
0.36289 0.037397
0.41002 0.035915
0.31325 0.034305
0.122 0.038579
0.41114 0.035897
0.43393 0.026073
0.41241 0.036345
0.38255 0.037806
0.44872 0.033186
0.43436 0.02869
0.42034 0.031615
0.44555 0.033141
0.43071 0.030873
0.40506 0.039358
0.45867 0.020444
0.45414 0.021618
0.52548 0.020101
0.53133 0.020245
0.41613 0.024822
0.51076 0.023394
0.42232 0.024582
0.50667 0.025289
0.42223 0.024619
0.42151 0.025318
0.47051 0.025912
0.51115 0.027491
0.4586 0.029711
0.48066 0.024703
0.50573 0.026785
0.52951 0.022033
0.44523 0.036375
0.49768 0.027793
0.51804 0.025821
0.51591 0.027761
0.45305 0.037466
0.47887 0.029935
0.52609 0.023345
0.52785 0.024658
0.47275 0.035471
0.52202 0.027061
0.54443 0.021771
0.54669 0.026495
0.56213 0.021543
0.57785 0.028725
0.54818 0.029548
0.58252 0.029761
0.53813 0.039956
0.57638 0.030453
0.53885 0.0254
0.52003 0.039723
0.576 0.030384
0.56119 0.030528
0.53833 0.027843
0.53555 0.0221
0.5615 0.031263
0.54617 0.039393
0.47561 0.039826
0.463 0.040717
0.54805 0.0391
0.44455 0.040551
0.53417 0.022745
0.48087 0.037213
0.43175 0.039288
0.42837 0.039812
0.53693 0.026971
0.59414 0.021626
0.58771 0.031117
0.60853 0.029317
0.61118 0.040171
0.59465 0.034147
0.61029 0.040268
0.58223 0.031524
0.59328 0.035796
0.65852 0.039382
0.58949 0.035019
0.59177 0.036748
0.68525 0.040173
0.78306 0.038979
0.55767 0.034921
0.57463 0.038269
0.66329 0.039216
0.5974 0.040004
0.49491 0.039398
0.45029 0.041059
0.60174 0.040614
0.60929 0.022422
0.62396 0.036354
0.62091 0.027732
0.70221 0.039617
0.66532 0.038478
0.90144 0.039941
0.67839 0.040161
0.76431 0.037348
0.76527 0.037551
0.66294 0.039233
0.62064 0.037531
0.64086 0.036333
0.80844 0.038018
0.65396 0.038999
0.93823 0.036744
0.9252 0.039152
0.94106 0.036394
0.67078 0.03553
0.89889 0.03983
0.70057 0.038833
0.95617 0.03664
0.94841 0.036298
0.95658 0.036682
0.63688 0.033116
0.95818 0.036809
0.69039 0.034868
0.78167 0.038967
0.95844 0.036826
0.67519 0.033674
0.82431 0.037079
0.69994 0.036246
0.95598 0.036514
0.95513 0.036389
0.63523 0.025468
0.81963 0.036916
0.71451 0.03911
0.95099 0.035617
0.952 0.036101
0.95083 0.035639
0.64112 0.022752
0.94871 0.035213
0.70062 0.033427
0.93895 0.034585
0.94636 0.035103
0.93998 0.034557
0.65887 0.026198
0.74484 0.03663
0.69395 0.030277
0.90068 0.037692
0.9238 0.038427
0.68244 0.027442
0.72366 0.036992
0.67418 0.024389
0.75887 0.035151
0.89688 0.039213
0.88567 0.035448
0.68401 0.024331
0.85896 0.033451
0.72478 0.035119
0.77825 0.038038
0.70049 0.024989
0.77941 0.038049
0.73747 0.033786
0.81849 0.03538
0.81467 0.035156
0.7124 0.025835
0.82341 0.036511
0.71848 0.025835
0.83981 0.034853
0.82278 0.036376
0.84172 0.033992
0.72688 0.027123
0.86013 0.033429
0.74004 0.028085
0.87193 0.034653
0.87039 0.034528
0.73844 0.023531
0.8858 0.034969
0.75143 0.024196
0.78947 0.037228
0.88147 0.035043
0.88592 0.032132
0.76438 0.025891
0.89117 0.03058
0.77188 0.027264
0.79958 0.033899
0.89415 0.031395
0.90226 0.035062
0.77495 0.024693
0.90596 0.036026
0.78322 0.024975
0.91245 0.034257
0.90642 0.035699
0.9174 0.032861
0.79154 0.021829
0.92101 0.033153
0.81372 0.026267
0.92745 0.032394
0.9289 0.032093
0.81788 0.023071
0.89509 0.026084
0.82222 0.023241
0.94686 0.031315
0.94192 0.030226
0.95119 0.031808
0.83002 0.021805
0.96031 0.034016
0.8608 0.023728
0.96161 0.03346
0.96044 0.034014
0.87254 0.021545
0.92001 0.02646
0.90624 0.024869
0.92478 0.02616
0.96394 0.032582
0.96564 0.032779
0.91109 0.022814
0.97134 0.032909
0.93476 0.023453
0.97222 0.032812
0.97135 0.032908
0.97204 0.032829
0.95909 0.022992
0.97584 0.032755
0.97099 0.022772
0.97378 0.026661
0.97487 0.032751
0.97754 0.032621
