340
0.024132 0.020497
0.039236 0.023244
0.083765 0.020947
0.031933 0.028124
0.038898 0.027514
0.10504 0.020386
0.095821 0.024197
0.1239 0.023372
0.064242 0.028291
0.048091 0.027071
0.057256 0.027305
0.15366 0.022261
0.068838 0.02916
0.16784 0.022451
0.07601 0.031852
0.073255 0.030642
0.076279 0.031945
0.17975 0.022123
0.091783 0.032109
0.18557 0.023905
0.11203 0.031055
0.12431 0.030513
0.1911 0.025444
0.14573 0.031403
0.20271 0.025707
0.15004 0.032321
0.14557 0.031377
0.14856 0.031967
0.20092 0.028039
0.15077 0.032582
0.22463 0.024157
0.15479 0.033374
0.15069 0.032565
0.15558 0.033699
0.21771 0.027758
0.20185 0.031077
0.24663 0.021337
0.16054 0.035306
0.16 0.034663
0.16083 0.035046
0.25292 0.025747
0.21304 0.031048
0.28037 0.021053
0.23213 0.029802
0.16285 0.036136
0.28586 0.026046
0.22311 0.031559
0.2965 0.027615
0.25487 0.029703
0.298 0.0316
0.28233 0.031059
0.30789 0.022087
0.17912 0.037531
0.13865 0.035999
0.20724 0.034373
0.31141 0.022869
0.24489 0.031413
0.30961 0.031844
0.28949 0.033948
0.23395 0.031879
0.28394 0.032969
0.32587 0.022095
0.29422 0.035146
0.31751 0.031965
0.29649 0.035859
0.29556 0.035569
0.34119 0.025466
0.30016 0.037158
0.32965 0.030444
0.31252 0.037805
0.3002 0.037181
0.29649 0.036209
0.36446 0.025203
0.31421 0.037315
0.36778 0.026107
0.31469 0.040182
0.13323 0.037146
0.38059 0.02548
0.10564 0.038243
0.38366 0.026687
0.3352 0.033616
0.10887 0.038249
0.099263 0.038155
0.37763 0.031416
0.066981 0.0329
0.38954 0.032541
0.34267 0.034807
0.077789 0.037064
0.048208 0.031411
0.39166 0.034706
0.035942 0.033747
0.39757 0.028387
0.035991 0.036887
0.034256 0.035862
0.39583 0.039997
0.039342 0.037402
0.39732 0.041198
0.16165 0.039479
0.04217 0.03766
0.40051 0.037958
0.077632 0.038103
0.40556 0.031337
0.065565 0.034281
0.04237 0.038093
0.40219 0.040848
0.040997 0.038618
0.40967 0.030516
0.040925 0.038683
0.040924 0.03863
0.04073 0.038674
0.40788 0.040196
0.06655 0.035268
0.32911 0.039972
0.044024 0.038495
0.041257 0.038669
0.41541 0.040645
0.25149 0.03282
0.41886 0.037721
0.073556 0.03776
0.12549 0.03869
0.26914 0.033156
0.42037 0.026174
0.37176 0.0392
0.43271 0.022988
0.42717 0.030425
0.36884 0.038543
0.42586 0.041131
0.3926 0.044042
0.43123 0.041364
0.33952 0.039277
0.14123 0.039295
0.43229 0.040799
0.44629 0.033095
0.4335 0.041078
0.41289 0.042425
0.46413 0.042564
0.44948 0.038216
0.44152 0.038359
0.46055 0.04224
0.44907 0.040976
0.49261 0.072724
0.45681 0.020773
0.45471 0.023014
0.49973 0.0201
0.5066 0.020204
0.43472 0.026821
0.48727 0.024189
0.43924 0.028064
0.4836 0.026887
0.43919 0.028108
0.439 0.029112
0.46555 0.029292
0.4882 0.029172
0.46404 0.036916
0.47231 0.030962
0.48305 0.028983
0.50455 0.021797
0.47528 0.046457
0.4813 0.033312
0.49302 0.026613
0.49226 0.02893
0.48911 0.048156
0.48381 0.041552
0.50046 0.023251
0.50261 0.024313
0.48455 0.044004
0.49638 0.027534
0.52403 0.021547
0.5277 0.026
0.53993 0.021846
0.55251 0.028781
0.53132 0.029105
0.55612 0.029764
0.52725 0.037143
0.55038 0.030876
0.51562 0.024253
0.51605 0.040368
0.55005 0.030857
0.54193 0.034713
0.51536 0.026126
0.51144 0.021645
0.54199 0.036136
0.53322 0.042425
0.50723 0.052632
0.50493 0.055966
0.53229 0.045862
0.50371 0.060923
0.50978 0.022161
0.50765 0.049872
0.50221 0.064243
0.50231 0.067597
0.51315 0.025437
0.57084 0.021631
0.5605 0.031196
0.5795 0.03123
0.57157 0.041057
0.56493 0.034206
0.57056 0.04086
0.55468 0.031727
0.56215 0.035929
0.61599 0.038608
0.55938 0.035383
0.55945 0.037075
0.66055 0.03779
0.75505 0.033468
0.53584 0.044357
0.53773 0.045903
0.62504 0.036959
0.55642 0.040827
0.51262 0.054384
0.50508 0.061167
0.55765 0.04177
0.58412 0.02293
0.58829 0.038095
0.59149 0.028618
0.67965 0.040299
0.62888 0.035561
0.88803 0.035903
0.65132 0.036264
0.74053 0.03357
0.74138 0.033506
0.62455 0.03705
0.58391 0.040739
0.59777 0.038139
0.80227 0.036361
0.60999 0.0376
0.94001 0.035264
0.921 0.038648
0.94356 0.034736
0.63816 0.032611
0.87094 0.037187
0.67792 0.037983
0.95848 0.037902
0.95086 0.035462
0.9589 0.038062
0.60152 0.033445
0.96024 0.038578
0.66621 0.034171
0.75544 0.032837
0.96047 0.038661
0.64657 0.031225
0.81572 0.036356
0.67702 0.035455
0.95828 0.037613
0.95731 0.037207
0.60617 0.025766
0.81186 0.035691
0.69167 0.039809
0.95331 0.034877
0.95415 0.035938
0.95316 0.034869
0.61271 0.022818
0.95132 0.033757
0.67729 0.032819
0.94131 0.032428
0.94929 0.033
0.94255 0.032323
0.62963 0.026142
0.7118 0.038192
0.66994 0.030173
0.89044 0.034404
0.92112 0.036836
0.6581 0.026551
0.69987 0.039121
0.64767 0.023714
0.7371 0.03131
0.86546 0.037077
0.85495 0.038456
0.65972 0.023854
0.84092 0.038795
0.70153 0.035987
0.75772 0.031099
0.67661 0.024804
0.75962 0.031114
0.71046 0.034383
0.8126 0.033491
0.80915 0.033473
0.68878 0.025693
0.81729 0.033787
0.69458 0.025912
0.83373 0.036182
0.8167 0.033721
0.83511 0.036384
0.70325 0.02778
0.84316 0.03724
0.71416 0.028472
0.85253 0.036637
0.85102 0.036935
0.71259 0.023821
0.86196 0.035114
0.72644 0.023765
0.77627 0.031078
0.85834 0.035608
0.87469 0.032115
0.74105 0.024304
0.88458 0.031338
0.75319 0.023713
0.79399 0.029863
0.88688 0.03135
0.89606 0.032482
0.75908 0.022668
0.90227 0.032451
0.77277 0.02326
0.91073 0.031635
0.9031 0.032302
0.91681 0.031662
0.78414 0.021369
0.92112 0.031566
0.81107 0.025792
0.92811 0.03082
0.92983 0.030562
0.81543 0.022764
0.89044 0.026309
0.82069 0.022729
0.95036 0.02966
0.94512 0.028497
0.95441 0.031041
0.83122 0.021483
0.96319 0.035095
0.85752 0.023888
0.96453 0.034878
0.96331 0.035126
0.87183 0.02156
0.91982 0.025957
0.90389 0.02406
0.92503 0.025537
0.96672 0.034537
0.96812 0.035162
0.90978 0.022346
0.97286 0.036358
0.93573 0.022997
0.97359 0.036236
0.97287 0.036357
0.97345 0.036257
0.96344 0.023283
0.97657 0.036163
0.97289 0.023513
0.97509 0.028441
0.97578 0.036159
0.97798 0.035994
