340
0.024144 0.020495
0.038941 0.023585
0.082018 0.020868
0.032055 0.028328
0.03875 0.028289
0.10481 0.020413
0.095041 0.023903
0.12035 0.02368
0.059901 0.028266
0.046533 0.028546
0.053543 0.028621
0.14896 0.022458
0.064824 0.028492
0.16158 0.022767
0.07147 0.030785
0.069119 0.029454
0.071709 0.030915
0.17275 0.022346
0.087334 0.030868
0.17737 0.024844
0.108 0.03294
0.11918 0.031537
0.18235 0.026894
0.14024 0.032538
0.19106 0.027569
0.14392 0.033713
0.14004 0.032509
0.14282 0.033239
0.1903 0.030544
0.14443 0.034049
0.20638 0.025892
0.1479 0.034887
0.14437 0.034029
0.14855 0.035286
0.2022 0.030922
0.19086 0.035077
0.22313 0.021936
0.15289 0.037416
0.15275 0.036589
0.15336 0.037103
0.22767 0.02953
0.19937 0.036458
0.24397 0.02134
0.20906 0.035216
0.15463 0.038544
0.24888 0.027025
0.20438 0.037537
0.25779 0.028718
0.22445 0.036676
0.25823 0.033216
0.24326 0.035337
0.26834 0.022105
0.16829 0.038251
0.12505 0.038249
0.19234 0.037752
0.27183 0.022711
0.21579 0.037027
0.27035 0.031583
0.24805 0.036591
0.20825 0.03815
0.24286 0.037677
0.28688 0.022286
0.25172 0.037059
0.28001 0.032117
0.25388 0.037403
0.25295 0.037263
0.30079 0.026164
0.258 0.037879
0.29075 0.031818
0.27392 0.03648
0.25804 0.037886
0.25359 0.037502
0.32028 0.027528
0.27661 0.036346
0.32221 0.028876
0.27714 0.037197
0.11846 0.038479
0.33017 0.02707
0.095337 0.036607
0.33271 0.028048
0.2959 0.03597
0.099787 0.036914
0.089588 0.035805
0.32894 0.03587
0.061066 0.032887
0.33833 0.033354
0.30255 0.037511
0.069346 0.035497
0.047375 0.033868
0.34106 0.034641
0.037092 0.034813
0.34608 0.027796
0.037472 0.037999
0.035488 0.036659
0.34509 0.037754
0.041068 0.038835
0.34651 0.038274
0.15019 0.039407
0.043849 0.039325
0.35029 0.03734
0.068341 0.036081
0.35562 0.030773
0.058984 0.0351
0.044054 0.03966
0.35229 0.038868
0.042875 0.0399
0.35904 0.029208
0.042811 0.039938
0.042807 0.039903
0.042623 0.039917
0.35801 0.038517
0.059451 0.036042
0.29354 0.040268
0.045311 0.040103
0.043125 0.039955
0.36246 0.037342
0.21656 0.037973
0.36835 0.033444
0.064127 0.036594
0.11228 0.038153
0.23235 0.038718
0.37402 0.023913
0.32225 0.039259
0.39248 0.022089
0.38447 0.026902
0.31758 0.037855
0.38121 0.033359
0.34204 0.039247
0.38841 0.034726
0.30034 0.038818
0.12146 0.039071
0.38963 0.034662
0.41527 0.025281
0.39101 0.035019
0.3603 0.038537
0.43298 0.031455
0.41577 0.027552
0.39968 0.030391
0.42904 0.03126
0.41156 0.029504
0.38307 0.038217
0.44357 0.020423
0.43882 0.021474
0.51584 0.020077
0.52422 0.020175
0.39506 0.024377
0.49803 0.022821
0.40189 0.024071
0.49283 0.024273
0.40179 0.024105
0.40097 0.024738
0.4553 0.026129
0.49853 0.026235
0.44349 0.029249
0.46485 0.025194
0.49165 0.025456
0.52167 0.021488
0.42922 0.034039
0.48163 0.026625
0.50665 0.024666
0.50414 0.026312
0.4395 0.035885
0.46315 0.031039
0.51674 0.022524
0.51933 0.023462
0.4581 0.036399
0.51116 0.025519
0.54255 0.021262
0.54574 0.024626
0.56745 0.021089
0.58931 0.027234
0.54779 0.026798
0.59416 0.028735
0.53136 0.034508
0.58715 0.028393
0.53475 0.023853
0.50641 0.035777
0.58667 0.028282
0.56585 0.027432
0.53402 0.025596
0.53013 0.021499
0.56612 0.027948
0.54309 0.033997
0.4608 0.042159
0.45083 0.041057
0.54588 0.033733
0.42908 0.037636
0.52819 0.021952
0.46473 0.038735
0.41323 0.036838
0.40919 0.03734
0.53207 0.024976
0.60632 0.021581
0.5993 0.030746
0.62146 0.028728
0.62148 0.038386
0.6053 0.033627
0.62034 0.0386
0.59356 0.030177
0.60345 0.035352
0.67583 0.037351
0.60008 0.03458
0.60174 0.036351
0.70569 0.040017
0.7997 0.037257
0.5604 0.030528
0.58365 0.033822
0.68118 0.037266
0.60573 0.039052
0.47707 0.037241
0.43702 0.038747
0.60936 0.039268
0.6223 0.022249
0.63741 0.034796
0.63497 0.027064
0.72166 0.038345
0.68351 0.036614
0.90741 0.03838
0.69881 0.039073
0.78015 0.038548
0.78103 0.038564
0.68078 0.037279
0.63343 0.036121
0.65626 0.035334
0.82571 0.039296
0.67064 0.037114
0.94429 0.038267
0.93195 0.040053
0.94673 0.038082
0.68956 0.03394
0.90443 0.038608
0.71972 0.037811
0.95962 0.03924
0.95303 0.039081
0.95996 0.039274
0.65209 0.032368
0.96115 0.039369
0.70996 0.035293
0.79824 0.03737
0.96133 0.03938
0.6944 0.032542
0.8386 0.040867
0.7191 0.035479
0.95946 0.039102
0.95875 0.038986
0.65039 0.025145
0.83514 0.040071
0.7367 0.038463
0.95517 0.038233
0.95607 0.038761
0.95504 0.038264
0.65663 0.022581
0.95321 0.037817
0.71971 0.032759
0.94475 0.035985
0.95119 0.037427
0.94564 0.036017
0.67604 0.025551
0.76313 0.038678
0.71324 0.030512
0.90636 0.0364
0.93066 0.039448
0.70214 0.02723
0.74515 0.038319
0.69302 0.023988
0.77524 0.036488
0.90206 0.038288
0.8906 0.035894
0.70368 0.024247
0.86541 0.036282
0.74592 0.036414
0.79447 0.036872
0.71956 0.024758
0.79583 0.036752
0.75658 0.035492
0.83433 0.038152
0.83125 0.037594
0.73296 0.025506
0.83798 0.039992
0.73903 0.025887
0.85079 0.039684
0.83752 0.039758
0.85221 0.038833
0.74698 0.0278
0.86651 0.036075
0.75858 0.029141
0.87735 0.036115
0.87594 0.036092
0.75715 0.023977
0.89073 0.035384
0.76874 0.02466
0.80654 0.036291
0.88642 0.035813
0.89082 0.032456
0.78061 0.026302
0.89595 0.03046
0.78767 0.027183
0.81679 0.03382
0.89889 0.03105
0.90798 0.033815
0.79056 0.02454
0.91228 0.034619
0.8 0.024539
0.91952 0.033724
0.91278 0.034359
0.92426 0.032939
0.80905 0.021743
0.92766 0.033658
0.83061 0.027226
0.93352 0.033051
0.93485 0.032804
0.83411 0.023619
0.89977 0.025865
0.83759 0.023901
0.95135 0.033138
0.947 0.031373
0.9551 0.033791
0.84411 0.022263
0.96279 0.036116
0.86772 0.024439
0.96392 0.035454
0.9629 0.036112
0.87814 0.021695
0.92643 0.02664
0.91206 0.024441
0.93088 0.026498
0.96595 0.034404
0.96744 0.034593
0.91745 0.022669
0.97244 0.034619
0.94036 0.023742
0.9732 0.03451
0.97244 0.034618
0.97305 0.034529
0.96154 0.023455
0.97636 0.034445
0.97204 0.02314
0.9745 0.027544
0.97552 0.034441
0.97785 0.034294
