340
0.020981 0.022092
0.026916 0.034951
0.034975 0.022809
0.031177 0.042936
0.037338 0.042977
0.041935 0.021058
0.044472 0.031913
0.051628 0.028446
0.05651 0.043178
0.044036 0.043022
0.050915 0.043083
0.062702 0.023775
0.060575 0.043246
0.073444 0.022742
0.070676 0.043446
0.066818 0.043352
0.071044 0.043457
0.085888 0.022166
0.081997 0.043798
0.091397 0.024106
0.089412 0.044074
0.093634 0.044326
0.10005 0.025936
0.10455 0.044995
0.11174 0.026206
0.1127 0.045578
0.10434 0.044982
0.1091 0.045309
0.12048 0.028944
0.11656 0.045876
0.12868 0.025642
0.12545 0.046766
0.11633 0.045857
0.12902 0.047365
0.13517 0.030959
0.13799 0.035121
0.14135 0.022429
0.14485 0.051809
0.13788 0.049144
0.14201 0.050519
0.14922 0.031809
0.14839 0.03996
0.15736 0.021944
0.1563 0.043234
0.1486 0.053041
0.16082 0.030602
0.16072 0.049367
0.16778 0.031279
0.16538 0.049073
0.1727 0.038847
0.16961 0.048944
0.17611 0.023083
0.16551 0.059679
0.15678 0.063778
0.16921 0.058739
0.1789 0.024379
0.17236 0.058175
0.18222 0.037887
0.17659 0.058633
0.17158 0.058275
0.17554 0.058163
0.18676 0.024356
0.1781 0.060275
0.18911 0.04075
0.17915 0.06229
0.17871 0.061451
0.19443 0.033725
0.18104 0.066333
0.19488 0.043973
0.19208 0.054268
0.1811 0.066544
0.18092 0.068869
0.20246 0.033835
0.19387 0.054712
0.20415 0.035376
0.19458 0.061012
0.16612 0.079244
0.20882 0.030305
0.16301 0.080544
0.21069 0.031623
0.20201 0.058148
0.16345 0.080314
0.16215 0.081155
0.20998 0.04353
0.15481 0.082815
0.21496 0.038352
0.206 0.064436
0.15736 0.082232
0.14929 0.084127
0.21629 0.040656
0.14391 0.085865
0.22046 0.031512
0.13993 0.088831
0.14159 0.087389
0.21962 0.048644
0.13787 0.091457
0.2212 0.051635
0.17236 0.087505
0.13589 0.094718
0.22334 0.04616
0.15805 0.09135
0.22618 0.037769
0.15482 0.092244
0.13303 0.099255
0.22494 0.052553
0.12601 0.10782
0.22835 0.036084
0.12575 0.11102
0.12582 0.10816
0.12532 0.10962
0.22784 0.051721
0.15448 0.095514
0.20616 0.079067
0.13007 0.11104
0.12632 0.11158
0.23109 0.050359
0.18687 0.088602
0.23448 0.04061
0.15489 0.099808
0.17048 0.096052
0.18889 0.092094
0.23616 0.026751
0.21636 0.075685
0.24777 0.024035
0.24309 0.031771
0.21536 0.076449
0.24327 0.043947
0.22377 0.073068
0.24934 0.04913
0.2091 0.082816
0.17233 0.098557
0.24993 0.049146
0.27514 0.030685
0.25126 0.05311
0.23327 0.068863
0.28491 0.032484
0.27488 0.03376
0.2609 0.049022
0.27545 0.039785
0.27079 0.041197
0.31227 0.031521
0.29635 0.020345
0.29223 0.021492
0.45983 0.020141
0.50057 0.020411
0.24964 0.030237
0.39393 0.021171
0.25646 0.033695
0.36207 0.022412
0.25636 0.033797
0.25591 0.035577
0.31813 0.023405
0.39841 0.022864
0.30099 0.026342
0.33675 0.024253
0.36069 0.023357
0.48781 0.022726
0.30285 0.028958
0.35558 0.025762
0.41696 0.024402
0.41526 0.02523
0.36511 0.027198
0.34689 0.02833
0.4607 0.024684
0.48165 0.025557
0.34329 0.028352
0.42398 0.027538
0.66328 0.020279
0.68797 0.021499
0.71946 0.02107
0.7345 0.02953
0.69969 0.023168
0.73739 0.03121
0.69287 0.024836
0.73267 0.0313
0.61357 0.022014
0.63808 0.023397
0.73235 0.031164
0.72422 0.030004
0.61255 0.022949
0.56565 0.022603
0.72536 0.031248
0.71409 0.030501
0.64009 0.025112
0.63733 0.026151
0.71691 0.032998
0.6643 0.02734
0.53544 0.024302
0.62429 0.028326
0.65013 0.028059
0.69842 0.0372
0.59153 0.026063
0.74974 0.022015
0.74058 0.03337
0.75647 0.036777
0.7527 0.050027
0.74469 0.036961
0.7515 0.047799
0.73654 0.033245
0.74199 0.039033
0.77066 0.073978
0.73934 0.038291
0.73929 0.040306
0.78075 0.080266
0.79745 0.089212
0.72271 0.034259
0.72855 0.041563
0.77264 0.077763
0.73778 0.048183
0.71053 0.037531
0.70836 0.041031
0.73802 0.057484
0.75927 0.024678
0.76044 0.04999
0.76321 0.033778
0.78678 0.078145
0.77421 0.07261
0.83017 0.097866
0.7786 0.079079
0.79692 0.088847
0.79693 0.089028
0.77251 0.077696
0.75554 0.069115
0.76646 0.047525
0.80762 0.088767
0.77167 0.056686
0.84857 0.10351
0.84106 0.10188
0.84972 0.10352
0.77789 0.063608
0.82783 0.092227
0.78664 0.070992
0.85554 0.1005
0.85236 0.10308
0.85581 0.10016
0.76959 0.039296
0.85652 0.097862
0.78404 0.063584
0.80041 0.077806
0.8565 0.096463
0.78088 0.057471
0.81114 0.082531
0.78702 0.063154
0.85028 0.089628
0.84923 0.088989
0.77365 0.028593
0.81225 0.079179
0.79154 0.062747
0.84467 0.085846
0.84651 0.087436
0.84473 0.085911
0.77771 0.025007
0.8437 0.08431
0.78969 0.053382
0.84254 0.082209
0.84338 0.083571
0.84269 0.082324
0.78327 0.036126
0.79919 0.063717
0.79055 0.046348
0.83067 0.077675
0.83697 0.080409
0.79125 0.037444
0.7976 0.053802
0.79124 0.030648
0.80431 0.05835
0.82845 0.076576
0.8265 0.074957
0.79565 0.029935
0.82202 0.071463
0.8037 0.043611
0.80799 0.056014
0.80275 0.030304
0.80932 0.054175
0.81004 0.040802
0.81948 0.063841
0.81877 0.064297
0.80891 0.029521
0.82068 0.062898
0.81278 0.028486
0.82417 0.062303
0.82053 0.063002
0.8246 0.06227
0.81948 0.029491
0.82778 0.061507
0.82499 0.03137
0.83174 0.060086
0.8311 0.060345
0.82784 0.024992
0.83703 0.056481
0.83721 0.026166
0.83575 0.037873
0.83547 0.057142
0.84096 0.055214
0.84508 0.027989
0.84418 0.053814
0.8517 0.026654
0.84979 0.036259
0.84506 0.053448
0.85033 0.051942
0.85491 0.02459
0.8586 0.049644
0.86353 0.024843
0.86452 0.048717
0.85931 0.049506
0.86808 0.048246
0.87197 0.02188
0.87089 0.047891
0.88123 0.029084
0.8784 0.046885
0.88004 0.04667
0.89354 0.024022
0.89279 0.034364
0.89762 0.023803
0.89579 0.045008
0.89253 0.045169
0.89781 0.044942
0.90563 0.022026
0.90639 0.044667
0.91847 0.02686
0.91575 0.044298
0.90701 0.044647
0.93054 0.02318
0.92942 0.032311
0.93961 0.027847
0.93514 0.03228
0.92931 0.04365
0.93405 0.043548
0.94951 0.02491
0.94933 0.043425
0.95538 0.028556
0.95275 0.043394
0.94935 0.043424
0.95203 0.043401
0.96892 0.026456
0.96584 0.043271
0.97528 0.025295
0.9741 0.032883
0.96251 0.043302
0.97189 0.04323
