340
0.023875 0.02053
0.037713 0.023629
0.082339 0.020853
0.031274 0.028811
0.037534 0.028402
0.10572 0.020398
0.095616 0.0238
0.12175 0.023887
0.059864 0.02793
0.045579 0.028219
0.053069 0.028131
0.14804 0.022435
0.064878 0.028253
0.16094 0.022715
0.071608 0.030624
0.069236 0.029292
0.071849 0.030751
0.17228 0.022349
0.087766 0.030664
0.17697 0.024967
0.10924 0.032393
0.1209 0.032072
0.18175 0.027249
0.13887 0.033289
0.18973 0.028262
0.14252 0.034128
0.1387 0.033279
0.14141 0.033756
0.1892 0.031517
0.14303 0.034417
0.20376 0.026455
0.14663 0.034868
0.14296 0.034404
0.14729 0.035189
0.20005 0.031954
0.19019 0.036476
0.21904 0.022077
0.15181 0.03704
0.15169 0.036231
0.15232 0.036737
0.22337 0.030132
0.1977 0.037999
0.23879 0.021421
0.20609 0.03667
0.15364 0.038155
0.2434 0.027456
0.20209 0.039192
0.25179 0.029473
0.21944 0.037824
0.25247 0.034412
0.23806 0.036259
0.26128 0.022457
0.16838 0.037963
0.12629 0.040048
0.19174 0.03941
0.26413 0.02323
0.21179 0.038543
0.26315 0.033708
0.2427 0.037605
0.20536 0.039887
0.23763 0.038739
0.27713 0.022322
0.24631 0.038111
0.27084 0.033662
0.24845 0.03851
0.24753 0.038339
0.29215 0.026168
0.25257 0.039478
0.28143 0.031309
0.26632 0.039654
0.25261 0.03949
0.24817 0.038607
0.31048 0.027438
0.26836 0.039174
0.31244 0.028654
0.26881 0.040053
0.12095 0.039253
0.32099 0.026519
0.096094 0.03616
0.32381 0.027344
0.2881 0.035495
0.10073 0.036367
0.090151 0.035496
0.31976 0.034774
0.060944 0.032399
0.33041 0.032274
0.29528 0.037698
0.069326 0.035237
0.046059 0.033277
0.33376 0.033832
0.035414 0.035202
0.33855 0.027702
0.035399 0.038448
0.033773 0.037281
0.33895 0.037477
0.038531 0.038877
0.34049 0.038227
0.14882 0.039041
0.041459 0.039001
0.34372 0.037856
0.068278 0.035769
0.34759 0.031457
0.058616 0.034444
0.041644 0.039305
0.34572 0.039753
0.040279 0.039706
0.35059 0.0301
0.040201 0.039752
0.040201 0.039718
0.039992 0.039758
0.35071 0.04015
0.059075 0.035363
0.28601 0.039456
0.043003 0.039573
0.040554 0.039725
0.35456 0.039478
0.21238 0.03954
0.35949 0.035774
0.063925 0.036091
0.11425 0.037889
0.22714 0.039721
0.36361 0.024779
0.31229 0.038937
0.37827 0.022597
0.37191 0.028653
0.30817 0.037969
0.36949 0.036804
0.33569 0.03844
0.37509 0.038375
0.29373 0.038763
0.1235 0.040392
0.37605 0.038269
0.39656 0.026079
0.37713 0.038687
0.35274 0.040511
0.41283 0.030629
0.397 0.02865
0.38398 0.033046
0.40887 0.030808
0.39324 0.031211
0.37108 0.043036
0.42645 0.020328
0.42079 0.021239
0.51441 0.020074
0.52311 0.020169
0.38036 0.025455
0.4957 0.022623
0.38594 0.025098
0.49 0.02392
0.38586 0.025142
0.3852 0.025943
0.4425 0.024483
0.49624 0.025804
0.42636 0.027184
0.45541 0.023835
0.48871 0.024984
0.52046 0.021434
0.40789 0.033535
0.47765 0.025532
0.50482 0.024433
0.50221 0.025959
0.41852 0.033376
0.45272 0.028127
0.51534 0.022427
0.51804 0.023332
0.44362 0.031781
0.50953 0.025298
0.54217 0.021195
0.54557 0.024357
0.56949 0.020947
0.59675 0.025209
0.54776 0.026382
0.6035 0.026004
0.5305 0.03399
0.59389 0.026193
0.53401 0.023695
0.50456 0.03498
0.59325 0.026148
0.56763 0.026507
0.53325 0.025373
0.52922 0.021448
0.56794 0.026951
0.54274 0.033242
0.44424 0.036116
0.43002 0.035936
0.54573 0.032932
0.40627 0.037228
0.52722 0.021885
0.4519 0.033642
0.39338 0.039828
0.39062 0.04096
0.53123 0.024793
0.62242 0.021083
0.61152 0.026992
0.64091 0.029416
0.64628 0.04177
0.62144 0.029174
0.64548 0.041311
0.60258 0.027038
0.61909 0.030057
0.68197 0.038886
0.61336 0.029397
0.61666 0.030551
0.71268 0.039384
0.80831 0.040334
0.56134 0.029431
0.58939 0.030614
0.68749 0.038285
0.62527 0.032996
0.47066 0.033673
0.41369 0.036666
0.63189 0.034384
0.64161 0.022479
0.65473 0.040219
0.65155 0.029388
0.72899 0.038372
0.68993 0.037384
0.90815 0.039724
0.70552 0.03882
0.78974 0.037831
0.79069 0.037892
0.68709 0.038335
0.65279 0.04196
0.66538 0.040266
0.83168 0.038893
0.67728 0.039106
0.94399 0.038843
0.93225 0.040561
0.94622 0.038686
0.69621 0.034221
0.90514 0.040447
0.72706 0.037762
0.95789 0.039414
0.95187 0.039562
0.95819 0.039433
0.66334 0.036993
0.95937 0.039469
0.71715 0.034931
0.80721 0.040164
0.95956 0.039472
0.70105 0.032574
0.8445 0.038836
0.72645 0.035416
0.95776 0.039282
0.95713 0.039197
0.66263 0.027181
0.84089 0.038487
0.74392 0.038459
0.95395 0.038596
0.9547 0.039093
0.95382 0.038633
0.66673 0.023404
0.95218 0.038258
0.72705 0.032724
0.94455 0.036492
0.95036 0.037946
0.94538 0.036535
0.68342 0.026014
0.77121 0.037531
0.72056 0.030338
0.90724 0.037755
0.931 0.039905
0.70908 0.027047
0.75243 0.038148
0.69976 0.024018
0.78434 0.035684
0.90294 0.040547
0.89417 0.039454
0.71067 0.024118
0.87502 0.039377
0.75321 0.036229
0.80429 0.038855
0.72691 0.024743
0.80533 0.038978
0.7641 0.034836
0.84004 0.036791
0.83702 0.036738
0.74019 0.025522
0.8438 0.03789
0.74626 0.025874
0.86121 0.037432
0.84331 0.037755
0.86306 0.037258
0.75427 0.02769
0.87584 0.039387
0.7662 0.0287
0.88399 0.039792
0.88291 0.039787
0.76468 0.023802
0.89426 0.038742
0.77706 0.024372
0.81351 0.039416
0.89094 0.039145
0.89432 0.035163
0.7896 0.026066
0.89852 0.032275
0.79684 0.027396
0.82216 0.034786
0.90089 0.032697
0.90901 0.034788
0.7998 0.024837
0.91317 0.035158
0.80796 0.025339
0.92023 0.034148
0.91367 0.034883
0.9249 0.033287
0.81537 0.022025
0.9282 0.033987
0.83608 0.026924
0.93392 0.033372
0.93522 0.033128
0.83962 0.023352
0.90162 0.026699
0.84331 0.023492
0.95096 0.033529
0.94698 0.031746
0.95444 0.034074
0.85117 0.02189
0.96166 0.036141
0.87526 0.025416
0.96296 0.035436
0.96178 0.036132
0.88376 0.022062
0.92707 0.026806
0.91314 0.024605
0.93142 0.026647
0.96525 0.034317
0.9668 0.034453
0.91831 0.022756
0.97206 0.034389
0.94069 0.023849
0.97287 0.034281
0.97206 0.034388
0.9727 0.0343
0.96124 0.023473
0.97618 0.034217
0.97192 0.02309
0.97442 0.027425
0.9753 0.034213
0.97775 0.034068
