340
0.02101 0.022033
0.027114 0.03453
0.035408 0.022726
0.031494 0.042286
0.037831 0.042292
0.042581 0.021025
0.045202 0.031537
0.052603 0.028157
0.057636 0.04231
0.044741 0.042299
0.051852 0.042306
0.064102 0.023616
0.061851 0.042312
0.075372 0.022602
0.072403 0.042334
0.068373 0.042316
0.072787 0.042336
0.08857 0.022031
0.084302 0.042404
0.094464 0.023815
0.092232 0.042468
0.096747 0.042514
0.1038 0.025415
0.10863 0.042633
0.11683 0.025528
0.11759 0.042779
0.10839 0.04263
0.11364 0.042714
0.1267 0.02784
0.12186 0.042851
0.13616 0.024844
0.13218 0.043146
0.1216 0.042847
0.13636 0.043353
0.14371 0.029199
0.14712 0.032566
0.15124 0.021994
0.15655 0.044992
0.14698 0.043899
0.15243 0.044477
0.16099 0.029446
0.16036 0.035964
0.1713 0.02156
0.17114 0.038597
0.16204 0.04573
0.17558 0.028489
0.1771 0.043565
0.18414 0.028635
0.18264 0.043643
0.1911 0.033624
0.18778 0.043612
0.19555 0.022163
0.19204 0.053926
0.1851 0.056067
0.19635 0.054292
0.19971 0.022979
0.20124 0.055118
0.20633 0.031954
0.20891 0.057831
0.19992 0.054832
0.20681 0.056817
0.21153 0.022968
0.21252 0.060034
0.21946 0.034536
0.21546 0.062298
0.21427 0.061375
0.22389 0.030145
0.22023 0.066504
0.22961 0.039957
0.23063 0.054315
0.22042 0.066715
0.22236 0.069031
0.23415 0.031546
0.2327 0.055024
0.23658 0.033123
0.23444 0.062433
0.22352 0.080674
0.24031 0.029188
0.22413 0.084075
0.24266 0.030576
0.24107 0.059937
0.22395 0.083476
0.22478 0.085602
0.24476 0.042501
0.22367 0.092083
0.24836 0.037363
0.24575 0.067344
0.22458 0.089593
0.22083 0.098528
0.24998 0.039901
0.2173 0.10467
0.25281 0.031239
0.21416 0.11009
0.21562 0.10768
0.25402 0.049903
0.21183 0.1137
0.25595 0.053607
0.23623 0.096422
0.2091 0.11774
0.25695 0.047215
0.22862 0.10611
0.25888 0.037796
0.22664 0.10886
0.20469 0.12326
0.25932 0.054867
0.20089 0.13324
0.26084 0.036204
0.20323 0.13693
0.20097 0.13363
0.20167 0.13531
0.26161 0.053952
0.22695 0.11347
0.25274 0.085811
0.20851 0.13712
0.20423 0.13759
0.26411 0.052378
0.24546 0.099257
0.26666 0.041107
0.22795 0.11905
0.23746 0.1103
0.24819 0.10534
0.26819 0.026871
0.25883 0.082522
0.27957 0.024086
0.2749 0.031985
0.25835 0.083435
0.27458 0.044844
0.26372 0.079807
0.27985 0.050251
0.25676 0.092395
0.23917 0.11394
0.28038 0.050218
0.30771 0.029433
0.28191 0.054424
0.26992 0.075052
0.3192 0.030094
0.30681 0.032213
0.29073 0.049308
0.30623 0.037559
0.30125 0.039725
0.35119 0.031475
0.33387 0.02029
0.32877 0.021216
0.47177 0.020199
0.50036 0.020578
0.28139 0.03033
0.41986 0.02158
0.28787 0.033593
0.39434 0.023047
0.28776 0.033699
0.28716 0.035487
0.35694 0.023568
0.42334 0.023922
0.33925 0.025591
0.37361 0.024992
0.39325 0.024223
0.49122 0.023812
0.34134 0.028076
0.38917 0.027145
0.43642 0.026405
0.43525 0.027573
0.39674 0.029184
0.38205 0.030104
0.47237 0.026662
0.48681 0.027874
0.37908 0.030031
0.44121 0.031024
0.62482 0.020314
0.64884 0.021356
0.68688 0.020968
0.70257 0.029369
0.66283 0.022544
0.70559 0.031075
0.65444 0.024124
0.70082 0.031056
0.58355 0.022584
0.60329 0.024089
0.70048 0.030911
0.69203 0.029387
0.58275 0.023795
0.54868 0.023632
0.69335 0.03063
0.68079 0.02898
0.60496 0.026125
0.60267 0.027418
0.68436 0.031485
0.62573 0.028212
0.52523 0.025901
0.59201 0.030381
0.61344 0.029446
0.66188 0.03388
0.56696 0.028357
0.7179 0.022005
0.70892 0.033256
0.72448 0.036611
0.72071 0.051143
0.71314 0.036857
0.71977 0.048632
0.70488 0.033071
0.71061 0.038889
0.73022 0.081076
0.70798 0.038112
0.70805 0.040158
0.73545 0.089071
0.7442 0.10169
0.69096 0.033269
0.69767 0.040944
0.73048 0.08611
0.70712 0.048573
0.67759 0.034553
0.67543 0.037261
0.70749 0.058559
0.7275 0.024608
0.72746 0.051121
0.73121 0.03346
0.74048 0.085399
0.73337 0.078842
0.7634 0.11667
0.73437 0.087476
0.74392 0.10117
0.74388 0.10144
0.73041 0.086028
0.7203 0.075386
0.73304 0.048043
0.7511 0.1008
0.73557 0.058295
0.7765 0.12702
0.77039 0.12412
0.77753 0.12712
0.73899 0.066622
0.76281 0.10738
0.7434 0.07518
0.78331 0.12397
0.78001 0.12678
0.7836 0.12359
0.73686 0.038548
0.78461 0.12094
0.74398 0.065759
0.75047 0.083881
0.78471 0.1192
0.74314 0.05827
0.75535 0.090402
0.74656 0.064734
0.77831 0.10834
0.77735 0.10699
0.74234 0.028121
0.759 0.08446
0.75048 0.063421
0.77406 0.099532
0.77518 0.10343
0.77408 0.099705
0.74667 0.024644
0.77386 0.09562
0.7522 0.052284
0.7742 0.090477
0.77397 0.093812
0.77422 0.090762
0.75116 0.034572
0.75742 0.063645
0.75535 0.044303
0.7738 0.079714
0.77325 0.086015
0.75925 0.035051
0.75963 0.051467
0.76166 0.029116
0.76547 0.055728
0.77406 0.077647
0.77503 0.07522
0.76705 0.028181
0.77635 0.070691
0.77083 0.039098
0.77135 0.052673
0.77579 0.027877
0.77421 0.050477
0.78231 0.035041
0.7821 0.060275
0.78083 0.061219
0.78435 0.026868
0.78459 0.058356
0.78984 0.025955
0.79014 0.055812
0.78428 0.058579
0.79078 0.055558
0.79954 0.026775
0.79632 0.05309
0.80716 0.028262
0.80436 0.050254
0.80301 0.050649
0.81094 0.02369
0.81669 0.047339
0.82334 0.024721
0.8207 0.033603
0.81373 0.047832
0.82299 0.046576
0.83355 0.026348
0.82855 0.045947
0.84169 0.025451
0.83905 0.033184
0.83012 0.045772
0.83854 0.045122
0.84553 0.023813
0.84965 0.044456
0.85583 0.024099
0.85705 0.044166
0.85057 0.044404
0.86119 0.044031
0.86569 0.021615
0.86441 0.043928
0.87643 0.028077
0.87306 0.043658
0.87494 0.043605
0.88983 0.023724
0.88901 0.033285
0.89423 0.02353
0.89229 0.04315
0.88873 0.043218
0.89449 0.043132
0.90285 0.021892
0.90371 0.043054
0.91654 0.026507
0.91363 0.04296
0.90436 0.043049
0.92911 0.023074
0.92795 0.031882
0.93848 0.027598
0.93386 0.031884
0.92783 0.042797
0.93276 0.042764
0.94869 0.024761
0.94854 0.042726
0.95474 0.02831
0.95206 0.042718
0.94857 0.042726
0.95133 0.04272
0.96865 0.026299
0.9655 0.042686
0.97517 0.025169
0.97395 0.032575
0.96208 0.042694
0.97169 0.042675
