340
0.02561 0.020366
0.045459 0.022654
0.092628 0.020998
0.036322 0.026182
0.045215 0.026138
0.11284 0.020446
0.10387 0.02438
0.12791 0.023336
0.072621 0.027829
0.055847 0.026338
0.065379 0.027153
0.16061 0.022442
0.077219 0.028751
0.1733 0.02274
0.083529 0.03197
0.081232 0.030375
0.083763 0.032125
0.18462 0.022283
0.097186 0.032555
0.18926 0.024607
0.11552 0.033775
0.12621 0.030654
0.19461 0.026392
0.15207 0.031629
0.20436 0.026757
0.15586 0.033167
0.15186 0.03158
0.15472 0.032585
0.20352 0.029412
0.1564 0.033551
0.22151 0.02529
0.15992 0.034747
0.15634 0.033525
0.16059 0.035182
0.21685 0.029788
0.20414 0.033459
0.23974 0.021856
0.165 0.037289
0.16482 0.036468
0.16545 0.036975
0.24436 0.029347
0.21369 0.034728
0.26037 0.02143
0.22446 0.033725
0.16676 0.038399
0.26485 0.027644
0.21928 0.035727
0.27293 0.02969
0.24111 0.036093
0.27321 0.034709
0.25965 0.036301
0.28234 0.022437
0.18026 0.038068
0.13328 0.03553
0.20579 0.035852
0.28523 0.023074
0.23194 0.035742
0.28384 0.033355
0.26397 0.038019
0.22357 0.036338
0.25925 0.038746
0.2997 0.022237
0.26722 0.038658
0.29189 0.032658
0.26913 0.039117
0.26831 0.038927
0.31393 0.025814
0.27281 0.039869
0.30357 0.031421
0.28625 0.038368
0.27284 0.039878
0.26887 0.039215
0.33514 0.027173
0.28844 0.037714
0.33724 0.028615
0.28877 0.038547
0.12464 0.037341
0.34521 0.026972
0.10391 0.03862
0.34769 0.02783
0.30856 0.035682
0.1077 0.038633
0.099092 0.038133
0.34257 0.036096
0.074103 0.032528
0.35187 0.032941
0.31495 0.03653
0.082012 0.037093
0.057134 0.030328
0.35428 0.034159
0.042821 0.030974
0.36189 0.027267
0.043128 0.03333
0.040623 0.032348
0.35787 0.037191
0.047853 0.033928
0.35927 0.037553
0.16249 0.039286
0.052026 0.034273
0.36368 0.036079
0.081154 0.037593
0.37153 0.030394
0.07245 0.034218
0.052332 0.03452
0.36525 0.037607
0.05054 0.034709
0.37551 0.028928
0.050442 0.034737
0.050436 0.034711
0.050157 0.034723
0.37123 0.038057
0.073038 0.035266
0.30573 0.03992
0.054237 0.034867
0.050918 0.034746
0.37621 0.037168
0.23279 0.036677
0.38363 0.033118
0.077381 0.037098
0.11901 0.03837
0.24904 0.038815
0.3908 0.023918
0.33522 0.038715
0.40784 0.022341
0.40078 0.027579
0.33119 0.036588
0.39657 0.034272
0.3534 0.038845
0.40247 0.036667
0.31297 0.03797
0.12826 0.037144
0.40352 0.036672
0.42828 0.025687
0.40457 0.037074
0.37383 0.038131
0.4439 0.032028
0.42874 0.028135
0.41352 0.031668
0.44035 0.032065
0.42459 0.030457
0.39667 0.039478
0.45535 0.020418
0.45032 0.021498
0.52417 0.020088
0.53132 0.020208
0.4101 0.024907
0.50913 0.023638
0.41615 0.024551
0.50537 0.025496
0.41606 0.024589
0.41535 0.025298
0.46744 0.025794
0.5095 0.028023
0.45527 0.029152
0.47777 0.024455
0.50451 0.026996
0.5291 0.021687
0.43948 0.035085
0.49648 0.027497
0.5158 0.025684
0.51387 0.0278
0.44832 0.036036
0.47601 0.029469
0.52491 0.022893
0.52706 0.023919
0.46913 0.035138
0.51993 0.026507
0.54557 0.02176
0.54778 0.026579
0.56362 0.021531
0.57881 0.029175
0.54913 0.029525
0.58324 0.030199
0.53658 0.037657
0.57792 0.031072
0.54005 0.025032
0.51448 0.039281
0.57753 0.031002
0.56284 0.030457
0.53953 0.027264
0.53648 0.021881
0.56325 0.031196
0.54553 0.038513
0.47137 0.039336
0.4588 0.039858
0.54764 0.038377
0.43783 0.038905
0.53479 0.022415
0.47723 0.036402
0.42328 0.03845
0.41929 0.039317
0.53806 0.026352
0.5943 0.021646
0.58846 0.031554
0.60979 0.028054
0.61433 0.038378
0.59549 0.034244
0.61324 0.038229
0.58351 0.03212
0.59449 0.036158
0.6577 0.038476
0.5909 0.035712
0.59331 0.03742
0.68971 0.037219
0.78203 0.038831
0.55896 0.034888
0.57932 0.039363
0.66311 0.038512
0.59868 0.039608
0.49608 0.038298
0.44465 0.038819
0.603 0.039149
0.61067 0.022124
0.62607 0.037988
0.62315 0.028103
0.70846 0.03993
0.66577 0.037819
0.89182 0.039107
0.68046 0.038071
0.7636 0.039255
0.76445 0.039417
0.6627 0.038525
0.62365 0.038392
0.63887 0.037489
0.80798 0.039523
0.65256 0.038168
0.93192 0.03474
0.91726 0.037329
0.93512 0.034387
0.67161 0.034655
0.88918 0.039102
0.70663 0.038871
0.95252 0.034434
0.94357 0.034183
0.953 0.03447
0.63622 0.034383
0.95484 0.03458
0.69469 0.033099
0.78029 0.03902
0.95513 0.034594
0.67628 0.03264
0.82262 0.039881
0.70558 0.036095
0.9523 0.034325
0.95132 0.034217
0.63546 0.026033
0.81824 0.038986
0.72295 0.038497
0.94655 0.033556
0.94772 0.033971
0.94637 0.033576
0.64075 0.022901
0.94392 0.033235
0.70558 0.033279
0.93273 0.03283
0.94121 0.033174
0.93389 0.032791
0.65894 0.025946
0.74878 0.040224
0.69777 0.029463
0.89103 0.036977
0.9157 0.036733
0.68407 0.026571
0.73322 0.037494
0.67501 0.024084
0.75882 0.037103
0.8871 0.038614
0.87566 0.035384
0.68599 0.023783
0.85012 0.034736
0.73294 0.035646
0.7768 0.038669
0.70468 0.024883
0.7779 0.038546
0.74337 0.036533
0.81687 0.03708
0.81326 0.036648
0.71598 0.025754
0.82169 0.039074
0.72227 0.02583
0.83422 0.038498
0.82109 0.038823
0.83558 0.037202
0.73083 0.027248
0.85118 0.034614
0.74263 0.029526
0.86206 0.035232
0.86054 0.035194
0.74139 0.024144
0.87579 0.034902
0.75183 0.025009
0.78906 0.036296
0.87151 0.035111
0.8759 0.032076
0.76321 0.026496
0.8812 0.030412
0.77027 0.027787
0.79939 0.034281
0.88428 0.031126
0.89267 0.034409
0.77307 0.024918
0.89653 0.03522
0.7808 0.024974
0.90344 0.033353
0.89701 0.034896
0.90875 0.031874
0.78982 0.021717
0.91264 0.032029
0.81121 0.026871
0.91976 0.031149
0.9214 0.030838
0.8151 0.023372
0.88525 0.025924
0.81913 0.023677
0.94179 0.029865
0.93611 0.028965
0.94678 0.030248
0.8258 0.022168
0.9573 0.032156
0.85168 0.024048
0.95879 0.031674
0.95744 0.032155
0.86265 0.021603
0.91156 0.025923
0.89683 0.024621
0.91678 0.02558
0.96148 0.030912
0.96344 0.031082
0.90198 0.022645
0.97001 0.031193
0.92801 0.023054
0.97103 0.031109
0.97002 0.031192
0.97082 0.031124
0.95588 0.022595
0.9752 0.031059
0.96961 0.022404
0.97282 0.025776
0.97408 0.031056
0.97717 0.030943
