340
0.02083 0.022474
0.024143 0.037695
0.03266 0.023387
0.022997 0.057189
0.024745 0.056907
0.03853 0.021354
0.0366 0.035251
0.04454 0.031658
0.029936 0.059074
0.026663 0.057047
0.02857 0.057993
0.0532 0.025692
0.031055 0.059612
0.060417 0.024321
0.032982 0.061334
0.032216 0.060846
0.033061 0.06137
0.067886 0.023432
0.03913 0.05973
0.071389 0.026431
0.045504 0.057489
0.04923 0.056774
0.077156 0.02913
0.056542 0.057765
0.084619 0.029842
0.06001 0.05989
0.056439 0.057711
0.058642 0.058944
0.08827 0.034079
0.060823 0.060746
0.095219 0.028283
0.064366 0.061583
0.060754 0.060707
0.065243 0.062112
0.09663 0.03536
0.093938 0.04108
0.10459 0.023079
0.069669 0.06422
0.069715 0.062291
0.070363 0.063074
0.1085 0.033727
0.098449 0.044333
0.11861 0.022042
0.10386 0.045436
0.071946 0.064383
0.12136 0.030819
0.10242 0.050539
0.1281 0.031017
0.10899 0.048497
0.12748 0.03814
0.11497 0.047488
0.13775 0.022798
0.089086 0.062862
0.056894 0.071574
0.10003 0.058367
0.14092 0.023886
0.10826 0.055339
0.13921 0.035964
0.1163 0.054547
0.1064 0.055887
0.11473 0.054372
0.15009 0.023605
0.1178 0.055619
0.14624 0.037348
0.11847 0.056698
0.11815 0.056298
0.15805 0.031046
0.11968 0.058501
0.15274 0.038949
0.1416 0.046891
0.11968 0.058588
0.11787 0.059475
0.16849 0.03093
0.14426 0.04644
0.17013 0.032074
0.14163 0.051087
0.056263 0.075462
0.17785 0.027848
0.045901 0.076706
0.18016 0.028768
0.15615 0.047063
0.047357 0.076606
0.042952 0.076856
0.17571 0.03765
0.029989 0.076654
0.18471 0.033574
0.15959 0.050561
0.032665 0.076424
0.02657 0.077513
0.18628 0.035169
0.024106 0.083799
0.19362 0.028259
0.023566 0.099524
0.023542 0.092852
0.19045 0.039953
0.023842 0.1062
0.19258 0.041697
0.065555 0.076295
0.024002 0.11072
0.19656 0.038287
0.032324 0.081578
0.20134 0.032523
0.029361 0.08418
0.024098 0.11453
0.19817 0.042298
0.024225 0.11953
0.20465 0.031329
0.024279 0.12043
0.024224 0.11966
0.024234 0.12015
0.2027 0.041912
0.02942 0.087483
0.15013 0.05821
0.02457 0.11967
0.024324 0.12048
0.2077 0.041325
0.11056 0.06509
0.2132 0.035054
0.030642 0.09089
0.05435 0.081823
0.11275 0.066215
0.21604 0.025016
0.17034 0.057163
0.23061 0.023394
0.22494 0.029437
0.16841 0.05788
0.22469 0.039142
0.18483 0.053797
0.23231 0.044227
0.15431 0.05989
0.057584 0.082207
0.23305 0.04432
0.26019 0.033968
0.23445 0.047467
0.20459 0.053111
0.27031 0.041923
0.2622 0.038483
0.24756 0.045242
0.26748 0.045158
0.26096 0.043407
0.283 0.044676
0.27109 0.02075
0.26918 0.022996
0.42171 0.020045
0.50293 0.020135
0.23283 0.028778
0.33718 0.020622
0.24067 0.032714
0.31735 0.021704
0.24056 0.032793
0.24008 0.034375
0.28072 0.027235
0.34462 0.021343
0.27414 0.034413
0.2906 0.02655
0.31539 0.022395
0.47871 0.020897
0.27724 0.040569
0.30836 0.02448
0.37338 0.02153
0.36991 0.021935
0.3213 0.025011
0.29802 0.028898
0.42459 0.021445
0.45737 0.021715
0.29514 0.030191
0.39722 0.022423
0.70683 0.020435
0.71699 0.022362
0.74275 0.021073
0.75898 0.028621
0.72514 0.024161
0.76221 0.030014
0.71992 0.027149
0.75704 0.03029
0.65907 0.021171
0.69021 0.023995
0.75667 0.030177
0.74779 0.029574
0.65722 0.021693
0.60688 0.020899
0.74905 0.030651
0.73741 0.03114
0.69184 0.026244
0.68958 0.027079
0.73989 0.033384
0.70698 0.031536
0.55974 0.021309
0.67558 0.026319
0.69899 0.031476
0.71773 0.042943
0.62626 0.02233
0.77653 0.021663
0.76592 0.031718
0.78573 0.03334
0.78258 0.043458
0.77097 0.034446
0.78069 0.042099
0.76142 0.031881
0.76799 0.03652
0.82081 0.050478
0.76491 0.036158
0.76501 0.037942
0.84113 0.056102
0.88038 0.05834
0.74613 0.033841
0.75295 0.039817
0.82551 0.052612
0.76391 0.044706
0.73203 0.039555
0.72829 0.042611
0.76434 0.052436
0.78839 0.023675
0.79367 0.042103
0.794 0.030587
0.85147 0.057141
0.82707 0.049918
0.9517 0.082882
0.83667 0.054642
0.87863 0.058114
0.87874 0.058181
0.82526 0.052561
0.79149 0.054377
0.80247 0.039032
0.90628 0.064342
0.81578 0.041735
0.97361 0.10909
0.96908 0.098488
0.97388 0.10955
0.83101 0.045439
0.9452 0.077095
0.84937 0.052728
0.97477 0.11044
0.97434 0.11021
0.97479 0.11044
0.80471 0.033528
0.97489 0.11023
0.84268 0.047176
0.88106 0.05404
0.9749 0.11004
0.8343 0.042673
0.90911 0.062356
0.848 0.047977
0.97444 0.10709
0.97429 0.10633
0.80769 0.025842
0.90842 0.060332
0.85592 0.048744
0.97178 0.094187
0.97356 0.10249
0.97185 0.094503
0.81398 0.023259
0.97011 0.089425
0.84885 0.042758
0.96694 0.085223
0.96932 0.087957
0.9673 0.085551
0.8259 0.03052
0.87148 0.047701
0.84567 0.038455
0.9435 0.070496
0.95662 0.078406
0.84003 0.032454
0.86325 0.043784
0.835 0.02738
0.88008 0.045547
0.93794 0.069047
0.93257 0.067162
0.84111 0.027259
0.92079 0.061288
0.86557 0.039188
0.88547 0.045261
0.85053 0.02836
0.88631 0.044745
0.87292 0.038541
0.90982 0.053499
0.90893 0.053372
0.85774 0.028402
0.91115 0.053606
0.86196 0.027778
0.91683 0.055699
0.91098 0.053583
0.9176 0.05602
0.86925 0.029257
0.92321 0.058262
0.87736 0.031366
0.92985 0.060935
0.92883 0.060533
0.87729 0.02496
0.93489 0.061465
0.8867 0.026398
0.89953 0.03971
0.93317 0.061166
0.93921 0.062182
0.89409 0.028708
0.94122 0.061488
0.89999 0.027713
0.91195 0.0397
0.94167 0.06123
0.94451 0.059983
0.90275 0.025463
0.94661 0.057025
0.90974 0.026193
0.94933 0.056355
0.94689 0.056884
0.9511 0.056228
0.9161 0.022555
0.95235 0.056108
0.92539 0.033097
0.95499 0.056073
0.95563 0.056189
0.93101 0.026337
0.94745 0.043676
0.93345 0.026212
0.96123 0.058478
0.96 0.057398
0.9621 0.059421
0.93821 0.023589
0.96522 0.060889
0.94615 0.032429
0.96673 0.0583
0.96533 0.060723
0.95188 0.025947
0.95916 0.041775
0.95823 0.034296
0.96129 0.041498
0.9692 0.05497
0.97033 0.054478
0.96184 0.028792
0.97415 0.053757
0.96704 0.03481
0.97478 0.053577
0.97415 0.053755
0.97465 0.053608
0.97343 0.030841
0.97722 0.05347
0.97719 0.028885
0.97757 0.04127
0.97658 0.053464
0.97838 0.053222
