340
0.024305 0.020477
0.04004 0.023103
0.087529 0.020859
0.032433 0.027791
0.039689 0.027188
0.11168 0.020328
0.10091 0.023684
0.13538 0.022457
0.066389 0.027776
0.04933 0.026741
0.058949 0.026904
0.17526 0.021829
0.071316 0.028544
0.19227 0.022087
0.079004 0.030909
0.07605 0.029844
0.079292 0.030989
0.20601 0.021883
0.096428 0.030775
0.21247 0.023507
0.11995 0.029016
0.13595 0.027634
0.21858 0.024869
0.16521 0.028844
0.23175 0.02494
0.17071 0.029789
0.16501 0.028817
0.16883 0.029428
0.22968 0.027
0.17163 0.030036
0.25791 0.023399
0.17666 0.030871
0.17153 0.030018
0.17764 0.031171
0.24946 0.026437
0.23075 0.029617
0.28494 0.021104
0.18361 0.032706
0.18298 0.03215
0.18395 0.032503
0.29249 0.024827
0.24386 0.029276
0.32193 0.021159
0.26713 0.027959
0.18635 0.033504
0.32673 0.026964
0.25604 0.029477
0.33564 0.028997
0.29481 0.028213
0.33656 0.03364
0.32359 0.032394
0.34549 0.022371
0.2053 0.035515
0.15597 0.03192
0.23703 0.032255
0.34863 0.023207
0.28284 0.029392
0.34674 0.03332
0.32915 0.036302
0.26937 0.029644
0.32479 0.034714
0.3617 0.022224
0.33271 0.037864
0.3537 0.03317
0.33443 0.038681
0.33372 0.038362
0.37624 0.025966
0.33729 0.039934
0.36534 0.031127
0.34824 0.039875
0.33731 0.039956
0.33436 0.039089
0.3974 0.026167
0.34976 0.039337
0.40015 0.027379
0.34965 0.042278
0.14856 0.03244
0.4104 0.026175
0.11239 0.035492
0.41319 0.027149
0.37028 0.034624
0.11621 0.035296
0.10485 0.035754
0.40829 0.033428
0.069325 0.032062
0.41921 0.033059
0.37704 0.036191
0.080916 0.035655
0.049453 0.030878
0.42182 0.035435
0.036609 0.033165
0.42694 0.028972
0.03666 0.036172
0.034853 0.0352
0.42608 0.041147
0.040151 0.036644
0.42725 0.042191
0.18493 0.036233
0.043116 0.036873
0.42953 0.040002
0.080746 0.036613
0.43375 0.032907
0.067807 0.033374
0.043326 0.037286
0.43071 0.043045
0.041886 0.037797
0.43718 0.031875
0.04181 0.037859
0.041809 0.037809
0.041605 0.037852
0.43462 0.042435
0.068863 0.034283
0.36325 0.041111
0.045062 0.037659
0.042158 0.037844
0.43948 0.042898
0.29079 0.030717
0.44363 0.040394
0.076373 0.036419
0.13762 0.033458
0.31092 0.032598
0.44709 0.027025
0.40514 0.042029
0.45758 0.023572
0.45263 0.032191
0.40288 0.041599
0.44942 0.043897
0.42329 0.043387
0.45423 0.044948
0.37372 0.040719
0.15937 0.03459
0.45528 0.044478
0.46782 0.036391
0.45631 0.044964
0.43731 0.044145
0.47662 0.050557
0.46916 0.043405
0.46333 0.042712
0.47481 0.050263
0.46829 0.047367
0.45413 0.064382
0.47696 0.020991
0.47536 0.023858
0.51161 0.020148
0.5158 0.020339
0.45922 0.028214
0.50216 0.025084
0.46297 0.029863
0.49897 0.028142
0.46293 0.029915
0.46261 0.031137
0.48316 0.03168
0.50257 0.031238
0.47929 0.041651
0.48803 0.033247
0.49828 0.030591
0.51455 0.022876
0.47595 0.056552
0.49448 0.035521
0.50684 0.028771
0.50577 0.031673
0.48112 0.058734
0.49145 0.046353
0.51206 0.024865
0.51337 0.026681
0.48926 0.050428
0.50928 0.030563
0.52553 0.023049
0.52712 0.032148
0.53287 0.023776
0.5393 0.035605
0.52775 0.038742
0.54146 0.036666
0.52105 0.050898
0.53762 0.039869
0.52125 0.027837
0.51152 0.052652
0.53742 0.039909
0.53132 0.048541
0.52101 0.031261
0.51875 0.022925
0.53087 0.050811
0.52491 0.059313
0.49363 0.062591
0.48594 0.06355
0.52536 0.063098
0.47751 0.065896
0.51773 0.023787
0.49672 0.06137
0.47314 0.067118
0.47274 0.068212
0.51979 0.029811
0.55076 0.022489
0.54398 0.038289
0.55655 0.036003
0.55045 0.051523
0.54647 0.04247
0.54973 0.051547
0.54031 0.0404
0.54449 0.045678
0.58097 0.048429
0.54279 0.045385
0.54263 0.04801
0.61126 0.042084
0.70923 0.029636
0.52779 0.06216
0.5302 0.06397
0.58778 0.045687
0.54086 0.054272
0.50189 0.064522
0.48077 0.065835
0.54188 0.055334
0.55985 0.024106
0.56409 0.045687
0.56542 0.032365
0.63055 0.041327
0.5903 0.04337
0.87416 0.032137
0.605 0.042649
0.6893 0.030256
0.69042 0.030155
0.5874 0.045881
0.56034 0.048295
0.5708 0.047351
0.77508 0.032604
0.57752 0.047963
0.93962 0.033953
0.91742 0.035198
0.94327 0.033781
0.59596 0.03887
0.85282 0.034585
0.62812 0.038851
0.95859 0.03769
0.95077 0.035079
0.95903 0.037862
0.57252 0.041761
0.96039 0.038414
0.61569 0.036159
0.70979 0.029181
0.96062 0.038504
0.60111 0.036315
0.79167 0.03376
0.62667 0.036134
0.9584 0.037399
0.9574 0.036969
0.57484 0.029599
0.78705 0.032904
0.64186 0.042294
0.95329 0.03457
0.95416 0.035632
0.95314 0.034559
0.57851 0.024682
0.95124 0.033427
0.62658 0.033378
0.94096 0.031457
0.94915 0.032613
0.94223 0.03145
0.58934 0.029239
0.65928 0.039188
0.61895 0.030961
0.8774 0.030857
0.91756 0.033729
0.60878 0.028435
0.64863 0.041208
0.60127 0.025378
0.6848 0.028812
0.84643 0.034999
0.8349 0.037067
0.61003 0.024849
0.81991 0.037463
0.64933 0.037744
0.71297 0.027918
0.62546 0.024999
0.71562 0.027914
0.6573 0.035251
0.78794 0.031146
0.78376 0.030884
0.63691 0.026422
0.79353 0.0317
0.64183 0.026784
0.81212 0.034802
0.79283 0.031607
0.81362 0.035051
0.64937 0.028541
0.8223 0.036051
0.65983 0.028798
0.83231 0.03548
0.83069 0.035788
0.65835 0.023999
0.8425 0.033547
0.6719 0.023452
0.73923 0.027823
0.83856 0.034245
0.85734 0.030014
0.68999 0.023242
0.8696 0.028812
0.70665 0.022665
0.76393 0.027247
0.87263 0.028716
0.88494 0.029352
0.71486 0.021901
0.89325 0.029447
0.73424 0.022297
0.90422 0.028997
0.89433 0.029352
0.91206 0.029286
0.75035 0.020981
0.91756 0.029432
0.78609 0.024739
0.92576 0.029157
0.92776 0.029019
0.79133 0.022321
0.87739 0.024755
0.79754 0.022358
0.95026 0.029413
0.94488 0.028026
0.95442 0.030834
0.80938 0.021344
0.96331 0.035038
0.83768 0.023561
0.96465 0.034856
0.96343 0.035071
0.85389 0.021316
0.91594 0.024824
0.89537 0.023092
0.92216 0.02461
0.96682 0.03457
0.96821 0.035232
0.903 0.02181
0.97292 0.036483
0.93466 0.02266
0.97364 0.03636
0.97292 0.036482
0.9735 0.036381
0.96357 0.023272
0.9766 0.036286
0.97294 0.02354
0.97513 0.028506
0.97581 0.036282
0.978 0.036116
