340
0.025049 0.020407
0.04302 0.022892
0.087971 0.02102
0.034689 0.026818
0.042795 0.026689
0.10741 0.020473
0.098983 0.024566
0.12145 0.023672
0.068541 0.028129
0.052634 0.026801
0.061554 0.027533
0.15155 0.022534
0.072976 0.029049
0.16386 0.0228
0.079056 0.032316
0.076846 0.030695
0.079282 0.032473
0.17503 0.022307
0.092441 0.032897
0.17965 0.024651
0.10993 0.034703
0.11994 0.031678
0.18495 0.026445
0.14335 0.032304
0.1946 0.026824
0.14699 0.033773
0.14315 0.032261
0.1459 0.033205
0.19376 0.029504
0.14751 0.034157
0.21155 0.025344
0.15089 0.035315
0.14745 0.034131
0.15154 0.035755
0.20695 0.029888
0.19438 0.033592
0.2296 0.021853
0.15578 0.03785
0.1556 0.037006
0.15621 0.037518
0.23427 0.02927
0.20383 0.034884
0.25055 0.021386
0.21449 0.033865
0.15747 0.038958
0.25522 0.027348
0.20935 0.035889
0.26374 0.029139
0.23096 0.036034
0.26404 0.033858
0.24982 0.035825
0.27378 0.022209
0.17071 0.038279
0.12622 0.037304
0.19602 0.036012
0.27709 0.022751
0.22191 0.035886
0.27553 0.032024
0.2543 0.037349
0.2136 0.036505
0.24942 0.038212
0.29373 0.021847
0.25774 0.037853
0.28471 0.030985
0.25975 0.038226
0.25889 0.038074
0.31175 0.024757
0.26363 0.038749
0.29864 0.029186
0.27839 0.036364
0.26366 0.038755
0.25948 0.038328
0.33612 0.026332
0.2809 0.035634
0.33838 0.027543
0.2813 0.036345
0.11848 0.038934
0.34759 0.026207
0.099022 0.039411
0.35047 0.027123
0.30552 0.032363
0.1026 0.039584
0.094311 0.038705
0.34621 0.033877
0.06997 0.032987
0.35675 0.032028
0.31451 0.033518
0.077597 0.037609
0.053825 0.031053
0.35976 0.033294
0.040579 0.031998
0.36526 0.027177
0.040863 0.034568
0.038561 0.033541
0.36417 0.036301
0.045237 0.035126
0.36572 0.036842
0.15336 0.03997
0.049098 0.035424
0.3698 0.036149
0.076772 0.038136
0.37549 0.030191
0.068376 0.034766
0.049381 0.035684
0.37195 0.037671
0.047722 0.035918
0.37909 0.028809
0.047632 0.03595
0.047627 0.035922
0.047368 0.03594
0.37801 0.037652
0.068943 0.035841
0.30232 0.035717
0.051144 0.036002
0.048073 0.035952
0.38265 0.036793
0.22275 0.036815
0.38868 0.033329
0.073132 0.037678
0.1132 0.039778
0.23907 0.038538
0.39433 0.023975
0.33849 0.036375
0.41189 0.02224
0.40438 0.027277
0.33305 0.034807
0.40129 0.033948
0.36083 0.037524
0.40809 0.03568
0.31183 0.034515
0.12176 0.038885
0.40923 0.035649
0.43266 0.025802
0.41051 0.036068
0.38041 0.03781
0.44868 0.032191
0.43312 0.028295
0.41856 0.031313
0.44519 0.032236
0.42934 0.03046
0.40305 0.039131
0.45921 0.020431
0.45429 0.021529
0.52521 0.020101
0.53114 0.020242
0.41429 0.024719
0.5106 0.023459
0.4206 0.024453
0.50659 0.025372
0.42051 0.024489
0.41976 0.025173
0.47075 0.02612
0.51099 0.027629
0.45913 0.02943
0.48057 0.024764
0.50567 0.026882
0.52929 0.022008
0.4451 0.035253
0.49772 0.027817
0.51774 0.025861
0.51564 0.027842
0.45396 0.036437
0.47881 0.030102
0.52582 0.023323
0.5276 0.024614
0.47295 0.035938
0.52169 0.027063
0.54439 0.021752
0.54667 0.02643
0.56217 0.021567
0.57741 0.02923
0.54818 0.029455
0.5818 0.030482
0.53802 0.039723
0.57603 0.031007
0.53875 0.025338
0.51969 0.039796
0.57565 0.03092
0.56127 0.03067
0.53822 0.027751
0.53541 0.022074
0.56157 0.031421
0.54618 0.039196
0.47543 0.040326
0.46462 0.04089
0.54808 0.038914
0.44467 0.039187
0.534 0.022711
0.48025 0.037437
0.43069 0.038511
0.42711 0.039114
0.53681 0.026888
0.59234 0.021737
0.58649 0.032135
0.6068 0.028661
0.6087 0.0384
0.59246 0.03507
0.60766 0.038611
0.58163 0.032366
0.59117 0.037043
0.66022 0.038722
0.58797 0.036482
0.58984 0.038319
0.68764 0.039794
0.78543 0.040049
0.5578 0.035015
0.57475 0.039141
0.66514 0.038625
0.59426 0.040952
0.49461 0.039379
0.45124 0.03959
0.59785 0.040854
0.60764 0.022234
0.6234 0.035094
0.62041 0.027112
0.70484 0.039507
0.66722 0.037936
0.90231 0.039907
0.68066 0.039714
0.76661 0.037202
0.76762 0.037377
0.66478 0.038637
0.6197 0.036117
0.6418 0.035457
0.80853 0.037696
0.65547 0.038292
0.93896 0.036969
0.92605 0.039284
0.94175 0.036637
0.67284 0.035128
0.89976 0.039794
0.70319 0.038701
0.95657 0.036947
0.94896 0.036597
0.95698 0.036988
0.63756 0.032331
0.95855 0.037115
0.69287 0.034634
0.78428 0.039911
0.9588 0.037132
0.67736 0.033349
0.82518 0.036909
0.70257 0.036123
0.95639 0.036818
0.95556 0.036692
0.63581 0.025127
0.82043 0.036661
0.71714 0.03924
0.9515 0.035913
0.95249 0.036404
0.95134 0.035935
0.6421 0.022606
0.94926 0.035495
0.70324 0.033333
0.93967 0.034787
0.94695 0.035366
0.94069 0.034766
0.6606 0.025989
0.74697 0.03692
0.69649 0.030146
0.90155 0.037661
0.92467 0.03854
0.68478 0.027292
0.72617 0.03729
0.67632 0.024282
0.76087 0.035155
0.89774 0.039179
0.88651 0.035438
0.68637 0.024246
0.85988 0.033546
0.72726 0.035404
0.78123 0.038633
0.70311 0.024954
0.7823 0.03875
0.73966 0.034065
0.81929 0.035129
0.81529 0.034844
0.71502 0.025861
0.82428 0.036331
0.7211 0.025902
0.84091 0.034895
0.82364 0.036185
0.8428 0.034049
0.72931 0.027275
0.86104 0.033519
0.74218 0.028241
0.87279 0.034706
0.87126 0.034588
0.74061 0.023601
0.88664 0.034958
0.75339 0.024246
0.79076 0.038686
0.8823 0.035052
0.88676 0.032123
0.76631 0.025843
0.89202 0.03056
0.77393 0.027255
0.79966 0.034328
0.89501 0.031374
0.90313 0.035036
0.77704 0.024759
0.90683 0.035999
0.78503 0.025252
0.91334 0.034256
0.9073 0.035672
0.91829 0.032895
0.79269 0.021964
0.92189 0.033213
0.81458 0.026133
0.92827 0.032495
0.92971 0.032201
0.81886 0.023019
0.89595 0.026073
0.82325 0.023202
0.94744 0.031515
0.94259 0.030382
0.95169 0.032031
0.83108 0.021798
0.96064 0.034268
0.86172 0.023753
0.96192 0.033701
0.96077 0.034267
0.8734 0.021551
0.9209 0.026486
0.90712 0.02486
0.92563 0.026201
0.96421 0.032805
0.96588 0.033003
0.91197 0.022811
0.97149 0.033129
0.93552 0.023494
0.97235 0.033031
0.97149 0.033128
0.97218 0.033048
0.95944 0.023046
0.9759 0.032973
0.97114 0.02282
0.97388 0.026775
0.97496 0.032969
0.97758 0.032837
