340
0.023781 0.020543
0.037281 0.023909
0.071977 0.021207
0.03092 0.029171
0.037011 0.029028
0.089293 0.020464
0.081612 0.025032
0.10588 0.023445
0.056215 0.030562
0.044253 0.029359
0.050783 0.029545
0.13317 0.022489
0.059948 0.031489
0.14721 0.022596
0.064237 0.035063
0.062802 0.033278
0.064383 0.035222
0.15831 0.022611
0.075874 0.035179
0.16229 0.025339
0.093151 0.033138
0.10544 0.030759
0.16618 0.027996
0.12502 0.033369
0.17399 0.028881
0.12779 0.034125
0.12487 0.033359
0.12697 0.033779
0.17261 0.032405
0.12812 0.034419
0.18779 0.025908
0.13058 0.035186
0.12807 0.034403
0.13101 0.035555
0.18262 0.031719
0.17156 0.037518
0.20505 0.021799
0.13466 0.037146
0.13481 0.036324
0.13537 0.036743
0.20918 0.028669
0.17796 0.038521
0.22898 0.021202
0.18864 0.034981
0.1365 0.038019
0.23425 0.026338
0.18256 0.0385
0.2439 0.02719
0.20324 0.035215
0.24258 0.030876
0.22622 0.033259
0.25806 0.021747
0.15157 0.039871
0.11419 0.038081
0.17149 0.041617
0.2623 0.022405
0.19455 0.036385
0.25918 0.029833
0.23051 0.035065
0.18672 0.038768
0.22492 0.03536
0.27806 0.021953
0.23406 0.034991
0.26889 0.030774
0.23604 0.03496
0.23519 0.034981
0.29512 0.025567
0.23986 0.035012
0.28191 0.029692
0.26057 0.034656
0.2399 0.035016
0.23571 0.035117
0.31529 0.026547
0.26313 0.034634
0.31745 0.027602
0.26274 0.035838
0.10794 0.038163
0.32778 0.02572
0.081507 0.041934
0.33089 0.026447
0.28649 0.033447
0.084043 0.041547
0.077361 0.041993
0.32344 0.032868
0.056738 0.036598
0.33718 0.031213
0.29244 0.035706
0.062617 0.041874
0.043806 0.03511
0.34055 0.032923
0.034096 0.036089
0.34707 0.027394
0.033726 0.039753
0.032397 0.038273
0.34562 0.036535
0.036173 0.040906
0.347 0.03729
0.13099 0.040189
0.03816 0.041647
0.35022 0.036963
0.06196 0.042808
0.35558 0.031065
0.054896 0.038614
0.038225 0.042144
0.35177 0.038974
0.037166 0.04246
0.35907 0.029618
0.037105 0.042514
0.037113 0.042461
0.036968 0.042476
0.35674 0.039132
0.055219 0.039945
0.27985 0.037622
0.039296 0.042869
0.037342 0.042551
0.36079 0.038102
0.19487 0.037656
0.36722 0.034291
0.059177 0.042345
0.098304 0.038904
0.20988 0.036624
0.37315 0.024098
0.31175 0.036517
0.39272 0.021866
0.38353 0.026499
0.30787 0.035768
0.37792 0.033136
0.34146 0.037364
0.38574 0.033286
0.28961 0.037182
0.11147 0.039687
0.38722 0.03308
0.41273 0.026867
0.38866 0.033276
0.35863 0.039444
0.42652 0.032898
0.41311 0.029804
0.40011 0.030903
0.42327 0.032815
0.40982 0.032034
0.37675 0.039231
0.43728 0.020405
0.43321 0.021558
0.5118 0.02009
0.51895 0.020209
0.39564 0.024139
0.49631 0.023134
0.40308 0.024586
0.49151 0.024655
0.40299 0.024614
0.40221 0.02523
0.4514 0.024915
0.49676 0.026938
0.43722 0.028879
0.46287 0.024464
0.49042 0.025932
0.51678 0.021765
0.42212 0.035983
0.48118 0.026702
0.50391 0.025348
0.50176 0.027169
0.43071 0.036926
0.46058 0.029346
0.51257 0.022966
0.51479 0.024087
0.45214 0.032967
0.50778 0.026423
0.53412 0.021524
0.5368 0.02559
0.55522 0.021218
0.57712 0.026126
0.5385 0.028219
0.58295 0.026859
0.52484 0.037479
0.57473 0.027384
0.52763 0.024643
0.5037 0.038067
0.5742 0.027356
0.55378 0.028387
0.52703 0.026742
0.52383 0.021806
0.55402 0.028956
0.53458 0.036903
0.45229 0.037777
0.43848 0.039523
0.53692 0.036595
0.42032 0.040193
0.52223 0.022344
0.45958 0.035623
0.40887 0.040428
0.40627 0.040279
0.52543 0.025994
0.60025 0.021118
0.59015 0.027729
0.61993 0.027607
0.63079 0.035926
0.59925 0.02953
0.62933 0.035616
0.58213 0.02807
0.59693 0.030598
0.67455 0.038749
0.59179 0.030265
0.59476 0.031284
0.69852 0.040171
0.80885 0.039427
0.54889 0.032228
0.571 0.032934
0.67915 0.038528
0.60325 0.033196
0.47541 0.036744
0.42638 0.040288
0.61012 0.033545
0.62088 0.021975
0.64428 0.035226
0.63449 0.027036
0.71681 0.03928
0.68047 0.037555
0.90492 0.040451
0.69218 0.040229
0.78765 0.036111
0.78868 0.036074
0.67887 0.038538
0.64251 0.036455
0.65822 0.038
0.82882 0.04059
0.66937 0.038415
0.93757 0.036014
0.92554 0.043202
0.9404 0.035052
0.6845 0.035306
0.90192 0.041529
0.71486 0.038182
0.95559 0.036265
0.94736 0.0351
0.95605 0.036381
0.65341 0.034426
0.95746 0.036755
0.70337 0.03486
0.80749 0.038646
0.9577 0.036815
0.68834 0.033834
0.83928 0.040932
0.71388 0.035763
0.95538 0.036016
0.95433 0.035711
0.64849 0.026023
0.8356 0.039972
0.73031 0.038355
0.94993 0.034093
0.9509 0.03494
0.94978 0.034112
0.65334 0.023008
0.94772 0.033366
0.71401 0.033037
0.93817 0.032869
0.94545 0.032904
0.93921 0.032668
0.67109 0.025919
0.76192 0.035904
0.70681 0.030323
0.90294 0.037946
0.92469 0.041458
0.69517 0.027552
0.74069 0.037777
0.68707 0.024431
0.77822 0.033846
0.89943 0.040961
0.88998 0.039197
0.69665 0.024361
0.86368 0.038702
0.74096 0.035726
0.80366 0.036725
0.71331 0.024863
0.80454 0.036696
0.75178 0.033995
0.83429 0.037659
0.83153 0.037319
0.72549 0.02575
0.83826 0.0389
0.7314 0.025945
0.85261 0.040052
0.83776 0.038725
0.85385 0.039915
0.73974 0.027627
0.86453 0.038055
0.75174 0.028236
0.87947 0.037783
0.87767 0.037707
0.74981 0.02365
0.88984 0.038399
0.7637 0.024008
0.81256 0.038029
0.88616 0.038237
0.8889 0.034941
0.77742 0.025369
0.89264 0.032266
0.78532 0.026053
0.818 0.033793
0.89496 0.03252
0.90394 0.035279
0.78909 0.023973
0.90868 0.035886
0.79966 0.024517
0.91389 0.034701
0.90903 0.035589
0.91822 0.03433
0.8076 0.021825
0.92168 0.034497
0.82901 0.027146
0.92658 0.03273
0.92769 0.032293
0.83241 0.023557
0.89498 0.026634
0.8361 0.023698
0.94644 0.0295
0.94123 0.028628
0.95091 0.030325
0.84365 0.022067
0.96043 0.033456
0.86479 0.024789
0.96191 0.03319
0.96056 0.033477
0.87657 0.021748
0.91922 0.027369
0.90651 0.024903
0.9237 0.026723
0.96447 0.032765
0.96611 0.033233
0.9111 0.022904
0.97165 0.033972
0.93241 0.023385
0.97251 0.033868
0.97166 0.033971
0.97234 0.033886
0.96068 0.022923
0.97599 0.033806
0.97168 0.023001
0.97425 0.02721
0.97507 0.033802
0.97764 0.033661
