340
0.024023 0.02051
0.038167 0.02364
0.081842 0.020901
0.031705 0.028604
0.037989 0.02842
0.10466 0.020426
0.094772 0.023895
0.11934 0.023521
0.06043 0.027821
0.045976 0.028296
0.053222 0.028147
0.15032 0.022315
0.06544 0.028295
0.16516 0.022413
0.071798 0.031191
0.069564 0.02972
0.072029 0.031334
0.17737 0.022291
0.08675 0.030906
0.18167 0.024873
0.10727 0.033773
0.11757 0.03115
0.18664 0.026954
0.14162 0.031989
0.19551 0.02753
0.14487 0.033162
0.14144 0.031972
0.14392 0.032648
0.19458 0.030469
0.14529 0.033499
0.21053 0.025819
0.14834 0.034232
0.14524 0.033479
0.14893 0.034563
0.20627 0.031051
0.19431 0.035013
0.22827 0.021746
0.15379 0.035834
0.15373 0.035091
0.15443 0.035455
0.23328 0.028956
0.20233 0.036749
0.24943 0.021446
0.21139 0.035119
0.1558 0.036538
0.25403 0.027598
0.20683 0.037804
0.26233 0.029583
0.22799 0.035062
0.26262 0.034574
0.2488 0.036553
0.27164 0.022367
0.1729 0.037152
0.12386 0.036469
0.19533 0.037772
0.27461 0.02296
0.21804 0.036531
0.27273 0.032987
0.25333 0.038003
0.20987 0.038192
0.24845 0.039073
0.29032 0.02209
0.25665 0.0384
0.28137 0.031712
0.25858 0.038707
0.25775 0.038584
0.30506 0.02583
0.26227 0.039669
0.29454 0.030891
0.27462 0.03785
0.26231 0.039679
0.25832 0.038823
0.32613 0.027233
0.277 0.037099
0.32823 0.028665
0.27724 0.037799
0.11564 0.038037
0.3361 0.026935
0.094292 0.036665
0.33859 0.027761
0.29933 0.035326
0.09913 0.037023
0.08839 0.035856
0.33392 0.036064
0.06162 0.032301
0.34319 0.032735
0.30587 0.036632
0.069681 0.036034
0.046826 0.03333
0.34577 0.033945
0.036207 0.035119
0.35318 0.027164
0.0363 0.038366
0.034652 0.037074
0.34975 0.036981
0.039613 0.03905
0.35124 0.037357
0.15004 0.038163
0.042639 0.039447
0.35573 0.035902
0.068727 0.036524
0.36299 0.030274
0.059534 0.034432
0.042841 0.039759
0.35748 0.037416
0.041516 0.040089
0.36683 0.028676
0.041442 0.040126
0.04144 0.04009
0.041236 0.040101
0.36377 0.037752
0.060035 0.035363
0.29608 0.039121
0.044202 0.039966
0.041788 0.040144
0.36873 0.036574
0.21864 0.037259
0.37583 0.031752
0.064694 0.036308
0.1106 0.03867
0.23821 0.038518
0.38388 0.023253
0.3266 0.03888
0.40445 0.021975
0.39611 0.026305
0.32236 0.0368
0.39179 0.03179
0.34528 0.038537
0.39966 0.033935
0.30376 0.03803
0.11902 0.038114
0.4009 0.033966
0.42771 0.025253
0.40226 0.03433
0.36646 0.037804
0.44443 0.031286
0.4282 0.027531
0.41168 0.030035
0.44084 0.031342
0.42395 0.0295
0.393 0.036115
0.4566 0.020385
0.45116 0.0214
0.52647 0.02009
0.53317 0.020222
0.40711 0.024158
0.51065 0.023422
0.41422 0.02396
0.50655 0.025356
0.41412 0.023992
0.41328 0.024592
0.46971 0.025458
0.51105 0.027523
0.45652 0.028423
0.48043 0.024487
0.50561 0.026874
0.53108 0.021779
0.44027 0.034194
0.49786 0.027902
0.51792 0.025425
0.51582 0.027332
0.44945 0.03502
0.4786 0.029427
0.52716 0.022958
0.52918 0.024071
0.47194 0.034318
0.52241 0.026415
0.54642 0.021896
0.54846 0.027093
0.56321 0.021602
0.5781 0.028809
0.54972 0.030273
0.58286 0.029454
0.53852 0.038978
0.57714 0.030707
0.54133 0.025411
0.51708 0.038282
0.57676 0.030671
0.56244 0.030967
0.54085 0.027809
0.53799 0.02202
0.5628 0.03173
0.54656 0.03995
0.47478 0.038437
0.46093 0.038491
0.54846 0.039816
0.43907 0.037774
0.53641 0.022593
0.4807 0.036623
0.4247 0.03689
0.42082 0.03734
0.53947 0.026826
0.59544 0.02153
0.58878 0.030265
0.61056 0.028824
0.61407 0.039843
0.59701 0.033468
0.61317 0.039758
0.58302 0.031219
0.5959 0.035101
0.65708 0.038758
0.59158 0.034027
0.59451 0.036043
0.68892 0.037735
0.7911 0.038662
0.55877 0.035784
0.57767 0.038629
0.66246 0.038562
0.60105 0.039379
0.49723 0.039333
0.44569 0.03766
0.60472 0.039831
0.61136 0.022322
0.62531 0.038526
0.62301 0.028438
0.70871 0.036212
0.66522 0.037746
0.90678 0.038051
0.68068 0.038221
0.77387 0.038547
0.77471 0.03885
0.66202 0.038593
0.62278 0.039141
0.63848 0.037954
0.81922 0.0376
0.65198 0.038692
0.94486 0.037731
0.93128 0.039171
0.9475 0.037899
0.67109 0.034416
0.90345 0.038009
0.70627 0.035797
0.96003 0.03966
0.95357 0.038989
0.96037 0.039704
0.6358 0.034748
0.96169 0.039835
0.69344 0.032911
0.78939 0.038902
0.9619 0.039851
0.67572 0.032575
0.83594 0.036961
0.70501 0.033668
0.95986 0.039513
0.95915 0.039374
0.6351 0.026181
0.83058 0.036791
0.72736 0.036028
0.95567 0.038444
0.95654 0.039092
0.95554 0.038458
0.64027 0.022978
0.95374 0.037747
0.70516 0.03125
0.94532 0.035522
0.95177 0.037302
0.94629 0.035667
0.65789 0.026025
0.75634 0.036663
0.69651 0.028933
0.90559 0.035939
0.92985 0.038508
0.68319 0.02666
0.73795 0.035697
0.67414 0.024045
0.76898 0.035708
0.90108 0.038148
0.89015 0.03715
0.68505 0.023853
0.86907 0.036323
0.7377 0.034055
0.78624 0.03865
0.70423 0.024182
0.7872 0.038496
0.74926 0.033967
0.82924 0.03523
0.82561 0.034914
0.71855 0.024736
0.83488 0.036453
0.72611 0.025021
0.85251 0.035463
0.83417 0.036238
0.85434 0.034955
0.73553 0.026581
0.87008 0.03635
0.74877 0.028069
0.87917 0.037796
0.87796 0.037603
0.74723 0.023537
0.89024 0.036582
0.76016 0.024229
0.7983 0.034777
0.88671 0.03761
0.89032 0.03338
0.77281 0.026202
0.89478 0.030848
0.77995 0.027853
0.81052 0.032355
0.89808 0.031113
0.90757 0.033627
0.78274 0.024941
0.9119 0.034758
0.79023 0.024944
0.91872 0.033925
0.91242 0.034486
0.92355 0.032946
0.79961 0.021543
0.92704 0.033281
0.82428 0.026163
0.93311 0.032374
0.93461 0.032065
0.82842 0.023011
0.89912 0.025858
0.83299 0.023177
0.95184 0.032965
0.94761 0.031168
0.95555 0.033933
0.84057 0.021768
0.96332 0.036514
0.8696 0.024502
0.96435 0.035846
0.96342 0.036511
0.87896 0.021866
0.92587 0.026533
0.91173 0.024459
0.9303 0.02617
0.96628 0.034792
0.96773 0.035009
0.91695 0.02267
0.9726 0.035063
0.94067 0.023492
0.97335 0.034949
0.97261 0.035062
0.9732 0.034969
0.96219 0.023527
0.97644 0.034882
0.97228 0.023237
0.97467 0.027772
0.97562 0.034878
0.9779 0.034726
