340
0.024488 0.020457
0.040263 0.02335
0.082528 0.021001
0.033056 0.027775
0.040066 0.027747
0.10353 0.020452
0.094327 0.024225
0.11759 0.023636
0.063584 0.028187
0.048517 0.027805
0.056196 0.027967
0.1481 0.02233
0.068005 0.029072
0.16287 0.022421
0.073728 0.032641
0.071649 0.030989
0.073941 0.032797
0.17505 0.022295
0.087029 0.032023
0.17934 0.024879
0.10603 0.0345
0.1159 0.03154
0.18432 0.02696
0.13945 0.032128
0.19318 0.027534
0.14268 0.03329
0.13927 0.032112
0.14173 0.032777
0.19225 0.030475
0.1431 0.033627
0.20819 0.025824
0.14613 0.034341
0.14305 0.033607
0.14671 0.034671
0.20393 0.031059
0.19198 0.035021
0.2259 0.021751
0.15155 0.035917
0.15149 0.03517
0.15219 0.035535
0.2309 0.028985
0.19999 0.03676
0.24697 0.021453
0.20905 0.035132
0.15355 0.036619
0.25155 0.027637
0.20449 0.037817
0.25981 0.02963
0.22562 0.035103
0.2601 0.034644
0.24635 0.036636
0.26908 0.022378
0.17059 0.037182
0.12199 0.036912
0.193 0.037782
0.27204 0.022972
0.2157 0.036558
0.27016 0.033043
0.25086 0.038095
0.20753 0.038207
0.246 0.039168
0.28771 0.022092
0.25416 0.038493
0.27877 0.031744
0.25608 0.0388
0.25525 0.038677
0.30245 0.025811
0.25976 0.039765
0.29192 0.03089
0.27205 0.03792
0.25979 0.039775
0.25582 0.038917
0.32368 0.027151
0.27442 0.037159
0.32581 0.028559
0.27465 0.037861
0.11405 0.038712
0.33378 0.026824
0.093959 0.038096
0.33631 0.027627
0.29671 0.035301
0.098325 0.038276
0.08862 0.037432
0.33157 0.035826
0.064929 0.033035
0.341 0.032483
0.30327 0.036572
0.072306 0.038152
0.049562 0.032592
0.34364 0.03365
0.038179 0.033872
0.35123 0.026988
0.038345 0.03688
0.036478 0.035607
0.34772 0.036586
0.041986 0.037689
0.34924 0.036941
0.14782 0.038285
0.045205 0.038213
0.35384 0.035499
0.071537 0.038621
0.36129 0.029991
0.063377 0.035043
0.045439 0.038519
0.35564 0.036966
0.043971 0.038758
0.36525 0.028427
0.043896 0.038786
0.043893 0.038755
0.043673 0.038753
0.3621 0.037259
0.063959 0.036097
0.29346 0.03911
0.046975 0.038791
0.04427 0.03882
0.36721 0.036089
0.2163 0.037288
0.37452 0.031403
0.068075 0.037796
0.10922 0.039499
0.23581 0.038589
0.38282 0.023158
0.32416 0.038663
0.40397 0.02193
0.39542 0.026138
0.31986 0.036635
0.39097 0.031455
0.34313 0.03815
0.39908 0.033589
0.30115 0.037978
0.11729 0.038714
0.40034 0.033626
0.42764 0.02519
0.40173 0.03399
0.36487 0.037295
0.44443 0.031348
0.42813 0.027442
0.41135 0.02984
0.44088 0.031359
0.42384 0.029368
0.39221 0.035665
0.45647 0.020394
0.45109 0.02142
0.52469 0.020099
0.53077 0.02024
0.40668 0.024069
0.51031 0.023763
0.41394 0.023888
0.50658 0.025704
0.41384 0.023918
0.41298 0.024506
0.46911 0.025696
0.51067 0.028271
0.45639 0.028615
0.47942 0.024392
0.50572 0.027264
0.52888 0.021946
0.44032 0.034206
0.49836 0.027817
0.51693 0.025969
0.51501 0.028066
0.44931 0.035189
0.47764 0.029331
0.52531 0.023258
0.52715 0.024484
0.4709 0.034789
0.521 0.027062
0.5437 0.021841
0.54587 0.02677
0.56126 0.021558
0.57645 0.028688
0.54721 0.029706
0.58128 0.029335
0.53467 0.039727
0.57552 0.030559
0.53832 0.025476
0.5164 0.040115
0.57513 0.030522
0.56049 0.03066
0.53782 0.027933
0.53516 0.022098
0.56086 0.031411
0.54304 0.039386
0.47322 0.038751
0.46038 0.03904
0.54523 0.038936
0.43911 0.037764
0.53372 0.022725
0.47899 0.036296
0.42458 0.036662
0.42066 0.037075
0.5365 0.02701
0.59395 0.021493
0.58731 0.030148
0.6098 0.028281
0.6145 0.038807
0.59574 0.033138
0.61347 0.03866
0.58149 0.031078
0.59471 0.034792
0.66071 0.035338
0.59031 0.033823
0.59335 0.035782
0.69619 0.038513
0.79235 0.038956
0.55682 0.035271
0.57629 0.038331
0.66721 0.035344
0.60007 0.038802
0.49861 0.039099
0.4456 0.037783
0.60402 0.039048
0.61065 0.022176
0.62621 0.038353
0.62293 0.02827
0.71451 0.037996
0.67051 0.034753
0.9019 0.038958
0.68822 0.037572
0.7755 0.039088
0.7763 0.039388
0.66669 0.035357
0.62389 0.038794
0.63857 0.036639
0.82027 0.037651
0.65445 0.035125
0.9412 0.037343
0.92716 0.038924
0.94393 0.037455
0.67752 0.032479
0.89847 0.0393
0.7123 0.037462
0.9569 0.038281
0.95019 0.038071
0.95728 0.038299
0.63586 0.034092
0.95881 0.038327
0.70055 0.033702
0.79067 0.039221
0.95906 0.038328
0.68301 0.031484
0.83695 0.037061
0.71117 0.035056
0.95674 0.038155
0.95601 0.038072
0.63489 0.025961
0.83161 0.036844
0.73144 0.037473
0.95243 0.03742
0.9533 0.037976
0.95229 0.037441
0.64001 0.02271
0.95046 0.036878
0.7113 0.032398
0.94188 0.035161
0.94844 0.036606
0.94288 0.035286
0.66169 0.024935
0.75859 0.03745
0.70346 0.029577
0.90107 0.036815
0.9258 0.03846
0.69065 0.026592
0.74119 0.036836
0.68117 0.023627
0.77076 0.03623
0.89641 0.0397
0.88753 0.039494
0.69245 0.023887
0.86905 0.037427
0.74095 0.03508
0.78757 0.039011
0.71046 0.024596
0.78852 0.03884
0.75187 0.034737
0.83027 0.035267
0.82665 0.034951
0.72336 0.025211
0.83589 0.036541
0.73029 0.025483
0.85334 0.0358
0.83519 0.03632
0.85514 0.035356
0.73895 0.027083
0.86998 0.037523
0.75141 0.02852
0.8783 0.039592
0.8772 0.039311
0.74995 0.023743
0.88766 0.038852
0.76222 0.024411
0.79943 0.034939
0.88462 0.039809
0.88805 0.035212
0.77447 0.026388
0.8922 0.032079
0.78139 0.028044
0.8116 0.032396
0.89505 0.032155
0.90354 0.034164
0.78414 0.025051
0.9078 0.03487
0.7915 0.025025
0.91491 0.033834
0.90838 0.034491
0.92003 0.032878
0.80073 0.021558
0.9235 0.033217
0.82532 0.026179
0.92969 0.032225
0.93123 0.031909
0.82944 0.023018
0.89623 0.026359
0.83401 0.023191
0.94886 0.03241
0.94462 0.03086
0.95266 0.03316
0.84156 0.021783
0.96096 0.035153
0.86968 0.024818
0.96217 0.034478
0.96108 0.035144
0.87844 0.022053
0.92271 0.026488
0.90843 0.024456
0.92716 0.026125
0.96442 0.033408
0.96606 0.033527
0.91367 0.022647
0.97159 0.033456
0.93756 0.023421
0.97244 0.033354
0.9716 0.033455
0.97227 0.033371
0.96006 0.023247
0.97596 0.033294
0.97136 0.022891
0.97403 0.026943
0.97502 0.033291
0.97761 0.033155
