340
0.025411 0.020379
0.04506 0.022519
0.099844 0.020872
0.035627 0.026244
0.04463 0.025832
0.11972 0.020497
0.11206 0.024555
0.13342 0.024248
0.076628 0.026787
0.056418 0.025589
0.067838 0.025843
0.15804 0.022465
0.08221 0.027586
0.17266 0.022457
0.090616 0.030041
0.087349 0.028859
0.090939 0.030151
0.18418 0.022434
0.10779 0.032242
0.18863 0.02489
0.12425 0.03503
0.13308 0.033287
0.19291 0.027251
0.14941 0.033991
0.20161 0.028433
0.15217 0.034694
0.14928 0.033982
0.15132 0.034372
0.1999 0.031627
0.15252 0.034968
0.21505 0.026418
0.15535 0.035424
0.15247 0.034956
0.15581 0.035718
0.21014 0.032174
0.19817 0.036241
0.23047 0.022019
0.15955 0.036656
0.15969 0.035853
0.1602 0.036216
0.23418 0.029773
0.20507 0.038188
0.25117 0.021451
0.21533 0.036351
0.16123 0.037392
0.25548 0.027697
0.20951 0.039123
0.26343 0.02863
0.22826 0.037095
0.26234 0.033089
0.24882 0.035882
0.27545 0.022005
0.17709 0.038899
0.13875 0.041573
0.19762 0.040129
0.27913 0.022705
0.22033 0.038259
0.27644 0.031224
0.25234 0.038238
0.21329 0.040207
0.24772 0.038319
0.29357 0.022158
0.25528 0.038203
0.28516 0.031889
0.25692 0.038161
0.25621 0.03819
0.30787 0.027396
0.26008 0.038154
0.29715 0.031072
0.27781 0.03661
0.26011 0.038158
0.25664 0.038353
0.32214 0.027707
0.28006 0.036397
0.32418 0.028597
0.27976 0.037771
0.13456 0.042792
0.33488 0.025678
0.11798 0.043108
0.33812 0.026599
0.30212 0.036286
0.12004 0.043961
0.11374 0.040652
0.3302 0.032923
0.080054 0.03065
0.34449 0.032223
0.30698 0.040407
0.092728 0.034753
0.056569 0.029022
0.34743 0.034538
0.040862 0.030626
0.35259 0.028542
0.040925 0.033054
0.038669 0.032232
0.35153 0.039309
0.045195 0.033514
0.35256 0.039865
0.15575 0.040615
0.048821 0.033768
0.35496 0.038608
0.092526 0.035622
0.35968 0.031475
0.078305 0.031743
0.049077 0.03411
0.35602 0.040483
0.047316 0.034492
0.36359 0.029537
0.047224 0.03454
0.047222 0.0345
0.046973 0.03453
0.36001 0.039414
0.079544 0.032591
0.29658 0.039823
0.0512 0.034478
0.047649 0.034536
0.36517 0.037375
0.22046 0.039692
0.3725 0.033026
0.087674 0.034789
0.12885 0.044542
0.23431 0.038754
0.37905 0.023904
0.31787 0.040962
0.39852 0.021863
0.38949 0.026538
0.31573 0.04123
0.38395 0.032845
0.34855 0.039767
0.39135 0.033487
0.30531 0.041885
0.13658 0.045012
0.39281 0.033338
0.41968 0.026284
0.39419 0.033565
0.36258 0.039161
0.43464 0.031972
0.4201 0.028976
0.40577 0.030467
0.43113 0.031861
0.41637 0.030978
0.38261 0.038736
0.44622 0.020391
0.44183 0.021479
0.51202 0.020099
0.51853 0.020226
0.40139 0.024069
0.49797 0.023488
0.40912 0.024329
0.49369 0.025205
0.40902 0.024358
0.40817 0.024961
0.4603 0.025403
0.49838 0.027718
0.44615 0.028558
0.46982 0.025582
0.49272 0.02664
0.51656 0.021915
0.42984 0.034777
0.48447 0.027856
0.50484 0.025907
0.50288 0.027936
0.43926 0.035902
0.4681 0.031406
0.51272 0.02324
0.51474 0.024449
0.46155 0.034409
0.50836 0.027068
0.53282 0.021624
0.53535 0.025997
0.55213 0.021356
0.57171 0.026864
0.53696 0.028853
0.57691 0.027663
0.52405 0.03869
0.56958 0.028284
0.52669 0.02494
0.50455 0.039962
0.5691 0.028253
0.55083 0.029329
0.52612 0.027181
0.52309 0.021935
0.55105 0.029964
0.53325 0.03804
0.46234 0.039834
0.44811 0.038901
0.53547 0.037809
0.42778 0.038636
0.52158 0.022518
0.46781 0.038897
0.41458 0.038652
0.41159 0.038839
0.5246 0.026403
0.59247 0.021254
0.58337 0.028602
0.60976 0.028724
0.61929 0.038494
0.59157 0.030669
0.61802 0.038106
0.57618 0.029019
0.58948 0.031823
0.65932 0.039303
0.58485 0.031418
0.58753 0.032561
0.68406 0.039116
0.77891 0.039844
0.54643 0.033492
0.56625 0.0345
0.66337 0.038463
0.59516 0.034863
0.47899 0.040389
0.43451 0.038827
0.60119 0.035417
0.61059 0.022268
0.63095 0.036976
0.62237 0.028167
0.7033 0.03973
0.66462 0.037344
0.8629 0.037595
0.67705 0.038944
0.76237 0.04145
0.7631 0.041231
0.66312 0.038508
0.6294 0.038595
0.64482 0.038678
0.80344 0.038243
0.65483 0.039282
0.92776 0.030798
0.89979 0.032876
0.93248 0.030658
0.6689 0.034766
0.85651 0.045158
0.70132 0.038458
0.95219 0.03367
0.94204 0.031721
0.95276 0.0338
0.63956 0.03514
0.95451 0.034217
0.6895 0.034318
0.77763 0.039549
0.95481 0.034286
0.67333 0.033117
0.81495 0.039942
0.70034 0.035935
0.95193 0.033446
0.95063 0.03312
0.63456 0.026505
0.81106 0.038466
0.71682 0.038508
0.94531 0.031311
0.94643 0.032126
0.94511 0.031303
0.63916 0.023162
0.94265 0.030436
0.70047 0.033188
0.92952 0.02885
0.93994 0.029795
0.93116 0.028849
0.65626 0.026208
0.74571 0.041657
0.69321 0.030111
0.86371 0.034786
0.89993 0.031623
0.68102 0.0271
0.72831 0.038626
0.6723 0.024223
0.75601 0.039175
0.85471 0.046095
0.85007 0.047144
0.68258 0.024116
0.83709 0.04505
0.7282 0.036521
0.77438 0.038732
0.69979 0.024905
0.77516 0.038439
0.73813 0.037056
0.80957 0.03619
0.80644 0.035543
0.71152 0.025882
0.81384 0.037692
0.7173 0.025985
0.82861 0.042345
0.81331 0.037481
0.82973 0.04255
0.72579 0.027866
0.83767 0.044097
0.73668 0.029989
0.84588 0.045289
0.84493 0.04527
0.73518 0.024317
0.85072 0.044618
0.74575 0.025463
0.78332 0.03708
0.84899 0.045032
0.85258 0.0375
0.75548 0.02745
0.8571 0.033184
0.76123 0.02812
0.79035 0.032207
0.85918 0.032685
0.86767 0.031809
0.76407 0.025205
0.87459 0.030749
0.7724 0.025342
0.88484 0.028675
0.87551 0.030411
0.89371 0.028103
0.77943 0.02191
0.89992 0.027985
0.80342 0.026259
0.91006 0.027364
0.91254 0.027201
0.8073 0.023216
0.86214 0.026434
0.81142 0.023427
0.94137 0.027316
0.93452 0.026215
0.94678 0.028402
0.81923 0.022044
0.95826 0.031595
0.83797 0.026202
0.95999 0.031448
0.95842 0.03162
0.84664 0.022301
0.89809 0.02412
0.87641 0.023391
0.90562 0.023795
0.96282 0.031216
0.96463 0.031719
0.88345 0.02178
0.97077 0.032644
0.9212 0.022079
0.97171 0.032549
0.97077 0.032643
0.97152 0.032565
0.95859 0.022522
0.97557 0.032493
0.9708 0.022715
0.97365 0.026524
0.97454 0.032489
0.97739 0.032362
