340
0.023676 0.020558
0.036598 0.023708
0.081301 0.020928
0.030694 0.029307
0.036435 0.028592
0.10367 0.020431
0.093928 0.023972
0.11827 0.023528
0.060663 0.027604
0.044731 0.027822
0.052764 0.02751
0.14928 0.022314
0.065485 0.028349
0.16413 0.022411
0.071692 0.03161
0.069455 0.030067
0.071922 0.031756
0.17635 0.022289
0.086116 0.031193
0.18065 0.024869
0.10627 0.03388
0.11652 0.031179
0.18563 0.026949
0.14058 0.031978
0.1945 0.027526
0.14383 0.033152
0.14039 0.031962
0.14288 0.032637
0.19357 0.030464
0.14425 0.033489
0.20953 0.025818
0.1473 0.034222
0.1442 0.033469
0.14789 0.034554
0.20527 0.031048
0.1933 0.035005
0.22726 0.021748
0.15275 0.035823
0.15269 0.035081
0.1534 0.035444
0.23227 0.028969
0.20133 0.036743
0.24838 0.02145
0.21039 0.035117
0.15477 0.036526
0.25297 0.02762
0.20583 0.037799
0.26124 0.029611
0.22699 0.035078
0.26153 0.034616
0.24775 0.0366
0.27053 0.022374
0.17188 0.037135
0.12279 0.036481
0.19433 0.037763
0.27349 0.022968
0.21704 0.036537
0.27161 0.033023
0.25228 0.038055
0.20887 0.038189
0.2474 0.039126
0.28917 0.022094
0.25558 0.038454
0.28023 0.031739
0.2575 0.038762
0.25668 0.038639
0.30389 0.025829
0.26119 0.039727
0.29338 0.030904
0.2735 0.037897
0.26122 0.039737
0.25725 0.038878
0.32501 0.0272
0.27587 0.037142
0.32712 0.02862
0.27611 0.037844
0.1146 0.038094
0.33503 0.026885
0.09353 0.037
0.33754 0.027699
0.29816 0.035334
0.098205 0.037288
0.087812 0.036254
0.33284 0.035957
0.062035 0.032071
0.34219 0.032616
0.3047 0.036626
0.070012 0.036648
0.045522 0.032472
0.3448 0.033805
0.034339 0.035736
0.35229 0.027079
0.034136 0.039138
0.032802 0.038044
0.34882 0.03679
0.036958 0.039278
0.35032 0.037156
0.149 0.038152
0.040022 0.039092
0.35486 0.035706
0.06915 0.037054
0.36222 0.030134
0.060243 0.033974
0.040238 0.03936
0.35664 0.037196
0.038641 0.039973
0.36612 0.028552
0.03856 0.040023
0.038562 0.03999
0.038349 0.040042
0.36301 0.037508
0.060841 0.034935
0.29492 0.03914
0.041914 0.039272
0.038935 0.039966
0.36805 0.036332
0.21765 0.037266
0.37525 0.031575
0.065335 0.036373
0.10958 0.038758
0.23719 0.038553
0.38343 0.023203
0.32548 0.03879
0.40431 0.021949
0.39585 0.026213
0.32122 0.036736
0.39146 0.031609
0.3443 0.038353
0.39946 0.033739
0.30259 0.038029
0.11795 0.038153
0.40071 0.033772
0.42787 0.02519
0.40209 0.034134
0.36575 0.037551
0.44477 0.031177
0.42835 0.02744
0.41164 0.02991
0.44115 0.031227
0.42406 0.029384
0.39269 0.035871
0.45705 0.020382
0.45156 0.021389
0.52603 0.020093
0.53248 0.020226
0.407 0.024105
0.5107 0.023517
0.4142 0.023911
0.50671 0.025485
0.4141 0.023942
0.41325 0.024535
0.4702 0.025448
0.51109 0.027732
0.45696 0.028369
0.48093 0.024504
0.5058 0.027033
0.53047 0.021836
0.44057 0.034048
0.49822 0.028029
0.51779 0.025599
0.51574 0.027558
0.44983 0.034888
0.47911 0.029452
0.5267 0.023069
0.52864 0.024229
0.47244 0.034307
0.52212 0.026638
0.5461 0.021758
0.54837 0.026478
0.56394 0.021653
0.57749 0.029711
0.54976 0.029297
0.5818 0.030445
0.53673 0.038698
0.57664 0.0318
0.54048 0.025206
0.51672 0.038857
0.57629 0.031757
0.56334 0.031248
0.53995 0.02754
0.53712 0.021989
0.56375 0.032077
0.5459 0.038505
0.47529 0.03845
0.46141 0.0384
0.54825 0.038108
0.43935 0.037588
0.5356 0.022581
0.48121 0.036687
0.42481 0.036685
0.42088 0.037128
0.53855 0.026655
0.59315 0.021635
0.58711 0.031372
0.60838 0.028219
0.61246 0.038561
0.5942 0.034227
0.61137 0.0384
0.58192 0.032397
0.59308 0.036115
0.65832 0.036227
0.58937 0.035498
0.59179 0.03733
0.69264 0.038432
0.79153 0.038722
0.56046 0.035691
0.57724 0.040527
0.66448 0.036207
0.59711 0.03987
0.49758 0.039631
0.44604 0.037494
0.6011 0.03961
0.60925 0.022148
0.62475 0.038287
0.6217 0.028221
0.71136 0.037386
0.66761 0.035569
0.90728 0.038584
0.6847 0.037801
0.7744 0.038715
0.77523 0.039016
0.66399 0.036223
0.62238 0.038692
0.63728 0.037031
0.81969 0.03751
0.65242 0.036026
0.94143 0.038538
0.9292 0.041002
0.94416 0.038509
0.67426 0.032982
0.90412 0.038459
0.70908 0.036893
0.95713 0.038921
0.95039 0.038831
0.95751 0.038932
0.63457 0.03431
0.95905 0.038933
0.69699 0.033536
0.78982 0.038974
0.95931 0.038929
0.67951 0.031786
0.83652 0.036815
0.70791 0.034588
0.95698 0.038794
0.95625 0.038722
0.63365 0.026037
0.83113 0.036673
0.72896 0.036748
0.95269 0.038111
0.95353 0.038673
0.95255 0.038136
0.63876 0.022785
0.95076 0.037582
0.70805 0.03201
0.94238 0.036168
0.94876 0.037376
0.94335 0.036254
0.65925 0.02522
0.7571 0.036968
0.69994 0.02941
0.90619 0.036384
0.92807 0.040323
0.68712 0.026638
0.73913 0.036221
0.67772 0.023739
0.76957 0.035879
0.90188 0.038544
0.8911 0.037268
0.68891 0.023897
0.87001 0.036185
0.73889 0.034527
0.78668 0.038741
0.70718 0.024458
0.78765 0.038581
0.75016 0.034281
0.82978 0.035129
0.82612 0.034823
0.72053 0.025013
0.83545 0.036317
0.72777 0.025256
0.85328 0.035277
0.83474 0.036108
0.85513 0.034781
0.7368 0.026815
0.87103 0.03622
0.74969 0.028255
0.88019 0.037769
0.87898 0.037562
0.74818 0.023624
0.8912 0.036698
0.76084 0.024297
0.7987 0.034786
0.88769 0.037679
0.89128 0.033476
0.77336 0.02626
0.89572 0.030992
0.78042 0.027908
0.81095 0.032308
0.899 0.03131
0.90812 0.034044
0.7832 0.024971
0.91224 0.035365
0.79066 0.024961
0.91879 0.034808
0.91274 0.035106
0.92317 0.033969
0.80001 0.021543
0.92622 0.034479
0.82478 0.026127
0.93171 0.033497
0.93309 0.033081
0.82895 0.022992
0.90003 0.02597
0.83355 0.023152
0.94952 0.032963
0.94554 0.031482
0.95318 0.033678
0.84119 0.02175
0.96126 0.03562
0.87055 0.024465
0.96246 0.034906
0.96137 0.035608
0.87999 0.021863
0.92556 0.027101
0.91224 0.024641
0.92958 0.026791
0.96469 0.033774
0.9663 0.033872
0.9173 0.022824
0.97174 0.033747
0.93898 0.023691
0.97258 0.033642
0.97174 0.033746
0.97241 0.03366
0.96048 0.02335
0.97603 0.033581
0.97154 0.022954
0.97415 0.027093
0.97511 0.033578
0.97766 0.033439
