340
0.024219 0.020487
0.039637 0.02317
0.085802 0.020898
0.032182 0.027953
0.039292 0.027343
0.1086 0.020353
0.098569 0.023909
0.13039 0.022699
0.065368 0.027987
0.04872 0.026894
0.058126 0.027077
0.16695 0.021961
0.07016 0.028791
0.18278 0.022249
0.077636 0.031306
0.074764 0.030174
0.077917 0.031392
0.19554 0.022009
0.094294 0.031369
0.20164 0.023719
0.11629 0.029772
0.13091 0.028388
0.20742 0.025143
0.15757 0.029576
0.2199 0.025215
0.1627 0.030526
0.15738 0.029549
0.16095 0.030161
0.21794 0.027389
0.16356 0.030781
0.24463 0.0236
0.16825 0.031656
0.16347 0.030764
0.16917 0.031979
0.23666 0.026815
0.21895 0.030152
0.27027 0.021148
0.17474 0.033655
0.17415 0.033054
0.17506 0.033438
0.27758 0.024966
0.23137 0.029812
0.30774 0.021057
0.25334 0.028407
0.17728 0.034527
0.31305 0.026235
0.24287 0.030039
0.32323 0.02777
0.27985 0.028408
0.32448 0.031728
0.30957 0.031229
0.33481 0.022
0.19488 0.036566
0.14913 0.033056
0.2249 0.032947
0.3386 0.022694
0.26826 0.029798
0.33661 0.031218
0.31595 0.034455
0.25546 0.030178
0.31093 0.033269
0.35403 0.021999
0.32017 0.035614
0.34503 0.031232
0.32225 0.036203
0.32139 0.035979
0.36938 0.025732
0.32571 0.037079
0.35797 0.030203
0.33924 0.036703
0.32574 0.037096
0.32219 0.036562
0.3899 0.026599
0.34107 0.036217
0.39244 0.027856
0.34137 0.038928
0.14238 0.033675
0.40222 0.02645
0.10926 0.036661
0.40491 0.027337
0.36388 0.033777
0.11282 0.036515
0.10225 0.036794
0.39972 0.034085
0.068224 0.0324
0.41004 0.032448
0.37125 0.035689
0.07949 0.036254
0.048841 0.031125
0.41206 0.034225
0.036274 0.033445
0.41949 0.027544
0.036324 0.036516
0.034554 0.035521
0.41646 0.03833
0.039745 0.037005
0.41821 0.039094
0.17597 0.037453
0.042645 0.037244
0.42232 0.036153
0.079327 0.037246
0.42838 0.030485
0.066748 0.033742
0.04285 0.037666
0.42417 0.038889
0.041441 0.038185
0.43282 0.030049
0.041367 0.038248
0.041366 0.038197
0.041167 0.038241
0.43096 0.039011
0.067775 0.03468
0.35787 0.039334
0.044547 0.03805
0.041708 0.038234
0.43896 0.040989
0.27592 0.031058
0.44226 0.038714
0.075078 0.036975
0.13243 0.034788
0.29596 0.032102
0.44343 0.026611
0.39618 0.044065
0.45427 0.023503
0.44954 0.03184
0.39447 0.043595
0.44873 0.043821
0.41166 0.042429
0.45332 0.044955
0.36861 0.039961
0.15221 0.035915
0.45419 0.044436
0.46548 0.036439
0.45521 0.044954
0.43642 0.042075
0.47717 0.050978
0.46782 0.043409
0.46177 0.042633
0.475 0.050518
0.46747 0.047259
0.47131 0.073944
0.47363 0.021013
0.47204 0.023929
0.50756 0.020143
0.51189 0.020318
0.45597 0.028083
0.49783 0.025119
0.45977 0.029783
0.49474 0.028305
0.45973 0.029833
0.45956 0.03104
0.48 0.032081
0.49846 0.031293
0.47794 0.042217
0.48491 0.033834
0.49421 0.03083
0.51059 0.022724
0.48047 0.056983
0.49141 0.036083
0.50263 0.028665
0.50181 0.031576
0.48669 0.059851
0.49036 0.047554
0.50802 0.024693
0.50937 0.026387
0.48952 0.051956
0.50524 0.030329
0.52263 0.022634
0.52468 0.030346
0.53153 0.0231
0.53926 0.0327
0.526 0.035843
0.54188 0.033523
0.52009 0.048348
0.5373 0.036208
0.51756 0.027029
0.51078 0.051672
0.53707 0.036245
0.53063 0.044375
0.5174 0.030116
0.51493 0.022678
0.53025 0.046597
0.52295 0.055972
0.49832 0.065579
0.49342 0.067696
0.52274 0.060596
0.48848 0.070342
0.51388 0.023496
0.50003 0.063288
0.48509 0.071827
0.48507 0.073524
0.51601 0.028907
0.5536 0.022009
0.54503 0.034788
0.56084 0.033218
0.55307 0.045197
0.54812 0.038106
0.55215 0.045149
0.54036 0.036581
0.54557 0.040806
0.58946 0.044367
0.54341 0.040661
0.54317 0.042885
0.62342 0.040812
0.72694 0.030469
0.52492 0.058764
0.52645 0.060938
0.59718 0.04207
0.53994 0.0485
0.50479 0.067015
0.49091 0.070552
0.5408 0.049279
0.56478 0.023436
0.56986 0.041806
0.57126 0.030563
0.64213 0.039725
0.60011 0.040165
0.87933 0.033164
0.6166 0.040745
0.70829 0.030672
0.70937 0.030603
0.59675 0.042225
0.56551 0.043639
0.57772 0.04344
0.78649 0.033806
0.58556 0.043957
0.94025 0.034507
0.91929 0.036254
0.94382 0.03424
0.60672 0.036602
0.85957 0.035596
0.64007 0.037563
0.95881 0.037985
0.95116 0.035403
0.95924 0.038155
0.57966 0.038603
0.96057 0.0387
0.62814 0.035398
0.72745 0.029978
0.9608 0.038789
0.61255 0.034655
0.80183 0.034744
0.63902 0.035143
0.95862 0.037691
0.95764 0.037264
0.5822 0.028193
0.79754 0.033884
0.65487 0.039729
0.95362 0.03486
0.95447 0.035935
0.95348 0.03485
0.58654 0.023984
0.95162 0.033711
0.63928 0.032549
0.94156 0.031884
0.94958 0.032905
0.94281 0.031852
0.59931 0.027921
0.67461 0.037052
0.63177 0.030536
0.88232 0.031779
0.91942 0.034681
0.62115 0.027864
0.66267 0.038966
0.61293 0.024836
0.70393 0.028989
0.85355 0.035944
0.84269 0.038037
0.62251 0.02454
0.82845 0.038417
0.66411 0.035785
0.73038 0.028629
0.63854 0.024714
0.73282 0.028644
0.67312 0.033591
0.79837 0.031981
0.79449 0.031763
0.65114 0.025625
0.80357 0.032519
0.65689 0.025905
0.82107 0.03566
0.80292 0.032425
0.82249 0.035913
0.66555 0.027629
0.83073 0.036912
0.67697 0.027831
0.84023 0.036342
0.8387 0.036655
0.67528 0.023567
0.84985 0.034366
0.6908 0.023191
0.75421 0.028682
0.84615 0.035079
0.8638 0.030755
0.70896 0.023381
0.87512 0.029552
0.72455 0.022887
0.77642 0.028053
0.87792 0.029451
0.88926 0.030157
0.73212 0.022075
0.89691 0.030243
0.74971 0.022544
0.90705 0.029718
0.8979 0.030136
0.91431 0.029981
0.76421 0.02109
0.91942 0.030087
0.79666 0.025105
0.92714 0.029716
0.92904 0.029553
0.80151 0.022488
0.88231 0.02516
0.80733 0.022515
0.95066 0.029618
0.94539 0.028271
0.95473 0.031042
0.81849 0.021423
0.96347 0.035244
0.84532 0.023768
0.9648 0.035048
0.96359 0.035277
0.86058 0.021408
0.91792 0.025166
0.89886 0.02335
0.92374 0.024909
0.96695 0.034738
0.96832 0.035396
0.90591 0.021955
0.97298 0.036642
0.93556 0.022789
0.9737 0.036518
0.97299 0.036641
0.97356 0.036539
0.96373 0.023316
0.97663 0.036443
0.97301 0.023574
0.97517 0.028588
0.97585 0.036439
0.97802 0.036271
