340
0.023476 0.020591
0.035884 0.024093
0.072935 0.021149
0.030112 0.029969
0.035727 0.029477
0.090249 0.02052
0.082802 0.025123
0.10338 0.02412
0.055678 0.029345
0.042543 0.029257
0.049538 0.028913
0.12978 0.022576
0.05996 0.030254
0.14223 0.022993
0.065482 0.033872
0.063512 0.03208
0.065677 0.034035
0.15186 0.022967
0.077212 0.034502
0.15524 0.026215
0.092877 0.035739
0.10256 0.032942
0.15877 0.029444
0.12207 0.033577
0.16531 0.03043
0.12537 0.034402
0.12188 0.033564
0.12442 0.034033
0.16496 0.034577
0.12579 0.034712
0.17649 0.027584
0.12861 0.035549
0.12574 0.034695
0.12917 0.035961
0.17321 0.034792
0.16553 0.040796
0.19015 0.022153
0.13346 0.038413
0.13335 0.037528
0.13404 0.038117
0.19391 0.030578
0.171 0.042912
0.20917 0.021477
0.17794 0.039286
0.13555 0.039707
0.21355 0.027579
0.17475 0.043229
0.2221 0.028913
0.18996 0.038332
0.22184 0.033477
0.20756 0.036874
0.23268 0.022153
0.14881 0.042645
0.10916 0.039603
0.16638 0.044807
0.23616 0.022797
0.18266 0.040977
0.2337 0.031932
0.21168 0.038069
0.17722 0.04365
0.2068 0.039804
0.25125 0.0219
0.21501 0.038104
0.24221 0.031523
0.21698 0.038193
0.21612 0.03816
0.27003 0.024822
0.22093 0.038571
0.25521 0.029137
0.2355 0.037409
0.22097 0.038579
0.21669 0.038366
0.29357 0.025734
0.2375 0.036801
0.29604 0.026729
0.23733 0.038268
0.10261 0.040569
0.30744 0.025308
0.083197 0.041863
0.31073 0.026058
0.26017 0.032244
0.086387 0.041919
0.079149 0.041225
0.30277 0.031719
0.057058 0.034777
0.31734 0.030641
0.26697 0.033755
0.064703 0.039883
0.042336 0.03502
0.32089 0.032279
0.033221 0.037216
0.32776 0.027026
0.032965 0.041016
0.031682 0.039591
0.32624 0.035714
0.035295 0.041752
0.32769 0.036429
0.13049 0.040381
0.037185 0.042118
0.33107 0.036114
0.064073 0.040508
0.3367 0.030437
0.055215 0.036781
0.037262 0.042595
0.3327 0.038004
0.036276 0.043119
0.34038 0.029024
0.036219 0.043185
0.036225 0.043131
0.036089 0.043175
0.33792 0.038015
0.055766 0.037942
0.25327 0.036889
0.038293 0.043091
0.036444 0.043173
0.34219 0.036937
0.1832 0.04228
0.34911 0.033218
0.060761 0.039917
0.096531 0.041457
0.19641 0.04081
0.35562 0.023799
0.28949 0.034245
0.37603 0.021804
0.36671 0.026241
0.28498 0.033509
0.36069 0.032404
0.32184 0.036501
0.36868 0.032828
0.26373 0.035309
0.10549 0.040919
0.37016 0.032676
0.39932 0.025249
0.37157 0.03291
0.33992 0.038256
0.41784 0.029648
0.39983 0.027477
0.38356 0.029758
0.41341 0.029596
0.39532 0.029484
0.35919 0.038078
0.43211 0.020332
0.42666 0.021201
0.51246 0.020081
0.52039 0.020186
0.37905 0.023892
0.49538 0.022867
0.387 0.023951
0.49017 0.02428
0.38689 0.023981
0.38598 0.024557
0.44745 0.024797
0.49588 0.026345
0.43202 0.027262
0.4593 0.02424
0.48899 0.025457
0.51799 0.021578
0.41188 0.031973
0.47893 0.026203
0.50372 0.024855
0.50134 0.026523
0.42393 0.032705
0.45683 0.028928
0.51332 0.022666
0.51578 0.023664
0.44848 0.032639
0.50801 0.025808
0.53762 0.021332
0.54066 0.02487
0.56205 0.021048
0.58739 0.025362
0.54261 0.027146
0.59401 0.026042
0.52707 0.035464
0.58466 0.026443
0.53024 0.024093
0.50348 0.036405
0.58405 0.026414
0.56037 0.027215
0.52956 0.025948
0.52592 0.0216
0.56065 0.027705
0.53814 0.034768
0.44903 0.037315
0.43533 0.036514
0.5408 0.034457
0.40937 0.035135
0.5241 0.022081
0.45607 0.034958
0.39313 0.036427
0.38959 0.036928
0.52773 0.025299
0.61362 0.020982
0.60216 0.026817
0.63608 0.026728
0.64825 0.034274
0.61247 0.028379
0.64662 0.033967
0.59308 0.027104
0.60984 0.029327
0.6974 0.035334
0.60402 0.02905
0.60738 0.029939
0.72777 0.038702
0.82913 0.042912
0.55468 0.030515
0.58037 0.031231
0.70289 0.034918
0.61704 0.031567
0.47281 0.035557
0.41806 0.035173
0.62489 0.031868
0.63715 0.021749
0.66313 0.033859
0.6524 0.02634
0.74695 0.037264
0.70478 0.034076
0.91799 0.039085
0.72054 0.03747
0.8125 0.039596
0.81326 0.039575
0.70252 0.03494
0.66121 0.034973
0.67852 0.035572
0.84451 0.043525
0.69145 0.035342
0.94994 0.040243
0.93879 0.04233
0.95195 0.040068
0.71041 0.032242
0.91475 0.039544
0.74461 0.036388
0.96241 0.042407
0.95691 0.041232
0.96268 0.042498
0.67312 0.032758
0.96374 0.042824
0.73225 0.03394
0.82815 0.042124
0.96391 0.042875
0.71551 0.031319
0.85442 0.042897
0.74346 0.03428
0.9623 0.042221
0.96171 0.041977
0.66775 0.025445
0.85119 0.042188
0.76279 0.038064
0.95884 0.040599
0.95948 0.041308
0.95873 0.040612
0.67309 0.022661
0.95728 0.039862
0.74364 0.031805
0.95052 0.03773
0.95567 0.039232
0.95126 0.037773
0.694 0.024896
0.79162 0.037093
0.7357 0.029699
0.91661 0.036756
0.93768 0.04147
0.72369 0.026739
0.77227 0.038646
0.7139 0.023585
0.80592 0.036371
0.91216 0.038962
0.90175 0.037667
0.72535 0.023954
0.87934 0.042113
0.77238 0.036497
0.8253 0.039743
0.74288 0.024421
0.82609 0.039758
0.78235 0.034897
0.85071 0.039942
0.84825 0.039802
0.7566 0.025397
0.85396 0.041279
0.7628 0.025851
0.86863 0.041158
0.85353 0.041121
0.87012 0.041098
0.77078 0.02795
0.88 0.041892
0.78221 0.028762
0.89012 0.039913
0.8889 0.040225
0.78039 0.023871
0.90177 0.036929
0.79335 0.02433
0.83256 0.04188
0.89755 0.037912
0.90149 0.033803
0.80572 0.026325
0.90627 0.031029
0.8121 0.027368
0.83773 0.036908
0.90887 0.031288
0.91821 0.034368
0.81515 0.024838
0.92261 0.035542
0.82403 0.025322
0.92805 0.035127
0.92303 0.035309
0.93235 0.034625
0.83083 0.022183
0.93536 0.035309
0.84853 0.028236
0.94069 0.034387
0.94192 0.034125
0.85151 0.023996
0.90936 0.025981
0.85472 0.024143
0.95646 0.034606
0.95288 0.032608
0.95962 0.03578
0.86156 0.022244
0.96586 0.039515
0.88125 0.025862
0.96692 0.038959
0.96596 0.03953
0.89008 0.02202
0.93444 0.027471
0.92196 0.024711
0.93851 0.027161
0.96876 0.03807
0.96995 0.038549
0.92657 0.022926
0.97397 0.039126
0.94704 0.024146
0.97459 0.038983
0.97398 0.039125
0.97447 0.039008
0.96589 0.024232
0.97711 0.038898
0.97392 0.024108
0.9758 0.02987
0.97644 0.038893
0.97829 0.0387
