340
0.024629 0.020443
0.041155 0.023109
0.085468 0.020968
0.033468 0.0274
0.040943 0.027193
0.10621 0.020441
0.097169 0.024276
0.12101 0.023799
0.065573 0.028181
0.050183 0.027208
0.058586 0.027759
0.14933 0.022464
0.070023 0.028975
0.16195 0.02275
0.076125 0.032003
0.073906 0.030489
0.076352 0.032148
0.17325 0.022296
0.090275 0.032127
0.17792 0.024661
0.10925 0.033681
0.11987 0.031933
0.18315 0.026513
0.14062 0.032634
0.19262 0.026967
0.14429 0.033787
0.14042 0.032608
0.1432 0.033319
0.19179 0.029701
0.1448 0.03412
0.20916 0.025487
0.14827 0.034929
0.14474 0.0341
0.14892 0.035323
0.20469 0.030139
0.1924 0.033876
0.22682 0.021888
0.15325 0.037409
0.15311 0.036584
0.15372 0.037092
0.2314 0.029422
0.20165 0.035245
0.2475 0.021395
0.21203 0.034219
0.15499 0.038516
0.25215 0.027408
0.20702 0.036305
0.26059 0.029274
0.22815 0.036327
0.26088 0.034065
0.24677 0.035934
0.27042 0.022263
0.16874 0.038058
0.12564 0.038676
0.19401 0.036356
0.27366 0.022839
0.21925 0.03624
0.27213 0.032367
0.25123 0.037478
0.21117 0.036933
0.24638 0.038342
0.2895 0.02197
0.25465 0.038033
0.28102 0.031513
0.25665 0.038438
0.25579 0.038272
0.30618 0.025202
0.26048 0.039023
0.2941 0.029866
0.27494 0.03693
0.26051 0.039031
0.25638 0.038538
0.3286 0.026797
0.27739 0.036259
0.3307 0.028074
0.27778 0.037013
0.11919 0.039138
0.33933 0.026568
0.097518 0.038174
0.34208 0.02751
0.3005 0.033407
0.10147 0.038293
0.092418 0.037565
0.33802 0.034709
0.067009 0.033008
0.34807 0.032585
0.30869 0.034805
0.074668 0.037233
0.051301 0.031671
0.35094 0.033864
0.038871 0.032934
0.35621 0.027441
0.039134 0.035699
0.037018 0.034631
0.35516 0.036921
0.043236 0.036218
0.35666 0.037454
0.15055 0.039434
0.046862 0.036464
0.36062 0.036663
0.073841 0.037791
0.36616 0.030442
0.065411 0.034869
0.047128 0.036736
0.36271 0.038189
0.045571 0.037018
0.36967 0.028974
0.045486 0.037054
0.04548 0.037024
0.045238 0.037049
0.36862 0.038016
0.065981 0.035922
0.29755 0.036968
0.048784 0.03703
0.0459 0.037048
0.37315 0.037001
0.22008 0.037184
0.37914 0.033349
0.070187 0.037525
0.11333 0.039009
0.23612 0.038787
0.38485 0.023941
0.3308 0.037525
0.40276 0.022175
0.39503 0.027125
0.32574 0.035958
0.39188 0.033701
0.35196 0.038256
0.39883 0.035288
0.30625 0.035873
0.12211 0.039644
0.40001 0.035239
0.42451 0.025446
0.40134 0.035624
0.37096 0.038103
0.44192 0.031053
0.42499 0.027779
0.40964 0.030872
0.43803 0.031179
0.42097 0.02988
0.39367 0.038756
0.45355 0.020376
0.44809 0.02136
0.5229 0.020101
0.52894 0.020238
0.40523 0.024565
0.50873 0.023587
0.41175 0.024266
0.50484 0.025473
0.41166 0.024301
0.41088 0.024962
0.46721 0.025156
0.50911 0.027922
0.45346 0.028238
0.47877 0.024371
0.50395 0.027001
0.52706 0.022002
0.43797 0.033938
0.49606 0.02784
0.51567 0.026003
0.51364 0.028072
0.448 0.034637
0.47685 0.029128
0.52352 0.023341
0.52534 0.024619
0.47066 0.033691
0.51933 0.027172
0.54244 0.021713
0.54479 0.026282
0.56065 0.021496
0.57702 0.028431
0.5463 0.029234
0.58161 0.029493
0.535 0.039671
0.57519 0.03006
0.53669 0.025228
0.51746 0.040412
0.5748 0.029989
0.55948 0.030203
0.53615 0.027592
0.53328 0.022033
0.55968 0.030913
0.54323 0.039002
0.47452 0.037943
0.46088 0.037861
0.54519 0.038648
0.43756 0.037547
0.53186 0.022659
0.47976 0.03605
0.42243 0.037445
0.41861 0.038119
0.53471 0.026749
0.59368 0.02153
0.58651 0.030887
0.61004 0.027674
0.61075 0.036225
0.59247 0.033267
0.60944 0.036401
0.58087 0.031177
0.59042 0.035102
0.66801 0.037738
0.58694 0.034691
0.58852 0.036259
0.69743 0.038228
0.78904 0.038202
0.55552 0.034408
0.57169 0.037431
0.67319 0.037658
0.59274 0.038502
0.49483 0.039385
0.44505 0.03763
0.59684 0.038335
0.61099 0.021979
0.62845 0.033726
0.62554 0.026418
0.7173 0.037748
0.67539 0.036993
0.90564 0.039057
0.68979 0.038434
0.77092 0.040015
0.77173 0.040017
0.67281 0.03767
0.62431 0.034511
0.6485 0.034506
0.81471 0.037235
0.66297 0.037314
0.94409 0.038792
0.93119 0.038539
0.9462 0.038955
0.6813 0.034259
0.9029 0.039036
0.71526 0.036882
0.9573 0.039466
0.95161 0.040012
0.9576 0.039462
0.64397 0.031533
0.95878 0.039408
0.70298 0.033379
0.78767 0.038386
0.95896 0.039395
0.68612 0.032525
0.83137 0.037551
0.71421 0.034536
0.95717 0.039342
0.95655 0.039301
0.6421 0.024788
0.82682 0.036987
0.73107 0.039653
0.95353 0.038892
0.95426 0.039351
0.95341 0.038939
0.64884 0.022446
0.95185 0.038658
0.71463 0.032038
0.94448 0.036486
0.9501 0.038452
0.94527 0.036635
0.6684 0.025674
0.75521 0.040218
0.70683 0.029236
0.9048 0.03693
0.92964 0.037759
0.69406 0.026767
0.73883 0.039654
0.68498 0.024022
0.7664 0.037835
0.90075 0.03851
0.88928 0.035233
0.69578 0.023923
0.86321 0.034528
0.73949 0.037621
0.78417 0.037987
0.71415 0.024472
0.78544 0.037817
0.7492 0.036784
0.82572 0.035359
0.82179 0.034841
0.72713 0.025832
0.83051 0.036893
0.73284 0.026277
0.84617 0.036362
0.8299 0.036703
0.84785 0.035536
0.74031 0.02838
0.86432 0.034435
0.751 0.029901
0.87563 0.035096
0.87415 0.03504
0.74968 0.024309
0.88942 0.034754
0.76039 0.025041
0.7954 0.03687
0.88499 0.035036
0.88953 0.031953
0.77136 0.026798
0.8949 0.030293
0.7779 0.027703
0.80551 0.033478
0.89794 0.031029
0.90646 0.034374
0.78061 0.024857
0.91041 0.035193
0.78949 0.024781
0.91728 0.033538
0.91089 0.034868
0.92253 0.032294
0.79813 0.021791
0.92635 0.032632
0.82108 0.026115
0.933 0.032228
0.9345 0.032138
0.82532 0.02306
0.8989 0.025879
0.82953 0.023299
0.95045 0.033879
0.94652 0.031917
0.95381 0.034262
0.83704 0.021907
0.96095 0.035935
0.86497 0.023997
0.96227 0.035159
0.96107 0.035919
0.87621 0.021589
0.92515 0.026197
0.91061 0.024613
0.93006 0.025947
0.96461 0.033931
0.96623 0.033978
0.91572 0.022667
0.9717 0.033733
0.94031 0.023716
0.97255 0.03363
0.97171 0.033732
0.97238 0.033648
0.96035 0.023428
0.97601 0.033569
0.97153 0.022949
0.97415 0.027087
0.97509 0.033566
0.97765 0.033427
