340
0.025516 0.020372
0.045045 0.022694
0.091465 0.021017
0.036047 0.026283
0.044804 0.026229
0.11129 0.020454
0.1025 0.024464
0.1261 0.023394
0.071803 0.027959
0.055288 0.026431
0.064677 0.027266
0.15839 0.022464
0.076327 0.0289
0.17096 0.022764
0.08253 0.032181
0.080274 0.030556
0.082759 0.032339
0.18221 0.022295
0.09594 0.032792
0.18683 0.024626
0.11392 0.034038
0.12442 0.030842
0.19216 0.026409
0.14993 0.031736
0.20189 0.026757
0.15369 0.033288
0.14973 0.031687
0.15256 0.032701
0.20105 0.029414
0.15422 0.033676
0.21908 0.025252
0.15771 0.034882
0.15416 0.033649
0.15838 0.035322
0.21441 0.029741
0.20167 0.033459
0.23753 0.02181
0.16275 0.037447
0.16256 0.036619
0.16319 0.037131
0.24231 0.02905
0.21124 0.034681
0.25901 0.02136
0.22207 0.033606
0.16449 0.038568
0.26375 0.027243
0.21684 0.035632
0.27233 0.029109
0.23892 0.03566
0.27262 0.033823
0.25826 0.035514
0.28236 0.022263
0.17787 0.038187
0.13137 0.035781
0.20332 0.035845
0.2855 0.022844
0.22963 0.035532
0.28399 0.032378
0.26283 0.037087
0.22116 0.036203
0.25785 0.037847
0.30123 0.022081
0.26627 0.037644
0.29274 0.031673
0.26829 0.038049
0.26742 0.037883
0.31636 0.025583
0.2722 0.038681
0.30534 0.030672
0.28662 0.03697
0.27223 0.03869
0.26802 0.038146
0.33759 0.027215
0.28899 0.036319
0.33967 0.02864
0.28935 0.037079
0.12287 0.037651
0.3477 0.026911
0.10254 0.038979
0.35021 0.027734
0.31065 0.034746
0.10626 0.038997
0.097811 0.038477
0.34508 0.036016
0.073261 0.032737
0.35454 0.032611
0.31744 0.035936
0.08104 0.037393
0.056558 0.030481
0.35703 0.033669
0.042444 0.031141
0.36487 0.026814
0.042747 0.033532
0.040276 0.03254
0.36085 0.036362
0.047406 0.034129
0.36239 0.036613
0.16026 0.039463
0.051521 0.034477
0.3673 0.03495
0.080198 0.037899
0.37542 0.029522
0.071635 0.034454
0.051822 0.034728
0.36922 0.03626
0.050055 0.034916
0.37976 0.028289
0.049959 0.034945
0.049953 0.034918
0.049677 0.03493
0.37615 0.036511
0.072214 0.03552
0.30764 0.038661
0.053701 0.035083
0.050429 0.034955
0.38185 0.035957
0.2305 0.036435
0.38907 0.032498
0.076486 0.037389
0.11735 0.038712
0.2472 0.038087
0.39577 0.023854
0.33769 0.038823
0.41308 0.02233
0.4059 0.027461
0.33371 0.036781
0.40235 0.034044
0.3563 0.038247
0.40825 0.036396
0.31533 0.037188
0.12643 0.037442
0.40928 0.036401
0.43309 0.025972
0.41034 0.036797
0.37918 0.03672
0.44813 0.032028
0.43352 0.028527
0.41894 0.031778
0.44444 0.032202
0.42953 0.030871
0.40322 0.039358
0.45994 0.020407
0.45482 0.021461
0.52551 0.02009
0.53237 0.020216
0.41537 0.024906
0.51026 0.023503
0.42151 0.024626
0.50633 0.02557
0.42142 0.024664
0.42069 0.025374
0.47246 0.025664
0.51064 0.027703
0.45986 0.028901
0.48286 0.024961
0.50544 0.027174
0.53023 0.02176
0.44316 0.035294
0.49781 0.028532
0.51722 0.025605
0.5152 0.027627
0.45249 0.035705
0.48126 0.030313
0.52622 0.022965
0.52828 0.024054
0.47489 0.035119
0.52145 0.026533
0.54611 0.021816
0.54825 0.02678
0.56335 0.02167
0.57687 0.029564
0.54956 0.029807
0.58118 0.030187
0.53748 0.038328
0.57597 0.031639
0.54074 0.025212
0.51466 0.038843
0.57563 0.031607
0.56273 0.031373
0.54023 0.027525
0.5373 0.021952
0.56314 0.032197
0.54649 0.039097
0.47804 0.039938
0.46391 0.039267
0.5486 0.03893
0.44106 0.039262
0.53568 0.02251
0.48349 0.03823
0.42801 0.039082
0.42443 0.039823
0.53881 0.026587
0.59316 0.021522
0.58674 0.030949
0.60984 0.027508
0.61462 0.037259
0.59423 0.033181
0.61343 0.037087
0.58125 0.03208
0.59302 0.034943
0.65838 0.039408
0.58908 0.034554
0.59162 0.036099
0.68855 0.040178
0.77786 0.039798
0.55967 0.035949
0.5765 0.040142
0.66374 0.039326
0.59747 0.03817
0.49575 0.041308
0.44835 0.038769
0.60227 0.037786
0.61079 0.021983
0.62707 0.037234
0.62405 0.027725
0.70514 0.040578
0.66637 0.038546
0.89381 0.039133
0.6811 0.04006
0.75891 0.038582
0.75986 0.038772
0.66332 0.039349
0.62456 0.037549
0.64035 0.037657
0.80089 0.039338
0.65346 0.039195
0.93325 0.035147
0.91896 0.037695
0.93637 0.034786
0.67197 0.035367
0.89117 0.039076
0.70329 0.039759
0.95328 0.034848
0.94458 0.034584
0.95375 0.034885
0.63761 0.034334
0.95554 0.034997
0.69232 0.035015
0.77642 0.039843
0.95582 0.035012
0.67638 0.033645
0.81581 0.037698
0.70215 0.037012
0.95307 0.034735
0.95212 0.034624
0.63682 0.02599
0.81141 0.037612
0.71823 0.040324
0.94748 0.033941
0.94862 0.034369
0.9473 0.033962
0.64216 0.022955
0.94493 0.03361
0.70203 0.034052
0.93404 0.033184
0.94229 0.033545
0.93517 0.033145
0.65931 0.026239
0.74183 0.038987
0.69471 0.030622
0.89302 0.036988
0.91743 0.037074
0.6831 0.027432
0.72638 0.039084
0.6748 0.02437
0.75389 0.036343
0.88909 0.038522
0.8775 0.035004
0.68472 0.024327
0.85015 0.033206
0.72644 0.037067
0.77287 0.03902
0.70103 0.025209
0.77402 0.039004
0.73574 0.036271
0.81029 0.036032
0.80666 0.036038
0.71215 0.026094
0.81496 0.037125
0.71791 0.026339
0.83083 0.034987
0.81437 0.036995
0.83272 0.034068
0.72557 0.028118
0.85135 0.033176
0.73657 0.02945
0.8634 0.034298
0.86182 0.034185
0.73523 0.024154
0.87764 0.034538
0.74657 0.024672
0.78377 0.037613
0.8732 0.03463
0.87776 0.031783
0.75849 0.026264
0.88319 0.030255
0.76577 0.027619
0.79295 0.03478
0.88627 0.031017
0.89466 0.03444
0.76864 0.024881
0.89852 0.035304
0.77649 0.025157
0.90537 0.033509
0.89901 0.034985
0.9106 0.03207
0.78472 0.021861
0.91441 0.032255
0.80556 0.026663
0.92141 0.031399
0.92301 0.03109
0.80957 0.023205
0.88724 0.025876
0.81373 0.023366
0.94286 0.030143
0.93732 0.029215
0.94771 0.03054
0.82122 0.02186
0.95793 0.032505
0.85204 0.023657
0.95938 0.032008
0.95807 0.032503
0.86403 0.021508
0.91335 0.026031
0.89882 0.024648
0.91849 0.025696
0.962 0.031224
0.9639 0.031399
0.90393 0.022672
0.97029 0.031513
0.92945 0.023135
0.97128 0.031427
0.9703 0.031513
0.97108 0.031442
0.95655 0.022669
0.97533 0.031376
0.9699 0.022473
0.97302 0.025941
0.97425 0.031373
0.97724 0.031257
