340
0.02516 0.020398
0.043759 0.022702
0.08737 0.021244
0.034901 0.026603
0.043363 0.026252
0.10313 0.020541
0.096302 0.025585
0.11682 0.023984
0.07098 0.028845
0.054257 0.026293
0.063977 0.027112
0.1439 0.022516
0.075352 0.030322
0.15703 0.022755
0.080673 0.034497
0.078809 0.032509
0.08085 0.034679
0.16768 0.022493
0.091509 0.036134
0.17218 0.024884
0.10625 0.035534
0.11625 0.03251
0.17665 0.027097
0.13561 0.032871
0.18553 0.028068
0.13883 0.033808
0.13545 0.032853
0.13785 0.033404
0.18376 0.031174
0.13924 0.034125
0.20009 0.025774
0.14214 0.035128
0.13919 0.034106
0.14264 0.035544
0.19466 0.031156
0.18187 0.035658
0.21716 0.021868
0.14644 0.037566
0.14646 0.036733
0.14701 0.037225
0.22113 0.029081
0.1892 0.037165
0.23977 0.021285
0.2008 0.034689
0.14811 0.038673
0.24469 0.02677
0.19416 0.037582
0.25375 0.027654
0.21542 0.035726
0.25251 0.031588
0.23719 0.034171
0.26713 0.021831
0.15949 0.040663
0.12278 0.039214
0.18118 0.039437
0.2712 0.022509
0.20689 0.036435
0.2682 0.030294
0.2412 0.036104
0.1986 0.038235
0.23598 0.036406
0.28623 0.022094
0.24452 0.036012
0.27753 0.031303
0.24637 0.035971
0.24557 0.035996
0.30183 0.02622
0.24996 0.036012
0.28976 0.030484
0.26954 0.035317
0.24999 0.036017
0.24606 0.03614
0.31948 0.027189
0.272 0.035264
0.32141 0.028255
0.27163 0.036521
0.11741 0.040731
0.3314 0.025889
0.096768 0.044934
0.33444 0.026619
0.29395 0.034719
0.098886 0.044925
0.093281 0.044247
0.3272 0.033528
0.073354 0.034242
0.3406 0.031461
0.2994 0.037442
0.080677 0.041304
0.054396 0.030169
0.34397 0.033178
0.03988 0.031327
0.35028 0.027505
0.039937 0.033917
0.037802 0.032996
0.34937 0.036803
0.043872 0.0345
0.35087 0.037527
0.14337 0.040441
0.047211 0.034854
0.35416 0.037035
0.080324 0.042343
0.35885 0.03116
0.071829 0.035481
0.047446 0.035229
0.35602 0.039058
0.045822 0.035599
0.36225 0.029721
0.045736 0.035649
0.045735 0.035605
0.045505 0.035632
0.36136 0.039254
0.072627 0.036748
0.28787 0.038971
0.049398 0.035712
0.046128 0.035655
0.3653 0.038266
0.2072 0.037731
0.37079 0.034519
0.077632 0.040789
0.10997 0.042987
0.22179 0.037433
0.37603 0.02425
0.31639 0.038471
0.39464 0.021917
0.38592 0.026834
0.31301 0.037949
0.38083 0.033714
0.34513 0.037697
0.3879 0.034004
0.29681 0.03896
0.11995 0.041947
0.38927 0.033813
0.41545 0.026393
0.39059 0.034025
0.36348 0.039583
0.43001 0.032303
0.41586 0.029134
0.40171 0.03068
0.42661 0.032155
0.41218 0.031145
0.38005 0.040092
0.44131 0.020401
0.43707 0.021519
0.51197 0.020094
0.51882 0.020218
0.39741 0.024173
0.49718 0.023304
0.40502 0.0244
0.49265 0.024925
0.40492 0.02443
0.40408 0.025048
0.45508 0.025109
0.49761 0.027312
0.44125 0.028788
0.46598 0.024775
0.49163 0.026281
0.51675 0.021841
0.4253 0.035128
0.4829 0.027168
0.50442 0.025607
0.50236 0.027529
0.43436 0.036338
0.46387 0.029942
0.51271 0.023095
0.51483 0.024263
0.4558 0.033505
0.50813 0.026716
0.5334 0.021587
0.53598 0.02583
0.55357 0.021278
0.57443 0.026433
0.53761 0.028577
0.57999 0.027201
0.52448 0.038202
0.57215 0.027755
0.52716 0.024833
0.50421 0.038947
0.57165 0.027725
0.55219 0.028796
0.52659 0.027018
0.5235 0.021881
0.55243 0.029393
0.53384 0.037615
0.45594 0.038521
0.4425 0.039415
0.53609 0.037309
0.42326 0.039053
0.52197 0.022442
0.46294 0.036579
0.41041 0.038915
0.40747 0.039102
0.52504 0.026241
0.59647 0.02118
0.58684 0.02811
0.61498 0.028084
0.62529 0.036883
0.59551 0.030053
0.6239 0.036562
0.5792 0.028471
0.59331 0.031161
0.66695 0.039874
0.58841 0.030773
0.59124 0.031865
0.69092 0.039407
0.79564 0.039372
0.54753 0.032812
0.5686 0.033585
0.67085 0.039134
0.59931 0.03396
0.47754 0.038026
0.42971 0.039348
0.60576 0.034401
0.61587 0.022099
0.63823 0.035644
0.6287 0.02742
0.71013 0.038908
0.67205 0.037998
0.88556 0.04274
0.68402 0.039429
0.77583 0.038583
0.77674 0.038484
0.6706 0.039174
0.63651 0.036987
0.65267 0.03859
0.81674 0.039744
0.6626 0.039704
0.92941 0.031819
0.90638 0.037059
0.93376 0.031462
0.67617 0.035318
0.88315 0.045888
0.70812 0.03781
0.95254 0.034038
0.94268 0.032309
0.95309 0.034162
0.64744 0.034653
0.9548 0.034562
0.69632 0.034377
0.79419 0.038863
0.95509 0.034627
0.68042 0.033525
0.82636 0.03953
0.70714 0.035428
0.95229 0.033812
0.95103 0.033496
0.64221 0.026121
0.82299 0.038751
0.72392 0.038131
0.94586 0.031781
0.94695 0.032593
0.94567 0.031779
0.64703 0.023054
0.94328 0.030942
0.70732 0.032762
0.93102 0.029592
0.94065 0.030342
0.93253 0.029547
0.664 0.026359
0.75396 0.038131
0.69999 0.030028
0.88468 0.039722
0.90632 0.035389
0.68792 0.027241
0.73443 0.038259
0.67944 0.02436
0.76777 0.036379
0.8816 0.045751
0.87561 0.044405
0.68947 0.024188
0.85428 0.039515
0.7347 0.036177
0.79031 0.037602
0.70664 0.024758
0.79115 0.037419
0.7448 0.035261
0.82182 0.036658
0.81917 0.036436
0.71905 0.025665
0.82555 0.037488
0.72503 0.025878
0.8415 0.038606
0.82509 0.037365
0.84295 0.03862
0.73347 0.027792
0.85512 0.039017
0.74477 0.028979
0.86822 0.041727
0.86671 0.041428
0.74302 0.023939
0.87553 0.043084
0.75553 0.0246
0.79955 0.037373
0.87312 0.042636
0.87485 0.038397
0.76711 0.026357
0.87758 0.035046
0.77377 0.02703
0.8052 0.03301
0.87935 0.035136
0.88602 0.036479
0.77703 0.024565
0.88991 0.035765
0.78642 0.024929
0.89565 0.032966
0.89033 0.035347
0.90131 0.03132
0.79383 0.021852
0.90585 0.030589
0.81642 0.026774
0.91406 0.028971
0.91607 0.028647
0.81999 0.023372
0.87968 0.028013
0.8239 0.023454
0.94204 0.027696
0.93563 0.02665
0.94728 0.028718
0.83202 0.0219
0.95844 0.031826
0.85452 0.025041
0.96012 0.031653
0.95859 0.03185
0.86483 0.022083
0.90441 0.025551
0.88978 0.024989
0.91046 0.024782
0.96293 0.031381
0.96473 0.031867
0.89441 0.022676
0.97082 0.032726
0.92334 0.022371
0.97177 0.03263
0.97083 0.032725
0.97158 0.032647
0.95876 0.022572
0.9756 0.032574
0.97086 0.022733
0.97369 0.026567
0.97458 0.03257
0.97741 0.032442
