340
0.024377 0.020469
0.039766 0.023412
0.082101 0.020985
0.032735 0.027956
0.039573 0.027891
0.10345 0.020446
0.094109 0.024157
0.11768 0.023601
0.062893 0.028148
0.047922 0.027907
0.05551 0.028002
0.14836 0.022324
0.067373 0.028977
0.16316 0.022416
0.073173 0.032464
0.071066 0.03084
0.073389 0.032617
0.17537 0.022292
0.086682 0.031822
0.17966 0.024874
0.10598 0.034317
0.11597 0.031425
0.18464 0.026955
0.13969 0.032073
0.1935 0.02753
0.14293 0.033238
0.13951 0.032057
0.14198 0.032725
0.19257 0.030469
0.14335 0.033575
0.20853 0.025821
0.14638 0.034296
0.1433 0.033555
0.14697 0.034626
0.20426 0.031055
0.1923 0.035013
0.22624 0.02175
0.15182 0.035879
0.15176 0.035134
0.15246 0.035498
0.23124 0.028981
0.20032 0.036752
0.24732 0.021453
0.20938 0.035125
0.15383 0.036581
0.2519 0.027634
0.20483 0.03781
0.26016 0.029627
0.22596 0.035096
0.26045 0.03464
0.2467 0.036629
0.26944 0.022377
0.1709 0.037159
0.12212 0.036769
0.19333 0.037773
0.2724 0.022971
0.21603 0.036551
0.27052 0.03304
0.25121 0.038088
0.20786 0.038199
0.24635 0.03916
0.28806 0.022093
0.25451 0.038485
0.27913 0.031745
0.25643 0.038794
0.25561 0.03867
0.3028 0.025816
0.26011 0.039759
0.29228 0.030896
0.2724 0.037918
0.26014 0.039768
0.25618 0.03891
0.32399 0.027163
0.27477 0.037157
0.32612 0.028574
0.27501 0.03786
0.1141 0.038518
0.33408 0.026838
0.093735 0.037801
0.3366 0.027644
0.29706 0.035312
0.098178 0.038003
0.088301 0.037134
0.33188 0.035857
0.064256 0.03295
0.34128 0.032513
0.30362 0.036589
0.071732 0.037904
0.048955 0.032748
0.34392 0.033685
0.037733 0.034148
0.35148 0.027008
0.037894 0.037214
0.036074 0.035935
0.34798 0.036631
0.041468 0.037996
0.3495 0.036988
0.14808 0.038233
0.044649 0.038491
0.35409 0.035543
0.070953 0.038369
0.36152 0.030021
0.062683 0.034974
0.04488 0.038799
0.35588 0.037015
0.04343 0.039059
0.36547 0.028453
0.043355 0.039089
0.043352 0.039058
0.043135 0.039059
0.36232 0.037312
0.063273 0.036011
0.29382 0.039121
0.046398 0.039056
0.043725 0.039119
0.36742 0.03614
0.21664 0.03728
0.37471 0.031437
0.067444 0.03761
0.10921 0.039271
0.23615 0.03858
0.38298 0.023166
0.32447 0.038694
0.40409 0.021932
0.39555 0.026148
0.32019 0.036661
0.39111 0.031479
0.34341 0.038195
0.3992 0.033605
0.3015 0.037994
0.11737 0.038534
0.40047 0.033641
0.4278 0.025169
0.40186 0.034004
0.36509 0.037348
0.4447 0.031229
0.42829 0.02741
0.41148 0.029837
0.44111 0.031256
0.42398 0.029338
0.39236 0.035696
0.4569 0.020389
0.45145 0.021403
0.52486 0.020098
0.53104 0.020236
0.4068 0.024071
0.51032 0.023731
0.41406 0.023884
0.50656 0.025699
0.41396 0.023915
0.4131 0.024503
0.46965 0.025654
0.51069 0.0282
0.45682 0.028521
0.48003 0.02445
0.5057 0.02727
0.52911 0.021916
0.44054 0.03408
0.49834 0.027948
0.517 0.025904
0.51506 0.027984
0.44965 0.034999
0.47824 0.029419
0.52549 0.023212
0.52735 0.024418
0.47146 0.034719
0.5211 0.026974
0.54414 0.021822
0.54633 0.026709
0.56179 0.021569
0.57672 0.028871
0.54767 0.029623
0.58146 0.029557
0.53499 0.039457
0.57581 0.030775
0.53871 0.025409
0.51646 0.0399
0.57543 0.030735
0.56103 0.030721
0.5382 0.027835
0.53549 0.022069
0.5614 0.031482
0.54347 0.039188
0.47379 0.038754
0.46086 0.038854
0.54568 0.03876
0.43932 0.037615
0.53403 0.022687
0.4796 0.036497
0.42473 0.036606
0.42079 0.037033
0.53686 0.026919
0.59377 0.021531
0.58732 0.030425
0.60936 0.028358
0.61402 0.038931
0.59551 0.033444
0.613 0.038793
0.58167 0.031343
0.59451 0.035151
0.66008 0.035453
0.59023 0.034219
0.59319 0.036186
0.69538 0.038503
0.79213 0.038876
0.55736 0.03529
0.57657 0.038715
0.66653 0.035464
0.59972 0.039159
0.49858 0.039409
0.44589 0.037588
0.60363 0.039336
0.61021 0.022195
0.62569 0.038353
0.62241 0.028285
0.71377 0.037894
0.6698 0.034869
0.90302 0.039381
0.68743 0.037606
0.7752 0.038983
0.77601 0.039282
0.66601 0.035476
0.62337 0.038818
0.63808 0.036666
0.82017 0.037569
0.65387 0.035235
0.9413 0.037457
0.92741 0.039226
0.94402 0.03755
0.67676 0.032548
0.89968 0.039526
0.71155 0.03737
0.95696 0.03833
0.95026 0.038125
0.95733 0.038348
0.63536 0.034097
0.95885 0.038375
0.69974 0.033676
0.79044 0.03914
0.95911 0.038376
0.68222 0.031526
0.83693 0.036921
0.71041 0.034979
0.9568 0.038204
0.95607 0.038121
0.6344 0.02596
0.83156 0.036742
0.73083 0.037324
0.9525 0.03747
0.95336 0.038027
0.95236 0.037491
0.63953 0.022716
0.95053 0.036928
0.71055 0.032335
0.94198 0.035257
0.94851 0.036666
0.94297 0.035376
0.66105 0.024972
0.75818 0.037333
0.70266 0.02955
0.90222 0.037147
0.92606 0.038798
0.68985 0.0266
0.74066 0.036704
0.68038 0.023643
0.77044 0.036134
0.8976 0.039805
0.88856 0.039154
0.69165 0.02389
0.86962 0.036891
0.74042 0.034961
0.78733 0.038926
0.7097 0.024573
0.78829 0.038757
0.75142 0.034632
0.83021 0.035183
0.82657 0.034874
0.72267 0.025173
0.83587 0.036412
0.72967 0.025436
0.85352 0.035538
0.83516 0.036197
0.85535 0.035077
0.7384 0.027026
0.87058 0.036978
0.75095 0.028459
0.87916 0.039109
0.87803 0.038818
0.74948 0.023716
0.8887 0.038524
0.76184 0.024382
0.79924 0.034878
0.88561 0.039417
0.8891 0.034952
0.77417 0.026352
0.89332 0.031987
0.78112 0.028004
0.81145 0.032347
0.89621 0.032169
0.90458 0.03455
0.78388 0.025027
0.90866 0.035472
0.79127 0.025004
0.91545 0.034346
0.90921 0.035103
0.92036 0.033241
0.80054 0.021552
0.92378 0.033511
0.82524 0.026148
0.9299 0.032368
0.93143 0.032037
0.82939 0.023002
0.89741 0.026389
0.83397 0.023168
0.94894 0.032452
0.94471 0.030916
0.95273 0.033198
0.84158 0.021765
0.961 0.035191
0.87027 0.024668
0.96221 0.034514
0.96112 0.035182
0.87932 0.022003
0.923 0.026641
0.90926 0.024645
0.9274 0.026223
0.96445 0.033441
0.96609 0.033558
0.91427 0.022751
0.97161 0.033485
0.93769 0.023449
0.97246 0.033383
0.97162 0.033484
0.97229 0.0334
0.96011 0.023255
0.97597 0.033323
0.97137 0.022898
0.97404 0.026958
0.97503 0.03332
0.97762 0.033184
