340
0.025775 0.020355
0.046118 0.022609
0.09237 0.021064
0.036802 0.026035
0.04587 0.026032
0.11192 0.020461
0.10301 0.024517
0.12583 0.023762
0.073367 0.027987
0.056656 0.026296
0.066181 0.027182
0.15542 0.022366
0.07793 0.02906
0.16984 0.022501
0.083723 0.032638
0.081719 0.030878
0.083926 0.032811
0.18161 0.02236
0.096182 0.033226
0.18582 0.025004
0.11409 0.034478
0.12418 0.031881
0.19068 0.027118
0.14688 0.032327
0.19934 0.027697
0.15007 0.033416
0.14671 0.032316
0.14914 0.032925
0.19843 0.030703
0.15049 0.033749
0.21406 0.025927
0.15347 0.034526
0.15043 0.03373
0.15405 0.034869
0.20988 0.031274
0.19816 0.035349
0.23156 0.02176
0.15883 0.036236
0.15877 0.035473
0.15946 0.035857
0.23653 0.028948
0.20602 0.037098
0.25294 0.021406
0.2149 0.035392
0.1608 0.03699
0.25767 0.027371
0.21043 0.03816
0.26625 0.029254
0.23129 0.035188
0.26655 0.03407
0.2523 0.036109
0.27593 0.022274
0.17729 0.037718
0.12986 0.037718
0.19917 0.038167
0.27901 0.02284
0.22143 0.036771
0.27705 0.032471
0.25696 0.037472
0.21341 0.038536
0.25194 0.038566
0.29545 0.021996
0.26036 0.037824
0.28608 0.0312
0.26236 0.038102
0.2615 0.037992
0.31084 0.0256
0.2662 0.038993
0.29988 0.030417
0.27902 0.037125
0.26623 0.039002
0.26209 0.038217
0.33241 0.027203
0.28149 0.036385
0.33452 0.028664
0.28174 0.037055
0.12203 0.039142
0.3424 0.02705
0.10159 0.039289
0.34484 0.02793
0.30488 0.034686
0.1055 0.03908
0.096994 0.039054
0.34022 0.036255
0.074728 0.03284
0.34927 0.033135
0.31169 0.035984
0.081975 0.037956
0.057961 0.030274
0.35175 0.034462
0.043442 0.030765
0.35887 0.027552
0.043752 0.033079
0.041212 0.032094
0.35558 0.037772
0.048543 0.033715
0.357 0.038222
0.15514 0.03856
0.052773 0.034117
0.36132 0.036853
0.081178 0.038431
0.36807 0.031054
0.073037 0.034495
0.053082 0.034366
0.36298 0.038526
0.051265 0.034523
0.3716 0.029424
0.051166 0.03455
0.05116 0.034524
0.050877 0.034531
0.36878 0.039131
0.073572 0.035592
0.30149 0.0383
0.055013 0.034741
0.051649 0.034566
0.37335 0.038144
0.22202 0.037504
0.37988 0.033231
0.077721 0.037704
0.11698 0.03964
0.24143 0.038341
0.38681 0.023777
0.33289 0.038819
0.40427 0.022313
0.39716 0.027423
0.32864 0.036616
0.39351 0.033919
0.35128 0.039203
0.40017 0.03637
0.30949 0.037308
0.12524 0.039331
0.40122 0.036393
0.4247 0.025697
0.40239 0.036806
0.37126 0.039313
0.44056 0.031593
0.42515 0.028149
0.41046 0.031666
0.43705 0.031764
0.42116 0.030476
0.39453 0.039011
0.45265 0.020385
0.44725 0.021413
0.52177 0.020089
0.52895 0.020207
0.40654 0.024862
0.50693 0.023726
0.41263 0.024554
0.50322 0.025667
0.41255 0.024592
0.41183 0.025302
0.46581 0.025429
0.50729 0.028212
0.45257 0.028434
0.47657 0.0244
0.50238 0.027226
0.52672 0.021687
0.43652 0.034743
0.49474 0.027852
0.51351 0.025754
0.5116 0.027911
0.44555 0.035223
0.47474 0.029281
0.52251 0.022903
0.52467 0.023926
0.46812 0.034237
0.51758 0.026562
0.54328 0.021746
0.54551 0.026521
0.56152 0.021499
0.57719 0.028384
0.54687 0.029436
0.5822 0.029017
0.53423 0.03756
0.57619 0.030187
0.53772 0.024999
0.51237 0.039541
0.57578 0.030151
0.5607 0.03025
0.5372 0.027217
0.53413 0.02187
0.56109 0.03097
0.54317 0.038361
0.47108 0.038302
0.45697 0.038474
0.54528 0.038215
0.43538 0.03852
0.53243 0.022404
0.47705 0.03628
0.42186 0.038564
0.41829 0.039389
0.53572 0.026314
0.59534 0.021461
0.58839 0.029815
0.61125 0.028457
0.61609 0.039536
0.59708 0.032846
0.61508 0.039332
0.58237 0.030701
0.59597 0.03441
0.6556 0.0397
0.59139 0.033411
0.59452 0.035319
0.68607 0.037047
0.7899 0.038209
0.55669 0.034656
0.57676 0.037728
0.6606 0.03957
0.60163 0.03845
0.49501 0.039162
0.44181 0.038081
0.6057 0.038849
0.6121 0.022237
0.62669 0.039597
0.62383 0.028768
0.70714 0.03608
0.66313 0.038757
0.90136 0.039868
0.67705 0.038384
0.77234 0.038295
0.77318 0.038585
0.66021 0.039596
0.62453 0.039936
0.63817 0.039049
0.81907 0.037261
0.65082 0.039531
0.93442 0.036413
0.922 0.040288
0.93721 0.035863
0.66873 0.03529
0.89822 0.039502
0.70467 0.035577
0.95337 0.035141
0.94488 0.035234
0.95383 0.035168
0.63577 0.03571
0.95558 0.035245
0.69142 0.032347
0.78815 0.038458
0.95585 0.035254
0.67323 0.033011
0.83645 0.038212
0.70347 0.033439
0.95316 0.03503
0.95224 0.034936
0.63503 0.026595
0.83081 0.036819
0.72593 0.03616
0.94771 0.034422
0.94882 0.034809
0.94753 0.034453
0.63986 0.023154
0.94521 0.034199
0.70371 0.031067
0.93507 0.034251
0.94264 0.034256
0.93609 0.034157
0.65675 0.026328
0.75468 0.036687
0.69487 0.028609
0.9 0.03745
0.92073 0.039705
0.68086 0.026605
0.73642 0.035839
0.67209 0.024219
0.76739 0.035551
0.89572 0.039427
0.88431 0.037709
0.68282 0.02378
0.8627 0.03766
0.73617 0.034183
0.78492 0.03825
0.70282 0.024105
0.78591 0.038088
0.74764 0.034062
0.82931 0.035133
0.82557 0.034749
0.7172 0.024746
0.83528 0.037423
0.7247 0.025058
0.84946 0.039921
0.83451 0.037038
0.85075 0.038916
0.73402 0.026643
0.86374 0.037485
0.74716 0.028125
0.87301 0.038188
0.87177 0.037971
0.74563 0.023563
0.88437 0.037123
0.75848 0.02422
0.79728 0.034384
0.8808 0.038126
0.88432 0.033817
0.77126 0.026122
0.88854 0.031248
0.77848 0.027716
0.8099 0.031979
0.89179 0.031736
0.90128 0.035066
0.78134 0.024846
0.90513 0.036642
0.78901 0.024825
0.91071 0.035642
0.90552 0.036371
0.91471 0.034209
0.79862 0.021501
0.91783 0.03433
0.82396 0.026086
0.92359 0.032952
0.92499 0.032516
0.82811 0.02299
0.89264 0.026219
0.8327 0.023278
0.94318 0.030656
0.93799 0.029857
0.94792 0.030895
0.84026 0.022011
0.95791 0.032669
0.86392 0.024836
0.95933 0.032142
0.95804 0.032666
0.87309 0.021907
0.91659 0.027087
0.90415 0.025031
0.9209 0.026553
0.96192 0.031308
0.96383 0.031454
0.90869 0.023039
0.97025 0.031466
0.93078 0.023443
0.97124 0.031379
0.97026 0.031465
0.97104 0.031394
0.95656 0.02271
0.97531 0.031328
0.96985 0.022464
0.97299 0.025916
0.97422 0.031325
0.97723 0.031209
