340
0.024412 0.020465
0.04054 0.023025
0.089529 0.020822
0.032742 0.027601
0.040179 0.027009
0.11508 0.020307
0.10359 0.023477
0.14057 0.02227
0.067608 0.027551
0.050073 0.026569
0.059945 0.026714
0.18342 0.02172
0.072685 0.028278
0.20157 0.021953
0.080608 0.030504
0.077564 0.029502
0.080908 0.030579
0.21627 0.021764
0.098847 0.030215
0.22317 0.02331
0.12393 0.028393
0.14119 0.027053
0.22961 0.024627
0.17276 0.028322
0.24338 0.024741
0.1786 0.029219
0.17255 0.028295
0.17661 0.028882
0.24122 0.026712
0.17957 0.029448
0.2704 0.023334
0.18491 0.030217
0.17947 0.029432
0.18596 0.030496
0.26177 0.026254
0.24233 0.029226
0.29712 0.021177
0.19233 0.031915
0.19165 0.031396
0.19269 0.031722
0.30417 0.025426
0.25596 0.02896
0.32912 0.02135
0.27977 0.027952
0.19525 0.032648
0.33319 0.028119
0.2685 0.029276
0.34075 0.029875
0.30618 0.02939
0.34073 0.034915
0.32962 0.03446
0.35038 0.022388
0.21551 0.03453
0.16294 0.031091
0.24887 0.031786
0.35357 0.02317
0.2951 0.029889
0.35134 0.033308
0.33347 0.038967
0.28203 0.029696
0.33003 0.037181
0.36687 0.022159
0.33634 0.040213
0.35874 0.032916
0.33774 0.040727
0.33715 0.040539
0.38183 0.02726
0.34011 0.041376
0.3709 0.030767
0.35245 0.039678
0.34013 0.041389
0.33759 0.041089
0.39548 0.028543
0.35425 0.039064
0.39721 0.029773
0.35396 0.041375
0.15489 0.031465
0.40648 0.026708
0.11584 0.03448
0.40911 0.027701
0.37774 0.035595
0.11992 0.034268
0.10779 0.03481
0.40306 0.035348
0.070634 0.031706
0.41424 0.034336
0.38507 0.040827
0.082605 0.035051
0.0502 0.0306
0.4164 0.037088
0.037022 0.03284
0.42158 0.030094
0.037074 0.035772
0.035223 0.034826
0.41947 0.043474
0.040653 0.036229
0.42031 0.044734
0.19373 0.035214
0.043696 0.036449
0.42248 0.042609
0.082427 0.035974
0.42709 0.034302
0.06907 0.032984
0.043912 0.036851
0.42306 0.046222
0.042433 0.03735
0.43029 0.032605
0.042356 0.037411
0.042355 0.037362
0.042145 0.037405
0.42649 0.044902
0.070158 0.033863
0.37095 0.040226
0.045693 0.037212
0.042713 0.037396
0.43062 0.043966
0.30253 0.031896
0.43503 0.039947
0.077896 0.035844
0.143 0.032425
0.31853 0.034888
0.44064 0.026419
0.39653 0.045612
0.45306 0.022976
0.44698 0.030356
0.39504 0.046058
0.44126 0.04132
0.41679 0.045341
0.44699 0.041062
0.38411 0.043925
0.16657 0.033636
0.44833 0.040554
0.46468 0.033311
0.4495 0.040882
0.42856 0.046107
0.4728 0.045079
0.46519 0.039035
0.45828 0.038702
0.47072 0.044804
0.46351 0.042452
0.43781 0.05881
0.4769 0.020806
0.47491 0.023129
0.51692 0.020142
0.52137 0.020334
0.45501 0.026815
0.50684 0.024606
0.45953 0.028103
0.50342 0.027227
0.45948 0.028147
0.45902 0.02916
0.48431 0.02958
0.50714 0.030204
0.47767 0.037643
0.48989 0.03094
0.50262 0.029355
0.52005 0.022812
0.47021 0.050145
0.49719 0.033314
0.51183 0.028187
0.5105 0.030818
0.47581 0.052009
0.49139 0.041953
0.5174 0.024686
0.51879 0.026486
0.48796 0.045148
0.51439 0.030001
0.53079 0.023181
0.53235 0.032816
0.53774 0.024179
0.54419 0.038289
0.53315 0.039877
0.54597 0.039873
0.52604 0.049741
0.54318 0.04297
0.52674 0.027976
0.51463 0.04958
0.54301 0.042973
0.53737 0.050198
0.52647 0.031442
0.52434 0.022934
0.53748 0.052334
0.53253 0.058202
0.49079 0.055368
0.48064 0.055903
0.53409 0.061226
0.46911 0.057732
0.52334 0.023776
0.49496 0.054781
0.46305 0.058786
0.46215 0.059593
0.52535 0.029901
0.55266 0.02313
0.54804 0.042285
0.55751 0.039829
0.555 0.060927
0.55025 0.048271
0.55454 0.061034
0.54542 0.044155
0.54907 0.051853
0.57726 0.05323
0.54774 0.050904
0.54815 0.054173
0.6053 0.042003
0.6947 0.030218
0.5374 0.061721
0.54161 0.064345
0.58322 0.049194
0.54908 0.061628
0.50128 0.057665
0.4733 0.057661
0.5502 0.063264
0.55986 0.025048
0.56369 0.051755
0.56455 0.034984
0.62568 0.039972
0.58554 0.046285
0.86922 0.031405
0.59894 0.043459
0.67722 0.032875
0.67809 0.032561
0.58288 0.049459
0.561 0.055526
0.56914 0.053177
0.76346 0.0317
0.57451 0.053107
0.93858 0.03341
0.91522 0.034374
0.94235 0.033294
0.59071 0.040611
0.84644 0.033628
0.62297 0.037813
0.95812 0.037242
0.95007 0.034654
0.95857 0.037412
0.57045 0.046065
0.95996 0.037959
0.60996 0.035779
0.69522 0.029703
0.9602 0.038049
0.59541 0.037284
0.7812 0.032979
0.6214 0.035305
0.95792 0.036957
0.95689 0.036532
0.57239 0.031336
0.7763 0.032114
0.63846 0.041097
0.95266 0.034173
0.95355 0.035211
0.9525 0.034161
0.57546 0.025464
0.95055 0.033051
0.62134 0.032693
0.93997 0.031026
0.9484 0.032241
0.94128 0.031034
0.58496 0.030401
0.66023 0.042476
0.61341 0.030611
0.87267 0.030199
0.91537 0.032986
0.60308 0.02852
0.64685 0.040696
0.5957 0.02569
0.67361 0.031744
0.8396 0.034023
0.82728 0.035976
0.60436 0.02486
0.81125 0.036313
0.64695 0.037647
0.69827 0.02822
0.62018 0.024757
0.7009 0.028103
0.65569 0.037211
0.77726 0.030474
0.7728 0.030182
0.63246 0.026074
0.78316 0.031048
0.63773 0.02654
0.80291 0.033847
0.78243 0.030956
0.80452 0.034068
0.64533 0.028466
0.81382 0.035
0.65574 0.030202
0.82451 0.034489
0.82279 0.034775
0.65427 0.024502
0.8354 0.032672
0.66476 0.024904
0.72504 0.027429
0.83119 0.033331
0.85128 0.029365
0.67753 0.024037
0.86436 0.028272
0.69229 0.022868
0.75143 0.026726
0.86759 0.028188
0.88069 0.028782
0.70015 0.021954
0.88955 0.02887
0.71978 0.022205
0.90122 0.028469
0.8907 0.028782
0.90954 0.028758
0.73682 0.020918
0.91537 0.028922
0.77529 0.024445
0.92402 0.028698
0.92612 0.028576
0.78084 0.022189
0.87266 0.024468
0.7874 0.022228
0.94954 0.029145
0.944 0.027756
0.95382 0.030543
0.79998 0.02126
0.96295 0.034682
0.83025 0.023333
0.96432 0.034512
0.96307 0.034716
0.84758 0.021229
0.91366 0.024559
0.8918 0.022904
0.92024 0.024371
0.96654 0.034244
0.96795 0.034899
0.89992 0.021703
0.97276 0.036134
0.93336 0.022544
0.97351 0.036013
0.97277 0.036133
0.97336 0.036034
0.96321 0.023195
0.97653 0.035941
0.97279 0.023465
0.97502 0.028325
0.97572 0.035937
0.97795 0.035774
