340
0.023543 0.020579
0.036493 0.023705
0.073009 0.021082
0.030232 0.029436
0.036204 0.028589
0.095279 0.020366
0.085289 0.02393
0.11412 0.023485
0.058239 0.030497
0.044405 0.027909
0.052641 0.028703
0.14172 0.022628
0.061563 0.032052
0.15367 0.023013
0.066419 0.035284
0.064615 0.034115
0.066595 0.035355
0.16286 0.02287
0.080221 0.031956
0.16709 0.02546
0.1024 0.030918
0.11434 0.030875
0.17092 0.027869
0.1343 0.032615
0.17883 0.028653
0.1384 0.034015
0.13414 0.032574
0.13708 0.033488
0.17763 0.032098
0.13894 0.03436
0.19258 0.026879
0.14207 0.035459
0.13888 0.034337
0.14266 0.035845
0.18831 0.032554
0.17813 0.036732
0.20546 0.022341
0.14637 0.038241
0.14605 0.037429
0.14665 0.037987
0.20903 0.030181
0.18529 0.037552
0.22474 0.021725
0.19693 0.036574
0.14815 0.039349
0.22814 0.029516
0.19149 0.039037
0.23521 0.030648
0.21001 0.037213
0.23599 0.035891
0.2258 0.037873
0.24406 0.022412
0.16165 0.043546
0.12725 0.036807
0.18152 0.042238
0.24729 0.023145
0.20431 0.039904
0.24554 0.033316
0.23011 0.041243
0.19793 0.040182
0.2267 0.040717
0.26117 0.022322
0.2331 0.041867
0.25339 0.032642
0.23456 0.042235
0.23395 0.042096
0.27426 0.026625
0.23705 0.042788
0.26448 0.0319
0.24844 0.039299
0.23707 0.042805
0.23453 0.042722
0.29131 0.027131
0.25028 0.038494
0.29371 0.028002
0.25096 0.041507
0.12259 0.038249
0.30493 0.025296
0.095459 0.037361
0.3083 0.02592
0.2696 0.035972
0.098999 0.037656
0.088174 0.036771
0.30147 0.031987
0.060248 0.036731
0.31533 0.029395
0.27617 0.038172
0.066814 0.041845
0.044599 0.03276
0.31782 0.030599
0.033816 0.03582
0.32778 0.025946
0.033971 0.03943
0.032424 0.038324
0.32397 0.034115
0.036917 0.039867
0.32701 0.035517
0.14655 0.04333
0.039502 0.040026
0.33263 0.033485
0.066508 0.04377
0.33846 0.029788
0.059336 0.03831
0.039708 0.040509
0.33606 0.036849
0.038464 0.041175
0.34283 0.030084
0.0384 0.041253
0.038397 0.041193
0.038216 0.041253
0.34304 0.038657
0.059987 0.039745
0.26545 0.042871
0.041233 0.040883
0.03871 0.04122
0.35024 0.042545
0.20802 0.042659
0.35265 0.039462
0.064055 0.044399
0.11525 0.039806
0.21793 0.042815
0.35265 0.026832
0.29522 0.044544
0.36369 0.023275
0.35875 0.031612
0.29345 0.044972
0.35874 0.044378
0.31572 0.041352
0.36332 0.044172
0.27407 0.043178
0.12901 0.040819
0.3642 0.043232
0.37602 0.03448
0.3653 0.043571
0.34844 0.044599
0.38788 0.042188
0.3782 0.040072
0.37217 0.040243
0.38501 0.043765
0.37768 0.044195
0.42543 0.042184
0.38554 0.020799
0.3836 0.023204
0.47623 0.020024
0.50641 0.020044
0.36553 0.027453
0.43031 0.021614
0.36971 0.028835
0.42232 0.023385
0.36967 0.028881
0.36948 0.029974
0.39458 0.027855
0.43283 0.023275
0.39025 0.035324
0.40356 0.027633
0.42131 0.024547
0.49646 0.020409
0.39823 0.0404
0.41725 0.027405
0.44974 0.021761
0.44678 0.022439
0.42444 0.031023
0.41451 0.03202
0.47903 0.020791
0.48775 0.021028
0.41418 0.032984
0.46335 0.021878
0.58371 0.020537
0.59249 0.022711
0.6136 0.021358
0.62747 0.028512
0.59957 0.024926
0.63099 0.029468
0.59507 0.028266
0.62542 0.03041
0.55108 0.020934
0.57118 0.025148
0.62511 0.030361
0.61717 0.03181
0.54991 0.021338
0.53013 0.020345
0.61775 0.03308
0.60883 0.03436
0.57248 0.028128
0.57068 0.02903
0.60976 0.037474
0.58298 0.034211
0.52195 0.020442
0.56181 0.026578
0.57671 0.034692
0.58748 0.045041
0.53888 0.021171
0.64725 0.021533
0.63552 0.030507
0.65601 0.031691
0.64842 0.040117
0.64029 0.032917
0.64717 0.03964
0.62949 0.0314
0.63679 0.034714
0.69158 0.039344
0.63375 0.03462
0.63361 0.036221
0.72735 0.040556
0.8036 0.047885
0.61369 0.037782
0.61708 0.042174
0.70168 0.040297
0.63042 0.040199
0.6006 0.043958
0.59644 0.045245
0.63131 0.041201
0.66012 0.023129
0.66373 0.039251
0.66697 0.029024
0.74484 0.042144
0.70474 0.039172
0.89846 0.040753
0.71984 0.040197
0.79771 0.046801
0.79806 0.046853
0.70119 0.040254
0.66002 0.042421
0.67259 0.038547
0.83149 0.04686
0.68486 0.037628
0.94625 0.037463
0.92617 0.041334
0.94904 0.037505
0.71089 0.036577
0.88747 0.039838
0.74327 0.039732
0.96031 0.041544
0.95469 0.039196
0.96062 0.041701
0.67663 0.033582
0.96159 0.042201
0.73269 0.036048
0.80388 0.046284
0.96176 0.04228
0.71648 0.034441
0.83937 0.044361
0.74245 0.037033
0.9602 0.041209
0.95949 0.040801
0.68139 0.02578
0.83687 0.043955
0.75674 0.038858
0.95664 0.038273
0.95719 0.039515
0.95652 0.038274
0.68796 0.022867
0.95519 0.037031
0.74271 0.03411
0.94738 0.03447
0.95365 0.036202
0.94836 0.034537
0.70368 0.027527
0.78188 0.040925
0.7362 0.031441
0.90061 0.037616
0.92645 0.037872
0.72578 0.027702
0.76676 0.037139
0.71719 0.024747
0.79615 0.040585
0.88201 0.038853
0.87213 0.041469
0.72718 0.024479
0.8594 0.043047
0.76844 0.034488
0.80522 0.042048
0.74214 0.025305
0.80608 0.04197
0.779 0.035257
0.83758 0.040554
0.8355 0.040883
0.75353 0.025681
0.84076 0.040208
0.75957 0.025517
0.85308 0.040567
0.84035 0.040238
0.85424 0.040641
0.76936 0.027168
0.86144 0.040877
0.78067 0.029704
0.86967 0.039529
0.86831 0.039912
0.77921 0.024201
0.87815 0.036616
0.78975 0.025796
0.81461 0.0399
0.87495 0.037527
0.88957 0.03465
0.79798 0.028144
0.89631 0.034403
0.80407 0.027366
0.8264 0.036071
0.89781 0.034351
0.90568 0.034405
0.80699 0.025251
0.91125 0.033592
0.81398 0.025963
0.91892 0.033031
0.91199 0.033513
0.92388 0.032681
0.82062 0.022314
0.92741 0.032308
0.83713 0.028908
0.93488 0.031067
0.93672 0.030829
0.84004 0.024128
0.90055 0.027794
0.8438 0.023811
0.95473 0.032002
0.95052 0.030332
0.95787 0.033476
0.85166 0.021914
0.96468 0.037771
0.87352 0.024453
0.96593 0.037409
0.96478 0.037798
0.88658 0.021839
0.9267 0.026398
0.91287 0.024496
0.93198 0.025793
0.96796 0.036842
0.96918 0.03746
0.9183 0.022643
0.97344 0.038658
0.94282 0.023298
0.97412 0.038518
0.97345 0.038656
0.97399 0.038542
0.96548 0.023854
0.97686 0.038435
0.97377 0.024007
0.97569 0.029628
0.97613 0.03843
0.97815 0.038242
