340
0.025489 0.020374
0.04493 0.022705
0.091163 0.021021
0.03597 0.026311
0.044691 0.026254
0.1109 0.020456
0.10214 0.024486
0.12563 0.02341
0.071585 0.027991
0.055135 0.026456
0.064488 0.027295
0.15782 0.02247
0.076091 0.028936
0.17036 0.02277
0.082268 0.032234
0.080022 0.030601
0.082496 0.032393
0.18158 0.022299
0.095618 0.032851
0.18619 0.024633
0.11351 0.034106
0.12396 0.030892
0.19152 0.026417
0.14938 0.031764
0.20124 0.026762
0.15313 0.033319
0.14918 0.031715
0.152 0.032731
0.20039 0.029422
0.15366 0.033708
0.21841 0.02525
0.15714 0.034918
0.1536 0.033681
0.15781 0.035359
0.21375 0.029742
0.20102 0.033471
0.23689 0.021803
0.16217 0.03749
0.16198 0.03666
0.16261 0.037173
0.24168 0.029006
0.21058 0.034687
0.25851 0.021345
0.22141 0.033599
0.16391 0.038614
0.26332 0.02715
0.21618 0.035631
0.27203 0.028951
0.23828 0.035599
0.27232 0.03358
0.25775 0.035349
0.28226 0.022205
0.17725 0.038225
0.13089 0.035849
0.20267 0.035857
0.2855 0.022762
0.22898 0.035515
0.28394 0.032039
0.26238 0.036873
0.2205 0.036197
0.25734 0.03766
0.30177 0.022007
0.26587 0.037399
0.29298 0.031285
0.26793 0.037784
0.26704 0.037626
0.3175 0.025517
0.27189 0.03836
0.30604 0.03028
0.28666 0.036467
0.27193 0.038368
0.26765 0.037881
0.33816 0.027422
0.28911 0.035802
0.34015 0.028864
0.28948 0.036533
0.12242 0.037733
0.34808 0.027016
0.10218 0.039069
0.35057 0.027827
0.31156 0.034246
0.10588 0.039088
0.097481 0.038562
0.34549 0.036314
0.073037 0.032789
0.35484 0.032728
0.31862 0.035816
0.080785 0.037467
0.0564 0.030521
0.3573 0.033773
0.042339 0.031187
0.36511 0.026831
0.042641 0.033588
0.04018 0.032594
0.36109 0.036445
0.047283 0.034185
0.36263 0.036681
0.15968 0.03951
0.051382 0.034532
0.36755 0.034963
0.079946 0.037975
0.37567 0.02949
0.071417 0.034512
0.051682 0.034784
0.36947 0.036254
0.049922 0.034973
0.38001 0.028245
0.049826 0.035002
0.04982 0.034975
0.049545 0.034988
0.3764 0.036452
0.071994 0.035582
0.30843 0.037963
0.053554 0.035141
0.050294 0.035012
0.38212 0.035859
0.22985 0.036415
0.38942 0.03238
0.076249 0.037461
0.11693 0.038801
0.24661 0.03797
0.39618 0.023797
0.33825 0.039361
0.41388 0.022256
0.40652 0.027288
0.33442 0.03735
0.4029 0.033761
0.35658 0.038394
0.40906 0.035984
0.31643 0.036917
0.12597 0.037521
0.41014 0.035975
0.43488 0.025781
0.41126 0.036336
0.37943 0.036637
0.44984 0.032821
0.43534 0.028277
0.41997 0.0313
0.44646 0.032714
0.43117 0.030285
0.40385 0.038953
0.46066 0.020432
0.45588 0.02156
0.52675 0.020099
0.53281 0.020242
0.41624 0.024734
0.51214 0.023489
0.42261 0.02442
0.50816 0.025434
0.42251 0.024457
0.42175 0.025142
0.47255 0.025852
0.51252 0.027691
0.46058 0.029461
0.48285 0.024733
0.50725 0.026971
0.53092 0.021983
0.44562 0.03583
0.49941 0.028007
0.51918 0.025851
0.51714 0.027854
0.45403 0.036799
0.48106 0.029968
0.52737 0.02328
0.52919 0.024543
0.4743 0.035373
0.52315 0.027011
0.54551 0.021899
0.5476 0.027013
0.56255 0.021633
0.57673 0.029195
0.54888 0.030079
0.58121 0.029843
0.53669 0.040001
0.57578 0.031179
0.54027 0.025592
0.51761 0.039395
0.57542 0.031143
0.56189 0.031149
0.53978 0.028095
0.53718 0.022129
0.5623 0.03194
0.54509 0.039962
0.47661 0.039854
0.46419 0.040418
0.54726 0.039579
0.44421 0.039714
0.53574 0.022758
0.4825 0.037372
0.43031 0.038031
0.42641 0.03884
0.53852 0.027132
0.59349 0.021497
0.58692 0.030648
0.61012 0.027672
0.61499 0.037493
0.59458 0.032996
0.61381 0.037354
0.58129 0.031673
0.59334 0.034691
0.65789 0.040561
0.58931 0.034192
0.59191 0.035777
0.68559 0.041069
0.77583 0.040045
0.55861 0.035811
0.57628 0.039358
0.66278 0.040431
0.59791 0.038051
0.49682 0.039866
0.45057 0.040058
0.60275 0.037867
0.61105 0.022023
0.62777 0.03709
0.62416 0.027705
0.70135 0.039622
0.66522 0.039584
0.89447 0.03923
0.67888 0.041034
0.75959 0.038896
0.76057 0.039155
0.66239 0.040459
0.62515 0.037481
0.64168 0.038146
0.80052 0.038482
0.65353 0.040362
0.93364 0.035273
0.91946 0.037827
0.93673 0.034909
0.67045 0.036187
0.89184 0.039168
0.69935 0.039053
0.9535 0.034972
0.94488 0.034706
0.95396 0.035009
0.63849 0.034572
0.95574 0.035122
0.68946 0.035496
0.77461 0.040271
0.95602 0.035137
0.67461 0.034327
0.81613 0.037335
0.69852 0.036512
0.95329 0.034858
0.95235 0.034746
0.6371 0.026066
0.81154 0.037198
0.71645 0.039087
0.94775 0.034058
0.94887 0.034489
0.94757 0.034079
0.64234 0.023051
0.94522 0.033723
0.69883 0.03363
0.93442 0.033294
0.94261 0.033658
0.93554 0.033254
0.65849 0.026604
0.7416 0.03872
0.69218 0.030784
0.89368 0.037073
0.91794 0.037198
0.68107 0.027763
0.72532 0.038541
0.67318 0.024594
0.75408 0.036315
0.88977 0.038607
0.87823 0.035049
0.68264 0.024514
0.8509 0.033181
0.72546 0.036587
0.77164 0.039809
0.69837 0.025077
0.77262 0.039663
0.73515 0.036059
0.81042 0.035642
0.80665 0.03553
0.7105 0.025584
0.81525 0.036764
0.71682 0.025952
0.83145 0.034829
0.81463 0.03663
0.83336 0.033932
0.7248 0.027865
0.85209 0.033155
0.73593 0.029326
0.86416 0.034309
0.86258 0.034191
0.73457 0.0241
0.87836 0.034582
0.74607 0.024603
0.78177 0.037189
0.87394 0.034665
0.87848 0.031818
0.75818 0.026349
0.88389 0.030294
0.76519 0.027919
0.79212 0.033873
0.88696 0.031063
0.89531 0.034514
0.7679 0.025123
0.89916 0.035389
0.77534 0.025251
0.90596 0.033593
0.89965 0.035069
0.91115 0.032151
0.78364 0.021801
0.91495 0.032342
0.80571 0.026438
0.9219 0.031486
0.92348 0.031176
0.80981 0.023124
0.88792 0.025902
0.81408 0.023292
0.94316 0.030227
0.93767 0.029292
0.94797 0.030628
0.82173 0.021828
0.95811 0.032609
0.85278 0.023651
0.95955 0.032108
0.95825 0.032607
0.86478 0.021509
0.91389 0.026073
0.89946 0.024674
0.919 0.025739
0.96215 0.031318
0.96403 0.031494
0.90454 0.022688
0.97037 0.031609
0.92986 0.023161
0.97135 0.031522
0.97038 0.031608
0.97115 0.031537
0.95675 0.022692
0.97537 0.03147
0.96998 0.022493
0.97308 0.02599
0.9743 0.031467
0.97727 0.03135
