340
0.024047 0.020507
0.0385 0.023529
0.081502 0.020943
0.031775 0.028461
0.038313 0.028167
0.10264 0.020426
0.093344 0.024196
0.11794 0.02371
0.06081 0.028242
0.04648 0.028114
0.054011 0.028211
0.14643 0.022501
0.065441 0.028755
0.15875 0.023065
0.071657 0.031536
0.069467 0.030034
0.07188 0.031679
0.16809 0.02283
0.086343 0.031897
0.17194 0.025775
0.10602 0.033151
0.11711 0.031622
0.17592 0.028065
0.13811 0.032619
0.18365 0.028489
0.14183 0.033855
0.13791 0.032588
0.1407 0.03336
0.18297 0.031899
0.14237 0.034201
0.19794 0.026472
0.1459 0.035107
0.1423 0.03418
0.14658 0.035522
0.19423 0.031894
0.18369 0.036858
0.21275 0.02217
0.15115 0.038028
0.15091 0.037148
0.15159 0.037772
0.21661 0.03047
0.19217 0.037838
0.2322 0.021373
0.20125 0.03684
0.15302 0.03948
0.23696 0.027147
0.19749 0.039239
0.24583 0.028945
0.21351 0.038521
0.24635 0.033593
0.23109 0.035728
0.25593 0.022371
0.16513 0.041603
0.12399 0.038136
0.18534 0.039545
0.25903 0.023173
0.20665 0.039231
0.25782 0.033348
0.23583 0.036901
0.20104 0.040102
0.23052 0.03814
0.27154 0.022496
0.23962 0.037282
0.26563 0.033961
0.24189 0.0376
0.24091 0.037464
0.285 0.027115
0.24626 0.038448
0.2756 0.032418
0.2614 0.039499
0.2463 0.03846
0.24159 0.0377
0.3009 0.028448
0.26337 0.039262
0.30263 0.029851
0.26381 0.040235
0.11758 0.038479
0.31017 0.027571
0.093777 0.037818
0.31256 0.02857
0.28147 0.03756
0.097931 0.037808
0.088474 0.037356
0.30914 0.037117
0.061807 0.032944
0.31803 0.034482
0.28772 0.040475
0.06955 0.036459
0.046963 0.033119
0.32085 0.036247
0.036099 0.034716
0.32502 0.028814
0.036083 0.037858
0.034385 0.036675
0.32522 0.039933
0.039354 0.038385
0.32652 0.040568
0.14864 0.039741
0.042338 0.038611
0.32938 0.039639
0.068582 0.036961
0.33303 0.032215
0.059586 0.034934
0.042524 0.038915
0.33117 0.041467
0.041151 0.039257
0.33594 0.030503
0.041073 0.0393
0.041073 0.039266
0.040863 0.039297
0.3357 0.041022
0.060048 0.035915
0.27958 0.041906
0.043891 0.039228
0.041428 0.039287
0.33922 0.039794
0.20727 0.040409
0.34419 0.035371
0.064562 0.037003
0.11099 0.038359
0.21974 0.040293
0.34902 0.024407
0.30279 0.041527
0.36752 0.021863
0.35857 0.026857
0.29923 0.04047
0.35375 0.034138
0.32243 0.041502
0.36056 0.033912
0.28637 0.041704
0.12066 0.039025
0.36198 0.033613
0.39113 0.024998
0.36336 0.033734
0.33751 0.041262
0.41092 0.028916
0.39166 0.027113
0.37492 0.029755
0.40613 0.028916
0.38695 0.029125
0.35321 0.040738
0.42645 0.020303
0.42047 0.021101
0.51371 0.020076
0.52217 0.020174
0.37049 0.023946
0.49549 0.022689
0.37832 0.023907
0.48993 0.024016
0.37822 0.023937
0.37731 0.024521
0.44326 0.024389
0.49602 0.025951
0.42636 0.026629
0.45619 0.023864
0.48867 0.025108
0.5196 0.021474
0.40448 0.031148
0.47789 0.025692
0.50438 0.024552
0.50184 0.026116
0.41749 0.031679
0.4535 0.028151
0.51462 0.022495
0.51724 0.023426
0.44438 0.031568
0.50896 0.025444
0.5407 0.021229
0.54401 0.024484
0.56736 0.020962
0.5947 0.02504
0.54614 0.026569
0.60174 0.025694
0.52936 0.034391
0.5918 0.026042
0.53277 0.023801
0.50412 0.035382
0.59115 0.02601
0.56553 0.026617
0.53204 0.025528
0.52812 0.02149
0.56584 0.027066
0.54126 0.033627
0.44498 0.03585
0.42998 0.035057
0.54416 0.03331
0.40177 0.034154
0.52617 0.021939
0.45267 0.033663
0.38469 0.03592
0.381 0.036599
0.53007 0.02493
0.62249 0.020929
0.61037 0.026438
0.64615 0.026493
0.65863 0.0343
0.62129 0.027923
0.65696 0.033895
0.60075 0.026692
0.61851 0.028824
0.69731 0.041765
0.61234 0.028552
0.6159 0.029402
0.72244 0.041359
0.81313 0.039066
0.55933 0.029634
0.58723 0.030478
0.7013 0.041605
0.6261 0.03093
0.47112 0.034102
0.41115 0.03402
0.63443 0.031243
0.64724 0.021691
0.67272 0.035023
0.66279 0.026467
0.73637 0.040481
0.7031 0.040338
0.90746 0.039551
0.71588 0.040837
0.79256 0.040348
0.79338 0.040151
0.701 0.041645
0.67089 0.035905
0.68502 0.039761
0.83359 0.040853
0.69386 0.041267
0.94276 0.038356
0.93072 0.040343
0.945 0.038164
0.70806 0.036266
0.90479 0.04064
0.73486 0.039856
0.95662 0.038865
0.9506 0.03899
0.95692 0.038886
0.68157 0.035404
0.95812 0.038932
0.72685 0.03659
0.81176 0.038551
0.95832 0.038935
0.71233 0.034152
0.84489 0.039408
0.7347 0.037245
0.9565 0.038727
0.95588 0.038637
0.67731 0.02622
0.84103 0.039355
0.75152 0.038964
0.95274 0.038027
0.95346 0.038515
0.95261 0.038062
0.68194 0.023216
0.95099 0.037686
0.73561 0.034192
0.94339 0.03606
0.94919 0.037381
0.94422 0.036089
0.69752 0.026869
0.77698 0.040023
0.73035 0.031599
0.90646 0.037662
0.92945 0.039675
0.72006 0.027669
0.76096 0.039554
0.71142 0.024543
0.78802 0.038541
0.90279 0.040873
0.89407 0.040177
0.72154 0.024496
0.87533 0.041166
0.76162 0.037561
0.80806 0.037438
0.73606 0.025284
0.80931 0.037292
0.77083 0.036867
0.8404 0.037631
0.83784 0.03783
0.74833 0.025755
0.84427 0.038425
0.75431 0.026097
0.86268 0.038423
0.84376 0.038332
0.86438 0.038404
0.7621 0.028364
0.87607 0.041138
0.77248 0.029922
0.88387 0.041191
0.88277 0.04124
0.77113 0.024332
0.89407 0.039441
0.78208 0.025069
0.81908 0.038903
0.89078 0.040098
0.89373 0.035763
0.79263 0.026995
0.89745 0.032602
0.79871 0.027784
0.82599 0.035572
0.89981 0.032927
0.90793 0.034654
0.8017 0.024883
0.91192 0.035066
0.81071 0.02484
0.91866 0.034065
0.91239 0.034792
0.92346 0.033227
0.81888 0.02199
0.92678 0.033938
0.83789 0.027389
0.93263 0.033189
0.93396 0.032928
0.84118 0.023513
0.90019 0.026817
0.84488 0.023589
0.95001 0.033101
0.94601 0.031414
0.95351 0.033647
0.85277 0.021912
0.96079 0.035696
0.87533 0.025905
0.96219 0.035018
0.96092 0.035688
0.88318 0.022208
0.9258 0.026776
0.91181 0.024575
0.93019 0.026578
0.96464 0.033943
0.96625 0.034084
0.91704 0.02274
0.97173 0.034042
0.93956 0.023768
0.97258 0.033936
0.97174 0.034041
0.97241 0.033954
0.96078 0.023377
0.97603 0.033874
0.97172 0.023016
0.97428 0.027246
0.97511 0.03387
0.97766 0.033728
