340
0.023973 0.020517
0.038159 0.023852
0.075107 0.021036
0.03156 0.028777
0.037979 0.028903
0.094903 0.020456
0.0862 0.024466
0.10901 0.02407
0.057033 0.029695
0.044987 0.029373
0.051401 0.029696
0.13473 0.022598
0.060869 0.030267
0.14774 0.022737
0.066299 0.033236
0.064377 0.031725
0.066496 0.03337
0.15848 0.022679
0.079644 0.032894
0.16225 0.025643
0.098561 0.034181
0.10846 0.032708
0.16613 0.028626
0.12716 0.034041
0.1732 0.029631
0.13017 0.034961
0.12699 0.034024
0.12932 0.03456
0.17274 0.033452
0.13053 0.035278
0.18526 0.027038
0.13305 0.035857
0.13048 0.035262
0.13353 0.036213
0.18177 0.033723
0.17327 0.039186
0.19997 0.022088
0.13714 0.03815
0.13716 0.037284
0.1377 0.037782
0.20401 0.030675
0.17938 0.04108
0.21777 0.021691
0.18703 0.037901
0.13883 0.039152
0.22162 0.028751
0.18355 0.041315
0.22895 0.030446
0.20078 0.037864
0.22944 0.0358
0.21747 0.039243
0.23788 0.022649
0.15403 0.040232
0.11522 0.039918
0.17416 0.042721
0.24081 0.023506
0.19256 0.039435
0.23951 0.034806
0.22119 0.040778
0.18631 0.041644
0.21723 0.042184
0.25216 0.02252
0.2241 0.040914
0.24604 0.034925
0.22588 0.041062
0.2251 0.041003
0.26741 0.025512
0.22948 0.041544
0.25521 0.031757
0.2423 0.041764
0.22951 0.041553
0.22564 0.041225
0.28921 0.02591
0.24372 0.041289
0.29161 0.026909
0.24389 0.04282
0.10926 0.040273
0.30279 0.02536
0.086991 0.03895
0.30608 0.026088
0.2592 0.035158
0.091038 0.038824
0.08181 0.038697
0.29815 0.031915
0.05758 0.035196
0.31267 0.030624
0.26504 0.036111
0.064274 0.039193
0.045504 0.035234
0.31622 0.032227
0.036213 0.035798
0.32315 0.026961
0.036506 0.03919
0.034648 0.037678
0.3216 0.035586
0.039659 0.040263
0.32308 0.036278
0.13424 0.04052
0.042082 0.040986
0.3265 0.035926
0.063384 0.039814
0.33221 0.030283
0.055854 0.037528
0.042251 0.041384
0.32815 0.037774
0.041179 0.041567
0.33593 0.028875
0.04112 0.041605
0.041118 0.041564
0.040952 0.041566
0.33344 0.037738
0.056169 0.038668
0.25487 0.041843
0.043357 0.042017
0.041403 0.04165
0.33777 0.036643
0.19327 0.040531
0.34484 0.032946
0.059749 0.039894
0.1036 0.040077
0.2082 0.041512
0.3515 0.023715
0.28527 0.034897
0.37236 0.021763
0.36284 0.026104
0.28091 0.034402
0.35668 0.032131
0.31717 0.03642
0.36485 0.032547
0.2624 0.038404
0.11194 0.041029
0.36636 0.032398
0.39627 0.025094
0.36781 0.032626
0.33546 0.037959
0.41542 0.02932
0.39679 0.027254
0.38007 0.029515
0.41084 0.029271
0.39215 0.029217
0.35515 0.03768
0.4302 0.020321
0.42456 0.02116
0.51285 0.020079
0.52095 0.020182
0.37545 0.023799
0.4954 0.022808
0.38361 0.02385
0.49007 0.024192
0.3835 0.023878
0.38256 0.024441
0.44606 0.024645
0.49591 0.026213
0.43011 0.027014
0.45829 0.024105
0.48887 0.02534
0.51849 0.021543
0.40926 0.031567
0.47858 0.026032
0.50392 0.024753
0.50148 0.026386
0.42173 0.032271
0.45574 0.028646
0.51372 0.022608
0.51623 0.023582
0.44712 0.03224
0.5083 0.025685
0.53861 0.021296
0.54174 0.024734
0.5638 0.021016
0.58989 0.025234
0.54375 0.026941
0.59666 0.025902
0.5278 0.03509
0.5871 0.026283
0.53105 0.023991
0.50367 0.036061
0.58647 0.026253
0.56207 0.026992
0.53035 0.025801
0.52662 0.021562
0.56236 0.027466
0.53914 0.034366
0.44769 0.03677
0.43353 0.035959
0.54188 0.034051
0.40666 0.034632
0.52476 0.022031
0.45496 0.034484
0.38991 0.035976
0.38626 0.036482
0.52848 0.02517
0.61673 0.020958
0.60501 0.02666
0.63985 0.026527
0.6524 0.033838
0.61557 0.028175
0.65071 0.033539
0.59571 0.026939
0.61287 0.029109
0.703 0.034962
0.60691 0.028841
0.61036 0.02971
0.73381 0.038672
0.81747 0.044075
0.5562 0.030191
0.5827 0.030933
0.70861 0.0346
0.62024 0.03127
0.47226 0.03507
0.41565 0.034657
0.62832 0.031533
0.64094 0.021696
0.66773 0.033467
0.65668 0.026151
0.75268 0.037837
0.71054 0.03379
0.90872 0.041076
0.72654 0.03732
0.80237 0.044585
0.80303 0.044432
0.70823 0.034618
0.66576 0.034545
0.68356 0.035123
0.8353 0.041901
0.69689 0.03492
0.94569 0.037521
0.93236 0.039475
0.94803 0.037342
0.71628 0.032043
0.90606 0.042141
0.75042 0.036824
0.96021 0.039606
0.95384 0.038442
0.96052 0.039693
0.67801 0.032398
0.96171 0.040009
0.73831 0.03402
0.81651 0.043642
0.9619 0.040058
0.72147 0.031178
0.84706 0.03992
0.74931 0.034631
0.96008 0.03944
0.95942 0.039212
0.67248 0.025294
0.84322 0.039747
0.76722 0.03993
0.95609 0.037945
0.95685 0.038574
0.95596 0.037954
0.67797 0.022586
0.95427 0.037268
0.74949 0.032099
0.94637 0.035335
0.95238 0.036684
0.94724 0.035362
0.69951 0.024768
0.78893 0.042671
0.74175 0.029811
0.90812 0.038923
0.93099 0.038837
0.72971 0.026698
0.77512 0.041713
0.71983 0.023536
0.7984 0.041802
0.9041 0.042246
0.89678 0.040665
0.73137 0.023936
0.87897 0.040558
0.77541 0.039325
0.81388 0.042301
0.74877 0.024525
0.81479 0.042152
0.78326 0.038865
0.84269 0.037896
0.83978 0.038172
0.76203 0.025806
0.84652 0.038631
0.7676 0.026459
0.86455 0.037886
0.84602 0.038545
0.8665 0.037783
0.7747 0.029211
0.87983 0.040595
0.78416 0.031123
0.88818 0.041516
0.88724 0.041498
0.78285 0.024847
0.89684 0.039816
0.79253 0.025776
0.82172 0.042561
0.89397 0.040552
0.89683 0.036111
0.80175 0.028382
0.90067 0.033108
0.80666 0.02957
0.8283 0.037041
0.90278 0.03356
0.90998 0.035846
0.80901 0.026079
0.91355 0.036199
0.81613 0.026122
0.9199 0.034461
0.91403 0.035851
0.92512 0.033155
0.82253 0.022335
0.92862 0.033551
0.8404 0.027527
0.93496 0.032621
0.9364 0.032369
0.84381 0.023559
0.90362 0.027189
0.84749 0.023615
0.95328 0.032684
0.94912 0.0309
0.95696 0.033762
0.85532 0.021926
0.96408 0.037161
0.87869 0.025564
0.96526 0.036696
0.96418 0.037177
0.88698 0.022161
0.928 0.026626
0.91434 0.024902
0.93259 0.026301
0.96733 0.035951
0.96868 0.0364
0.91912 0.022841
0.97321 0.036923
0.94234 0.023603
0.97391 0.036796
0.97322 0.036922
0.97377 0.036818
0.96405 0.023722
0.97674 0.036721
0.97313 0.023634
0.97525 0.028733
0.97598 0.036717
0.97808 0.036546
