340
0.02283 0.020725
0.032935 0.02501
0.064696 0.021109
0.028182 0.032242
0.032743 0.031595
0.083589 0.02045
0.075424 0.024653
0.099441 0.023711
0.048921 0.031525
0.038328 0.031369
0.04409 0.030993
0.12572 0.022509
0.052227 0.032066
0.13915 0.022693
0.056171 0.03512
0.054812 0.033536
0.056313 0.035256
0.1501 0.022568
0.069285 0.033576
0.15408 0.025136
0.087679 0.033281
0.098926 0.031576
0.15823 0.027522
0.11753 0.033614
0.16685 0.028112
0.12046 0.034244
0.11736 0.033611
0.11964 0.033936
0.16543 0.031316
0.12079 0.034523
0.18118 0.026357
0.12323 0.035168
0.12074 0.03451
0.12365 0.035531
0.17685 0.031876
0.16436 0.036011
0.19601 0.021979
0.12728 0.037549
0.12741 0.036724
0.12797 0.037218
0.19987 0.029287
0.17286 0.037765
0.21926 0.021197
0.18317 0.036431
0.12909 0.038617
0.22463 0.026233
0.17879 0.038996
0.2345 0.026982
0.19507 0.036896
0.23315 0.030576
0.2165 0.033297
0.24922 0.021673
0.142 0.040442
0.1064 0.03941
0.16437 0.039424
0.25363 0.022298
0.18827 0.038965
0.25038 0.029414
0.22083 0.034941
0.18247 0.040241
0.21525 0.035455
0.27022 0.021842
0.22445 0.034748
0.26054 0.030253
0.22647 0.034662
0.2256 0.034705
0.28848 0.025171
0.23038 0.034638
0.27429 0.029104
0.25183 0.03402
0.23041 0.034642
0.22613 0.034824
0.31008 0.026203
0.25451 0.033977
0.31238 0.027252
0.2541 0.03513
0.10061 0.039748
0.32302 0.025634
0.076637 0.040222
0.32614 0.026409
0.27918 0.032568
0.079924 0.040291
0.071526 0.039744
0.31866 0.032507
0.049278 0.038036
0.33243 0.031185
0.2856 0.034594
0.054416 0.042303
0.037979 0.038429
0.33582 0.032888
0.030585 0.041118
0.34236 0.027371
0.030319 0.045961
0.029316 0.044228
0.3409 0.036484
0.03216 0.047001
0.34229 0.037235
0.1237 0.040155
0.033655 0.047569
0.34552 0.036905
0.053772 0.043414
0.3509 0.03095
0.047625 0.040635
0.033706 0.048194
0.34707 0.038887
0.032912 0.048816
0.3544 0.029467
0.032866 0.048897
0.032872 0.048828
0.032763 0.048876
0.35205 0.038899
0.047888 0.042063
0.2721 0.03659
0.034513 0.048904
0.033044 0.048896
0.35612 0.037772
0.18875 0.040453
0.36271 0.033892
0.051304 0.043696
0.092949 0.039839
0.20111 0.037702
0.36891 0.023996
0.3063 0.035504
0.38813 0.02195
0.37943 0.026634
0.30218 0.034752
0.37372 0.033081
0.33673 0.037316
0.38129 0.033683
0.28254 0.036004
0.10374 0.041117
0.38269 0.033556
0.409 0.026088
0.38401 0.033842
0.35396 0.039152
0.42473 0.031358
0.40944 0.028686
0.39503 0.030739
0.42097 0.031301
0.40558 0.030853
0.3723 0.039041
0.43686 0.02038
0.43223 0.021406
0.51176 0.020087
0.51915 0.020202
0.39091 0.02423
0.49579 0.023047
0.39817 0.024396
0.49086 0.024534
0.39807 0.024427
0.39724 0.025054
0.45076 0.025162
0.49625 0.026745
0.43679 0.028324
0.46179 0.02453
0.48974 0.02578
0.51691 0.021705
0.41967 0.034102
0.48026 0.026584
0.50362 0.025186
0.50139 0.026958
0.4299 0.034949
0.45948 0.029551
0.51256 0.022868
0.51485 0.02395
0.45171 0.033585
0.50761 0.026221
0.53491 0.021465
0.5377 0.025369
0.55692 0.021167
0.57976 0.025885
0.53946 0.027891
0.58582 0.026598
0.52527 0.036845
0.57727 0.027091
0.52817 0.024471
0.50339 0.037523
0.57671 0.027063
0.55541 0.028033
0.52755 0.026493
0.52421 0.021741
0.55567 0.028578
0.53539 0.036247
0.45223 0.038602
0.43959 0.038679
0.53782 0.03594
0.41754 0.03783
0.52255 0.02226
0.45877 0.036008
0.40368 0.038659
0.40053 0.038998
0.52588 0.025776
0.6038 0.021073
0.5933 0.027439
0.62432 0.027358
0.63546 0.035562
0.60275 0.029149
0.63396 0.035232
0.58497 0.027761
0.60034 0.03018
0.67991 0.03717
0.595 0.029875
0.59809 0.030846
0.70853 0.039748
0.81699 0.039819
0.5503 0.031708
0.57338 0.032411
0.68486 0.036649
0.60693 0.032653
0.4745 0.036534
0.42491 0.037862
0.6141 0.032992
0.62529 0.021912
0.64915 0.035116
0.63927 0.026905
0.72528 0.040199
0.68655 0.035679
0.91666 0.037596
0.70125 0.038558
0.79555 0.036005
0.79654 0.035967
0.68452 0.036678
0.64738 0.036302
0.66309 0.037408
0.83775 0.0389
0.67458 0.037218
0.95101 0.04329
0.94393 0.044347
0.9523 0.042833
0.69161 0.03344
0.91317 0.038462
0.72348 0.039064
0.95947 0.043175
0.95561 0.043175
0.95972 0.043213
0.65828 0.034146
0.96081 0.043315
0.71257 0.035131
0.81561 0.039079
0.961 0.043328
0.69623 0.032217
0.8495 0.039653
0.72246 0.036533
0.95939 0.042937
0.95891 0.042778
0.65339 0.025984
0.84538 0.038632
0.73798 0.038853
0.95686 0.041579
0.95731 0.042484
0.95678 0.041634
0.65825 0.02295
0.95577 0.040876
0.72243 0.033673
0.95082 0.039081
0.95462 0.040313
0.95137 0.039111
0.67686 0.02549
0.76978 0.035185
0.71543 0.030757
0.91454 0.035423
0.9426 0.042645
0.70393 0.027113
0.74808 0.03776
0.6947 0.02389
0.78669 0.033617
0.91035 0.03802
0.89917 0.036671
0.70552 0.024167
0.8752 0.040519
0.74835 0.035698
0.81178 0.03684
0.7216 0.025101
0.81269 0.036862
0.75935 0.033633
0.84395 0.036421
0.84088 0.035995
0.73321 0.025984
0.84835 0.037749
0.7389 0.02609
0.86481 0.040127
0.8478 0.037562
0.86632 0.040195
0.7471 0.027639
0.87581 0.040111
0.75931 0.028023
0.88715 0.037805
0.88576 0.038105
0.75734 0.02357
0.89907 0.035978
0.77175 0.023817
0.82093 0.03814
0.89479 0.036476
0.89824 0.033011
0.7861 0.025268
0.90278 0.030618
0.79398 0.026022
0.82616 0.033466
0.90552 0.030815
0.91584 0.033132
0.79773 0.023943
0.92127 0.033832
0.80849 0.02452
0.9277 0.033173
0.9217 0.033596
0.93288 0.033294
0.81627 0.021868
0.93695 0.034368
0.83831 0.026569
0.94209 0.034207
0.94305 0.034098
0.84203 0.023293
0.90566 0.02573
0.84604 0.023455
0.955 0.03498
0.95197 0.033293
0.95751 0.035784
0.85399 0.021962
0.96365 0.038511
0.87482 0.025346
0.96494 0.037821
0.96376 0.038511
0.88508 0.021796
0.93351 0.026909
0.91905 0.024233
0.93816 0.026906
0.96713 0.03672
0.96848 0.03699
0.92438 0.022561
0.97307 0.037446
0.94612 0.024327
0.97378 0.037315
0.97308 0.037445
0.97364 0.037338
0.96453 0.024009
0.97668 0.037238
0.97333 0.023747
0.97539 0.029002
0.97591 0.037233
0.97804 0.037057
