340
0.025799 0.020354
0.046273 0.022582
0.094658 0.020983
0.036871 0.025995
0.046023 0.025971
0.11491 0.020455
0.10598 0.024378
0.12925 0.023591
0.074181 0.027622
0.056936 0.026171
0.066731 0.026958
0.15781 0.022559
0.078911 0.028534
0.17138 0.022638
0.085363 0.0317
0.083016 0.030133
0.085602 0.031852
0.1826 0.022436
0.099314 0.032441
0.18673 0.025125
0.11756 0.034206
0.12763 0.031385
0.19151 0.027234
0.14992 0.033437
0.20003 0.027796
0.1527 0.034654
0.14976 0.033408
0.1519 0.03416
0.19914 0.030845
0.15304 0.035008
0.21462 0.025989
0.15563 0.035775
0.153 0.034988
0.15611 0.036132
0.21048 0.031375
0.19887 0.035554
0.23189 0.021784
0.16018 0.037472
0.16021 0.03665
0.16083 0.037043
0.23678 0.02902
0.20665 0.037274
0.25324 0.021395
0.21546 0.035557
0.16203 0.038218
0.258 0.027298
0.21103 0.038326
0.26669 0.029134
0.23162 0.035402
0.26699 0.033886
0.25259 0.035979
0.2765 0.02224
0.17825 0.038441
0.13377 0.03715
0.19986 0.038402
0.27963 0.022796
0.22191 0.036988
0.27764 0.032282
0.25728 0.037303
0.21398 0.038725
0.25222 0.038419
0.29636 0.021962
0.26072 0.03763
0.28682 0.031016
0.26274 0.037893
0.26187 0.037789
0.31201 0.025513
0.26663 0.038748
0.30086 0.030243
0.27964 0.03686
0.26667 0.038756
0.26247 0.038008
0.33376 0.027188
0.28215 0.036127
0.33587 0.028652
0.28241 0.036785
0.12591 0.038428
0.34375 0.027058
0.106 0.038614
0.34619 0.027945
0.30594 0.034442
0.10977 0.038722
0.10122 0.038013
0.3416 0.036262
0.075706 0.032204
0.35064 0.033179
0.31286 0.035745
0.083813 0.036699
0.058257 0.030054
0.35314 0.034534
0.043566 0.030666
0.36017 0.027627
0.043881 0.032957
0.04131 0.031993
0.35703 0.037907
0.048731 0.033562
0.35847 0.038379
0.15674 0.040111
0.053014 0.033903
0.3628 0.037049
0.082937 0.037181
0.36929 0.031233
0.074005 0.033842
0.053328 0.034143
0.36455 0.038763
0.051488 0.03433
0.37269 0.029642
0.051388 0.034358
0.051382 0.034332
0.051095 0.034344
0.37054 0.039458
0.074611 0.034865
0.3025 0.037995
0.055284 0.034478
0.051877 0.034366
0.37515 0.038656
0.2225 0.037734
0.38116 0.033808
0.079078 0.036675
0.12086 0.039167
0.24164 0.038386
0.3873 0.024003
0.33424 0.038783
0.40378 0.022415
0.397 0.027829
0.32998 0.036558
0.39354 0.034755
0.35272 0.039293
0.39937 0.037206
0.31063 0.037024
0.12916 0.038474
0.40033 0.037207
0.42381 0.025651
0.40138 0.037615
0.3731 0.039762
0.44001 0.031468
0.42428 0.028074
0.40951 0.032053
0.43639 0.031589
0.4201 0.030495
0.39438 0.040127
0.45212 0.02039
0.44672 0.021409
0.52164 0.020086
0.52898 0.020203
0.40599 0.02506
0.50615 0.023538
0.41188 0.024671
0.50227 0.025347
0.4118 0.024711
0.4111 0.02545
0.46473 0.025885
0.50653 0.027802
0.45204 0.028535
0.47441 0.024656
0.50138 0.026807
0.52669 0.021645
0.43569 0.034514
0.49318 0.027299
0.51304 0.025519
0.51104 0.027569
0.4451 0.035145
0.47276 0.029982
0.5224 0.022817
0.5246 0.023819
0.46694 0.035619
0.5173 0.026326
0.54356 0.021724
0.54581 0.026449
0.56193 0.021503
0.57744 0.028486
0.54719 0.02934
0.58239 0.029138
0.53436 0.037244
0.57644 0.030308
0.53793 0.02492
0.51168 0.038714
0.57605 0.03027
0.56112 0.030267
0.5374 0.027101
0.53426 0.021837
0.5615 0.030992
0.54346 0.038132
0.46943 0.040301
0.45722 0.039159
0.54558 0.038011
0.43428 0.038206
0.53253 0.022358
0.47441 0.037181
0.41941 0.038552
0.41577 0.039568
0.53588 0.026206
0.59533 0.021481
0.58848 0.029964
0.61106 0.028528
0.61586 0.039633
0.59704 0.033018
0.61485 0.039442
0.58256 0.030846
0.59594 0.034608
0.65561 0.039515
0.59143 0.033615
0.59452 0.035536
0.68617 0.037123
0.78943 0.038182
0.55708 0.034625
0.57701 0.03794
0.66067 0.039424
0.60152 0.038671
0.49291 0.037814
0.44123 0.037909
0.60556 0.03905
0.6119 0.022255
0.62645 0.039546
0.62357 0.028763
0.70707 0.036244
0.6632 0.038636
0.89696 0.039682
0.67718 0.038381
0.77183 0.038254
0.77268 0.038544
0.66027 0.039447
0.62428 0.039915
0.63799 0.038903
0.81816 0.03762
0.65078 0.039311
0.93322 0.035761
0.91995 0.039111
0.93617 0.035276
0.66883 0.035225
0.89424 0.039697
0.70463 0.035728
0.95285 0.034788
0.94414 0.034783
0.95331 0.034818
0.63557 0.035601
0.95511 0.034902
0.69148 0.03243
0.78768 0.038429
0.95539 0.034913
0.67334 0.032983
0.83526 0.038407
0.70344 0.033566
0.95263 0.034679
0.95168 0.034583
0.63484 0.026551
0.82971 0.037078
0.72566 0.036329
0.94704 0.034035
0.94818 0.034427
0.94686 0.034062
0.63968 0.023128
0.94448 0.033784
0.70368 0.031172
0.93394 0.033695
0.94184 0.033804
0.93501 0.033618
0.65678 0.026271
0.75418 0.036755
0.69491 0.028674
0.89596 0.037418
0.91859 0.038512
0.68099 0.026617
0.73604 0.035982
0.6722 0.024207
0.76687 0.035533
0.89212 0.039935
0.88234 0.038739
0.68294 0.023791
0.86164 0.038182
0.7358 0.034311
0.78444 0.038219
0.7028 0.024143
0.78543 0.038058
0.74718 0.034153
0.82823 0.035377
0.82454 0.035012
0.71702 0.024796
0.83411 0.037627
0.72445 0.025112
0.84833 0.039916
0.83336 0.037248
0.84963 0.038899
0.73367 0.026706
0.86265 0.038049
0.7467 0.028178
0.87181 0.03916
0.87058 0.038925
0.74518 0.023587
0.88237 0.038121
0.75796 0.024231
0.79682 0.034494
0.87935 0.039147
0.88213 0.034626
0.77076 0.026108
0.88589 0.031931
0.77799 0.0277
0.80921 0.032268
0.8889 0.032333
0.8974 0.0349
0.78085 0.024837
0.90141 0.036033
0.78853 0.024818
0.90771 0.034501
0.90188 0.035727
0.91222 0.033205
0.79816 0.021515
0.91564 0.033395
0.82296 0.026199
0.92189 0.032235
0.92338 0.031852
0.82705 0.02304
0.88974 0.026492
0.83157 0.023323
0.9424 0.030323
0.93704 0.0295
0.94726 0.030605
0.83902 0.022026
0.9575 0.032395
0.86255 0.024991
0.95895 0.031885
0.95764 0.032392
0.87128 0.022011
0.91451 0.026611
0.90105 0.024868
0.91917 0.026161
0.9616 0.031079
0.96354 0.03123
0.90596 0.02285
0.97008 0.031267
0.9295 0.023294
0.97108 0.031181
0.97009 0.031266
0.97088 0.031196
0.95612 0.02265
0.97523 0.031131
0.96968 0.022421
0.97287 0.025813
0.97412 0.031128
0.97718 0.031014
