340
0.024298 0.020478
0.039648 0.023396
0.079345 0.021107
0.032505 0.028007
0.03945 0.027854
0.097604 0.020475
0.089594 0.024844
0.11192 0.023863
0.061997 0.029078
0.047773 0.027958
0.055398 0.028485
0.13913 0.022561
0.065877 0.030038
0.15171 0.022862
0.071275 0.033737
0.069347 0.031918
0.071467 0.033903
0.16217 0.022496
0.083513 0.033857
0.16661 0.025027
0.10031 0.034485
0.11107 0.032103
0.17119 0.027364
0.13137 0.033294
0.17956 0.028601
0.13475 0.03441
0.13118 0.033271
0.13377 0.033947
0.17932 0.031981
0.13518 0.034747
0.19226 0.026793
0.13804 0.035527
0.13513 0.034728
0.13861 0.03592
0.18879 0.033074
0.18075 0.037208
0.20814 0.021875
0.14269 0.038202
0.14259 0.037328
0.14316 0.037882
0.21265 0.029475
0.18697 0.039791
0.228 0.021533
0.19375 0.037104
0.1443 0.039379
0.23221 0.027983
0.1906 0.040536
0.24022 0.029817
0.20814 0.036029
0.24093 0.034897
0.22754 0.037444
0.24953 0.022624
0.15697 0.039857
0.11806 0.03884
0.18229 0.040427
0.25239 0.023537
0.19862 0.038129
0.25162 0.034835
0.23174 0.038916
0.19297 0.040717
0.22723 0.040005
0.26331 0.02285
0.23505 0.039196
0.25842 0.035787
0.23706 0.039459
0.23618 0.039348
0.27537 0.027519
0.24116 0.040214
0.26686 0.0339
0.25548 0.041892
0.2412 0.040226
0.2368 0.039582
0.29129 0.027911
0.257 0.041715
0.29309 0.029062
0.25742 0.043007
0.11122 0.039232
0.30174 0.026417
0.089696 0.040548
0.30471 0.027082
0.27165 0.039
0.093165 0.040212
0.085285 0.040146
0.29848 0.034802
0.063283 0.034399
0.31073 0.031734
0.27694 0.041599
0.069946 0.039595
0.04849 0.032884
0.31396 0.033344
0.037226 0.034077
0.32018 0.027422
0.0373 0.037082
0.035441 0.035884
0.31879 0.036705
0.040844 0.037729
0.32015 0.037358
0.14 0.040236
0.044019 0.038077
0.32346 0.036783
0.069212 0.040027
0.32895 0.030631
0.061698 0.036307
0.044232 0.038382
0.32506 0.038623
0.042793 0.038652
0.33255 0.02911
0.042713 0.03869
0.042711 0.038657
0.042489 0.038678
0.33016 0.038288
0.062209 0.037456
0.26989 0.044591
0.045701 0.038748
0.043089 0.038693
0.33434 0.037029
0.1991 0.03911
0.34126 0.03308
0.06599 0.039396
0.10473 0.039829
0.21663 0.039229
0.34794 0.02371
0.29032 0.040286
0.36898 0.021738
0.35931 0.02605
0.28727 0.039759
0.35313 0.032066
0.31495 0.03786
0.36135 0.032422
0.27564 0.043358
0.11423 0.039776
0.36289 0.032264
0.39335 0.024973
0.36436 0.032479
0.33211 0.038449
0.41303 0.029051
0.39388 0.027081
0.3768 0.029348
0.40831 0.029011
0.38914 0.029009
0.3516 0.037601
0.42827 0.02031
0.42244 0.021124
0.51327 0.020078
0.52155 0.020178
0.37211 0.02374
0.49544 0.022748
0.3804 0.023776
0.49 0.024103
0.38028 0.023805
0.37933 0.024359
0.44463 0.024505
0.49595 0.026081
0.42817 0.026792
0.45723 0.023976
0.48876 0.025223
0.51904 0.021508
0.40668 0.031248
0.47823 0.025859
0.50414 0.024651
0.50165 0.02625
0.41951 0.031902
0.45461 0.02838
0.51416 0.022551
0.51673 0.023503
0.44573 0.031874
0.50862 0.025563
0.53964 0.021261
0.54286 0.024604
0.56559 0.020986
0.59236 0.025124
0.54493 0.026747
0.59928 0.025779
0.52857 0.034731
0.58951 0.026147
0.5319 0.023894
0.50389 0.035717
0.58887 0.026116
0.56381 0.02679
0.53118 0.025661
0.52735 0.021525
0.56411 0.027251
0.54019 0.033983
0.44632 0.036269
0.4317 0.035456
0.54301 0.033666
0.404 0.03424
0.52545 0.021984
0.4538 0.034042
0.38684 0.035631
0.38312 0.03615
0.52926 0.025047
0.61977 0.020937
0.6078 0.026523
0.64343 0.026391
0.65623 0.033634
0.61858 0.027997
0.65451 0.033321
0.59831 0.026794
0.61583 0.028915
0.70497 0.036801
0.60974 0.028659
0.61326 0.029508
0.7321 0.040164
0.81308 0.041726
0.55776 0.029895
0.58501 0.030677
0.70971 0.036792
0.62336 0.031015
0.47169 0.034576
0.41326 0.034233
0.63164 0.031257
0.64455 0.021662
0.67167 0.033456
0.66059 0.026082
0.74843 0.041037
0.71145 0.035733
0.90492 0.038432
0.72529 0.038535
0.79615 0.04381
0.79685 0.043579
0.70939 0.036822
0.66969 0.034496
0.68716 0.035567
0.83511 0.04055
0.69977 0.036252
0.94385 0.038464
0.93148 0.039644
0.94581 0.038407
0.71659 0.033415
0.90154 0.03949
0.74675 0.039992
0.95594 0.039181
0.95072 0.039546
0.95619 0.039191
0.68192 0.032632
0.95724 0.03919
0.73711 0.035588
0.81201 0.04141
0.95742 0.039185
0.72146 0.032179
0.8465 0.041059
0.74621 0.037311
0.95584 0.039045
0.9553 0.038977
0.67643 0.025338
0.84327 0.040357
0.7611 0.04131
0.95258 0.038474
0.9532 0.038947
0.95247 0.038515
0.68191 0.022635
0.95105 0.03819
0.74676 0.034349
0.94421 0.036187
0.94946 0.037858
0.94497 0.03626
0.70248 0.025267
0.7829 0.043146
0.74069 0.031146
0.90408 0.036671
0.93002 0.038919
0.72959 0.027081
0.76907 0.042246
0.72021 0.023876
0.79233 0.041619
0.899 0.03976
0.88997 0.039233
0.73116 0.024202
0.87201 0.042238
0.76964 0.039967
0.80909 0.040389
0.74663 0.025352
0.81012 0.040221
0.77763 0.039391
0.84247 0.038429
0.83999 0.03822
0.75786 0.026419
0.84585 0.039876
0.76321 0.026866
0.86121 0.03981
0.84541 0.039694
0.8627 0.039678
0.77008 0.029515
0.87264 0.042143
0.77913 0.031423
0.87938 0.041583
0.87837 0.041736
0.77796 0.024982
0.89015 0.038478
0.78744 0.025881
0.81795 0.040334
0.88663 0.03959
0.89061 0.035014
0.7965 0.028173
0.89518 0.031991
0.8017 0.029099
0.82583 0.035442
0.89755 0.032278
0.90622 0.033837
0.80425 0.025709
0.91061 0.034276
0.81195 0.025617
0.91811 0.033403
0.91116 0.034022
0.92326 0.032655
0.81894 0.022129
0.92681 0.033373
0.83869 0.027515
0.93298 0.032807
0.93437 0.032613
0.84188 0.023676
0.89859 0.026482
0.84517 0.023872
0.95013 0.0335
0.94631 0.031602
0.95338 0.033963
0.85219 0.022127
0.95996 0.035823
0.87326 0.026064
0.96149 0.035097
0.96009 0.035812
0.88092 0.022198
0.92563 0.026496
0.91095 0.024335
0.9302 0.026333
0.96414 0.033946
0.9658 0.03404
0.91647 0.022608
0.97146 0.033889
0.93993 0.023748
0.97234 0.033785
0.97147 0.033888
0.97216 0.033803
0.96057 0.023405
0.9759 0.033723
0.97163 0.022983
0.97422 0.027167
0.97495 0.033719
0.97759 0.033579
