340
0.023829 0.020536
0.037502 0.023663
0.082162 0.020851
0.03114 0.028914
0.037326 0.028481
0.10524 0.020413
0.095414 0.023857
0.12072 0.023739
0.059526 0.027918
0.045312 0.028273
0.052765 0.028156
0.1489 0.022439
0.064578 0.028213
0.1617 0.022687
0.071364 0.030543
0.068973 0.02922
0.071607 0.030671
0.17336 0.022306
0.08757 0.030672
0.17818 0.024956
0.10842 0.032967
0.11956 0.031706
0.18293 0.027351
0.1401 0.032638
0.1906 0.028569
0.14384 0.03373
0.13989 0.032614
0.14272 0.033282
0.18997 0.03197
0.14436 0.034053
0.20448 0.026304
0.14791 0.034797
0.1443 0.034035
0.14858 0.035176
0.20037 0.031874
0.19053 0.03708
0.22049 0.021987
0.15306 0.03716
0.15289 0.03635
0.15353 0.036839
0.22499 0.029702
0.19743 0.03809
0.24113 0.021348
0.20667 0.036122
0.15487 0.038218
0.24603 0.027053
0.2019 0.038921
0.25491 0.028747
0.2217 0.037081
0.25536 0.033262
0.24042 0.035433
0.26541 0.022116
0.16936 0.037515
0.12529 0.038637
0.19175 0.040004
0.26888 0.02272
0.21316 0.037725
0.26748 0.031647
0.2452 0.036663
0.20568 0.039296
0.24002 0.037791
0.28453 0.022087
0.24886 0.037105
0.27717 0.031566
0.25102 0.03745
0.25009 0.037307
0.30002 0.026278
0.25514 0.037941
0.28916 0.03057
0.27135 0.036325
0.25517 0.037947
0.25073 0.037549
0.31698 0.028326
0.27409 0.035919
0.31875 0.02974
0.2747 0.036688
0.11884 0.038735
0.32627 0.027513
0.095712 0.036416
0.32867 0.028529
0.29626 0.035383
0.10024 0.036801
0.089858 0.035529
0.32485 0.036959
0.060611 0.032372
0.33389 0.034189
0.3034 0.038397
0.069061 0.035118
0.04579 0.033363
0.33646 0.035576
0.035231 0.035356
0.34126 0.028312
0.035216 0.038636
0.033609 0.037467
0.34011 0.038922
0.03831 0.039049
0.34137 0.039488
0.15034 0.039209
0.041213 0.039154
0.34479 0.038524
0.068004 0.035657
0.35009 0.031418
0.058284 0.034435
0.041397 0.03946
0.3465 0.040141
0.040038 0.039873
0.35338 0.029653
0.039961 0.03992
0.039961 0.039885
0.039754 0.039927
0.35163 0.039491
0.05874 0.035349
0.29448 0.039026
0.042749 0.03972
0.040312 0.039891
0.35577 0.037997
0.21388 0.038684
0.36205 0.033677
0.063616 0.036023
0.11269 0.038277
0.22955 0.038919
0.36808 0.023916
0.3183 0.04124
0.38645 0.022113
0.37854 0.02694
0.31475 0.039972
0.3752 0.033406
0.33729 0.040494
0.38258 0.034845
0.302 0.039327
0.1218 0.039399
0.38382 0.034792
0.40795 0.025962
0.38523 0.035168
0.35369 0.039372
0.42321 0.033116
0.4084 0.028542
0.39362 0.030814
0.41987 0.032961
0.40463 0.030457
0.37708 0.038302
0.43281 0.020432
0.42852 0.021601
0.51495 0.020074
0.52367 0.020169
0.389 0.024458
0.49624 0.022635
0.39573 0.02428
0.49058 0.023949
0.39564 0.024314
0.39483 0.02496
0.44558 0.025253
0.49677 0.025829
0.43274 0.029466
0.45718 0.024176
0.4893 0.025028
0.52102 0.021431
0.42 0.036165
0.47838 0.025667
0.50534 0.024434
0.50272 0.025968
0.42818 0.037181
0.45476 0.028931
0.51589 0.022422
0.51859 0.023325
0.44681 0.033673
0.51006 0.025287
0.54273 0.0212
0.54611 0.024384
0.56956 0.020981
0.59493 0.025965
0.54829 0.026427
0.60078 0.027173
0.53107 0.03397
0.59233 0.026962
0.53459 0.023696
0.50508 0.034985
0.59175 0.026884
0.56777 0.026726
0.53383 0.025373
0.52979 0.021446
0.56808 0.027188
0.54331 0.033304
0.44769 0.038595
0.43683 0.040421
0.54627 0.033011
0.41987 0.040313
0.52778 0.021881
0.45419 0.03503
0.40693 0.038824
0.40342 0.038894
0.53181 0.024788
0.61572 0.021346
0.60716 0.028786
0.63112 0.03012
0.63224 0.041485
0.6148 0.031439
0.63139 0.041349
0.60006 0.028361
0.61273 0.03263
0.67803 0.036983
0.60844 0.031909
0.6107 0.033341
0.70889 0.039603
0.80433 0.037483
0.56171 0.029665
0.58818 0.031639
0.68361 0.036891
0.61614 0.036182
0.47164 0.03414
0.42587 0.040913
0.62091 0.037566
0.63179 0.022642
0.64394 0.038529
0.64199 0.028838
0.72516 0.038104
0.68604 0.03625
0.90512 0.038303
0.70187 0.038658
0.78468 0.038439
0.78556 0.038481
0.6832 0.036904
0.641 0.040159
0.65817 0.037506
0.83068 0.039128
0.67256 0.036759
0.94485 0.038833
0.93256 0.039262
0.94692 0.038887
0.69235 0.033618
0.9017 0.039324
0.72319 0.037558
0.9578 0.039517
0.95224 0.039999
0.95808 0.039519
0.65525 0.034765
0.95917 0.039492
0.71326 0.035001
0.80286 0.037586
0.95935 0.039484
0.69735 0.03226
0.8425 0.039743
0.72257 0.035255
0.95768 0.039391
0.95709 0.03934
0.65424 0.026251
0.83931 0.039191
0.74035 0.03823
0.9541 0.038903
0.95483 0.039367
0.95398 0.038948
0.65921 0.022926
0.95244 0.038652
0.72318 0.032578
0.94511 0.036515
0.95072 0.038428
0.9459 0.036628
0.67858 0.025433
0.76727 0.038227
0.7166 0.030329
0.90415 0.036562
0.93107 0.038532
0.70528 0.027076
0.74893 0.038041
0.69595 0.023898
0.77971 0.036262
0.89908 0.039632
0.89021 0.03956
0.70685 0.024158
0.87111 0.039693
0.74971 0.03616
0.79909 0.037052
0.72304 0.02469
0.80045 0.036941
0.76055 0.035171
0.83856 0.03739
0.83571 0.037193
0.73658 0.025443
0.84193 0.038717
0.74271 0.025808
0.85739 0.038256
0.8415 0.038551
0.85914 0.037987
0.75079 0.027677
0.87194 0.039711
0.76259 0.028942
0.88016 0.040114
0.87909 0.040101
0.76113 0.023893
0.89035 0.038901
0.77302 0.024549
0.81123 0.036524
0.88704 0.039639
0.89066 0.035272
0.78511 0.02627
0.89495 0.032056
0.79213 0.027227
0.82142 0.033804
0.89725 0.032302
0.9062 0.033631
0.795 0.02458
0.91082 0.033873
0.80433 0.024598
0.91868 0.033012
0.91138 0.033625
0.92378 0.03226
0.81325 0.021755
0.92746 0.032936
0.83485 0.027092
0.93372 0.032632
0.93513 0.03249
0.83836 0.023467
0.89819 0.026455
0.84188 0.02365
0.95092 0.033879
0.94693 0.031889
0.95427 0.034294
0.84924 0.02202
0.96131 0.036056
0.87244 0.025513
0.96261 0.035297
0.96143 0.036042
0.88076 0.022114
0.92599 0.026289
0.91084 0.024215
0.93069 0.026187
0.96492 0.034094
0.96651 0.034162
0.91651 0.022532
0.97188 0.033963
0.94063 0.023768
0.9727 0.033858
0.97188 0.033962
0.97254 0.033876
0.96067 0.02346
0.9761 0.033796
0.97167 0.022999
0.97425 0.027205
0.97519 0.033792
0.9777 0.033651
