340
0.023304 0.020621
0.035099 0.024288
0.070972 0.021175
0.029614 0.030487
0.03495 0.029928
0.087872 0.020534
0.080623 0.02525
0.10064 0.024242
0.054145 0.029644
0.04146 0.029647
0.048215 0.029238
0.1263 0.022642
0.058281 0.030552
0.13847 0.023008
0.063685 0.03422
0.06175 0.0324
0.063876 0.034386
0.14821 0.022927
0.075175 0.034837
0.15164 0.026075
0.09046 0.036173
0.099866 0.033322
0.15521 0.029138
0.11877 0.033956
0.16205 0.029899
0.122 0.034789
0.11859 0.033942
0.12107 0.034414
0.16164 0.03385
0.1224 0.035106
0.17405 0.027136
0.12516 0.035952
0.12236 0.035088
0.12571 0.036373
0.17049 0.033834
0.16221 0.039728
0.18836 0.022078
0.12991 0.038814
0.1298 0.037914
0.13047 0.038492
0.19224 0.030314
0.16805 0.041411
0.20754 0.021504
0.17551 0.038196
0.13196 0.040059
0.21183 0.027582
0.17205 0.041794
0.22039 0.028294
0.18807 0.037686
0.2196 0.032598
0.20558 0.0371
0.23264 0.021881
0.14513 0.042503
0.10629 0.040202
0.16309 0.043499
0.23665 0.022481
0.18048 0.039967
0.23368 0.030468
0.2093 0.038399
0.17468 0.042292
0.20472 0.040023
0.25307 0.021789
0.21238 0.037963
0.24335 0.030483
0.21422 0.037764
0.21342 0.037856
0.27255 0.024749
0.21788 0.037559
0.2573 0.028688
0.23527 0.035377
0.21791 0.037562
0.21392 0.037977
0.2962 0.025752
0.23769 0.034971
0.29867 0.026754
0.23737 0.036262
0.099956 0.041176
0.31001 0.025337
0.081055 0.042404
0.31328 0.026096
0.26252 0.031789
0.084164 0.042482
0.077097 0.041726
0.30537 0.031775
0.0555 0.035235
0.31985 0.030718
0.26943 0.033469
0.062936 0.040394
0.041334 0.035654
0.32337 0.032374
0.032642 0.038069
0.33019 0.027089
0.032434 0.042043
0.031192 0.040584
0.32867 0.03585
0.034678 0.042773
0.33011 0.036575
0.127 0.040896
0.036496 0.043128
0.33347 0.036265
0.06232 0.041046
0.33905 0.030543
0.053737 0.037323
0.036576 0.043622
0.33508 0.038176
0.035635 0.044181
0.34269 0.029119
0.035582 0.04425
0.035587 0.044194
0.035457 0.044242
0.34025 0.038199
0.054273 0.038514
0.25507 0.035976
0.037573 0.044125
0.035798 0.044235
0.34448 0.03712
0.18102 0.041229
0.35132 0.033372
0.059078 0.040485
0.094049 0.042064
0.19472 0.040461
0.35775 0.023843
0.29213 0.03428
0.37792 0.021828
0.36871 0.026314
0.28763 0.033493
0.36276 0.03255
0.32432 0.036632
0.37065 0.03298
0.26613 0.03487
0.10274 0.041549
0.37212 0.032828
0.40088 0.02534
0.37352 0.033068
0.34223 0.038448
0.41904 0.029836
0.40138 0.027608
0.38535 0.029894
0.4147 0.029785
0.39694 0.029639
0.36128 0.038291
0.43304 0.020338
0.4277 0.021224
0.51229 0.020082
0.52013 0.020188
0.38091 0.023944
0.49539 0.022897
0.38874 0.024009
0.49022 0.024324
0.38863 0.024038
0.38774 0.024623
0.44812 0.024876
0.49588 0.02641
0.43296 0.027398
0.45978 0.024308
0.48905 0.025513
0.51776 0.021597
0.4132 0.032208
0.4791 0.026284
0.50364 0.024906
0.50128 0.026591
0.42502 0.03295
0.45735 0.029071
0.51314 0.022696
0.51557 0.023706
0.44913 0.032845
0.50789 0.02587
0.53714 0.021351
0.54014 0.024942
0.56118 0.021065
0.58614 0.025433
0.54206 0.027253
0.59267 0.026119
0.52673 0.03566
0.58344 0.026532
0.52986 0.024146
0.5034 0.036578
0.58284 0.026503
0.55953 0.027333
0.52918 0.026025
0.52559 0.02162
0.55981 0.027832
0.53765 0.03498
0.44967 0.037596
0.4362 0.036815
0.54028 0.03467
0.41073 0.035434
0.5238 0.022106
0.4566 0.035197
0.39478 0.036687
0.39129 0.037182
0.52738 0.025366
0.61204 0.020995
0.60072 0.026903
0.63418 0.026834
0.64616 0.034505
0.61091 0.028485
0.64455 0.034191
0.59175 0.027194
0.60831 0.029443
0.69453 0.035571
0.60256 0.029162
0.60588 0.030062
0.72451 0.038912
0.83211 0.039736
0.55393 0.030688
0.5792 0.031396
0.69994 0.035136
0.61542 0.031722
0.47308 0.035789
0.41926 0.035469
0.62316 0.032041
0.63523 0.021776
0.6608 0.03408
0.65024 0.026443
0.74351 0.037361
0.7018 0.034278
0.91952 0.040083
0.71735 0.037682
0.81174 0.037781
0.81259 0.037704
0.69957 0.035159
0.65891 0.035213
0.67595 0.035821
0.84966 0.04256
0.68868 0.035592
0.95015 0.040801
0.93924 0.043219
0.95212 0.040569
0.70736 0.032407
0.91644 0.040578
0.74118 0.036493
0.9624 0.042635
0.95697 0.041609
0.96268 0.042719
0.67064 0.03296
0.96373 0.043015
0.72894 0.034087
0.83073 0.038881
0.96391 0.043061
0.71239 0.031463
0.85897 0.042605
0.74004 0.034377
0.9623 0.04245
0.96171 0.042222
0.66535 0.025532
0.85585 0.041642
0.75931 0.037959
0.95886 0.040916
0.95949 0.041613
0.95875 0.040932
0.67061 0.022703
0.95734 0.040214
0.74022 0.031884
0.95073 0.038211
0.95576 0.039617
0.95146 0.038236
0.69118 0.024974
0.78888 0.036336
0.73235 0.02979
0.91823 0.037636
0.93819 0.042354
0.72047 0.026819
0.76892 0.038372
0.7108 0.023631
0.8042 0.035149
0.91398 0.039974
0.90411 0.038611
0.72211 0.024
0.88271 0.042907
0.76903 0.036252
0.82682 0.03692
0.73947 0.024451
0.82781 0.036871
0.77917 0.034451
0.85516 0.039169
0.85275 0.038881
0.75313 0.025395
0.85841 0.040783
0.75932 0.025816
0.87247 0.041468
0.858 0.040584
0.8739 0.041467
0.76742 0.027847
0.88334 0.042699
0.77902 0.028501
0.89301 0.040959
0.89185 0.041275
0.77715 0.023767
0.90414 0.037833
0.79067 0.024123
0.8363 0.039093
0.90012 0.038864
0.9039 0.03454
0.80382 0.025857
0.90846 0.031622
0.81078 0.026704
0.8417 0.035131
0.91093 0.031897
0.91977 0.035119
0.81412 0.024345
0.92394 0.036342
0.82418 0.024598
0.92912 0.035891
0.92433 0.036096
0.93321 0.035313
0.83224 0.021858
0.93607 0.03598
0.85187 0.027845
0.94116 0.034934
0.94237 0.034643
0.855 0.023844
0.9114 0.026303
0.85837 0.024024
0.95654 0.034882
0.95307 0.032908
0.95963 0.03601
0.86534 0.022224
0.96586 0.039631
0.8847 0.026081
0.96692 0.039045
0.96595 0.039644
0.8931 0.022126
0.93525 0.027806
0.92337 0.024954
0.93912 0.02745
0.96876 0.038106
0.96995 0.038555
0.92775 0.023074
0.97397 0.039132
0.94739 0.024275
0.97459 0.038989
0.97398 0.039131
0.97447 0.039014
0.96589 0.024257
0.97711 0.038904
0.97392 0.024109
0.9758 0.029873
0.97644 0.038899
0.97829 0.038706
