340
0.025715 0.020359
0.045917 0.022612
0.093972 0.020977
0.036627 0.026075
0.045669 0.02604
0.11463 0.020436
0.10546 0.024284
0.13 0.023281
0.073551 0.027678
0.056466 0.026234
0.066169 0.027023
0.16296 0.022442
0.078238 0.028578
0.1756 0.022767
0.084678 0.031726
0.082332 0.030166
0.084917 0.031878
0.18673 0.022338
0.098627 0.032285
0.19124 0.02475
0.11738 0.033495
0.12827 0.030473
0.19644 0.026675
0.15439 0.03159
0.20565 0.027216
0.15821 0.033144
0.15419 0.03154
0.15706 0.032557
0.20487 0.030032
0.15875 0.03353
0.22138 0.025967
0.16227 0.034746
0.15869 0.033504
0.16294 0.035186
0.21722 0.030864
0.20539 0.034365
0.2371 0.022072
0.16734 0.037325
0.16715 0.036501
0.16778 0.037014
0.24135 0.030243
0.21413 0.036162
0.25641 0.02145
0.22361 0.035631
0.16909 0.038452
0.26096 0.027559
0.2192 0.037599
0.26944 0.029399
0.2371 0.03793
0.26942 0.034291
0.25507 0.036634
0.27896 0.022391
0.18249 0.038405
0.13545 0.035319
0.20687 0.036982
0.28191 0.023026
0.2296 0.038152
0.28003 0.033175
0.25931 0.037954
0.22269 0.038546
0.25445 0.039189
0.29676 0.0221
0.26274 0.038243
0.28829 0.03229
0.26477 0.038486
0.26389 0.038391
0.3124 0.025427
0.26865 0.039311
0.30096 0.030614
0.28184 0.038244
0.26869 0.039319
0.26448 0.038609
0.33376 0.027388
0.28411 0.03764
0.3358 0.028852
0.28434 0.03838
0.12666 0.037038
0.34357 0.027098
0.1055 0.03821
0.34603 0.027949
0.30646 0.034383
0.10938 0.038218
0.10057 0.03774
0.34121 0.036428
0.075061 0.032284
0.35033 0.033035
0.31386 0.035535
0.083129 0.036748
0.057774 0.030155
0.35275 0.03438
0.043238 0.030794
0.36013 0.027572
0.04355 0.033112
0.041006 0.032142
0.35641 0.037722
0.048349 0.033711
0.3578 0.038195
0.16483 0.039306
0.052586 0.034049
0.3622 0.036918
0.082253 0.037239
0.36917 0.031184
0.073377 0.033945
0.052897 0.034291
0.36382 0.038632
0.051077 0.034481
0.37273 0.02956
0.050978 0.03451
0.050972 0.034484
0.050688 0.034496
0.36974 0.039419
0.073976 0.034971
0.30304 0.038376
0.054832 0.034627
0.051462 0.034517
0.37446 0.038388
0.23018 0.039176
0.38095 0.033611
0.078403 0.03676
0.12095 0.038016
0.2444 0.04029
0.3875 0.023943
0.33439 0.039263
0.40438 0.022348
0.3974 0.027639
0.33046 0.037133
0.39355 0.034422
0.35207 0.039116
0.3993 0.036777
0.31161 0.036674
0.13034 0.036864
0.40029 0.036771
0.42473 0.025774
0.40135 0.037163
0.3723 0.03957
0.44009 0.032217
0.42518 0.028263
0.41012 0.031658
0.43661 0.032259
0.4211 0.030575
0.39405 0.039673
0.45138 0.020421
0.44642 0.02152
0.52301 0.020085
0.5304 0.020201
0.40665 0.024915
0.50736 0.02348
0.41272 0.02456
0.50344 0.025231
0.41264 0.024598
0.41192 0.025304
0.46353 0.025691
0.50774 0.02768
0.45131 0.029212
0.47415 0.02428
0.50254 0.026651
0.5281 0.021632
0.43575 0.035329
0.49404 0.027046
0.51432 0.025463
0.5123 0.027489
0.44445 0.03628
0.47234 0.029132
0.52377 0.022792
0.526 0.023786
0.46528 0.034816
0.51862 0.026265
0.54514 0.021701
0.54742 0.026358
0.56375 0.021496
0.57921 0.029121
0.54882 0.029205
0.58363 0.030198
0.53584 0.037075
0.57831 0.030994
0.53942 0.024866
0.51294 0.038519
0.57791 0.030919
0.56296 0.030214
0.53889 0.027023
0.53573 0.021819
0.56337 0.030939
0.5451 0.037894
0.46757 0.038837
0.45478 0.039848
0.54728 0.03776
0.43413 0.039215
0.53398 0.022336
0.47359 0.035776
0.41983 0.038631
0.41597 0.039421
0.53736 0.026142
0.5946 0.021669
0.58881 0.031631
0.60972 0.028318
0.61412 0.038981
0.59577 0.034464
0.61306 0.038828
0.5839 0.032123
0.59479 0.036387
0.65634 0.038877
0.59122 0.035867
0.59361 0.037643
0.68709 0.037549
0.78826 0.037313
0.559 0.034495
0.57974 0.039263
0.66159 0.038944
0.59894 0.039986
0.49361 0.037189
0.44083 0.039112
0.60315 0.039619
0.61058 0.022195
0.62549 0.038567
0.62266 0.028365
0.70716 0.037118
0.66415 0.03825
0.89255 0.038239
0.67828 0.038485
0.76968 0.038053
0.77055 0.038306
0.66119 0.038955
0.62314 0.038987
0.63789 0.03795
0.81499 0.039832
0.6513 0.038534
0.93171 0.034966
0.91768 0.038048
0.93483 0.034552
0.66984 0.035045
0.88944 0.038181
0.70485 0.036528
0.95217 0.034324
0.94316 0.034203
0.95265 0.034357
0.63532 0.034787
0.95451 0.034455
0.69223 0.032862
0.78636 0.037615
0.9548 0.034467
0.67441 0.032951
0.82999 0.03927
0.70373 0.034235
0.95195 0.034217
0.95097 0.034115
0.63459 0.026205
0.82493 0.038728
0.72475 0.037249
0.94616 0.033526
0.94734 0.03392
0.94598 0.033549
0.63972 0.022974
0.94352 0.033248
0.70396 0.031727
0.93247 0.033014
0.94079 0.03323
0.93361 0.032956
0.65757 0.026078
0.75201 0.037229
0.69556 0.029011
0.89158 0.036123
0.91622 0.037475
0.68207 0.026709
0.73458 0.036788
0.67324 0.024186
0.76458 0.035523
0.88698 0.038205
0.87557 0.037249
0.68396 0.023859
0.85558 0.03862
0.73435 0.035037
0.78282 0.037538
0.70312 0.024345
0.78389 0.037346
0.74525 0.034713
0.82361 0.036913
0.82022 0.036655
0.71657 0.02507
0.82896 0.038588
0.7236 0.0254
0.84327 0.040231
0.82827 0.03838
0.84449 0.039155
0.73233 0.027061
0.85638 0.038421
0.74479 0.028506
0.8647 0.038721
0.86348 0.038742
0.74332 0.023736
0.87572 0.036682
0.75565 0.024314
0.79598 0.03465
0.87225 0.03771
0.87608 0.03348
0.76844 0.026052
0.88094 0.030939
0.77575 0.027518
0.80713 0.033827
0.88421 0.031252
0.89338 0.033817
0.77864 0.024694
0.89777 0.034937
0.78671 0.024599
0.90458 0.03361
0.89829 0.03466
0.90944 0.032441
0.79685 0.021549
0.91309 0.032633
0.81884 0.026901
0.91975 0.031562
0.92132 0.031206
0.82262 0.023348
0.88535 0.025917
0.82683 0.023605
0.94137 0.029899
0.93575 0.029058
0.94639 0.030223
0.83376 0.022105
0.95698 0.03204
0.85661 0.025096
0.95848 0.031555
0.95712 0.032038
0.86539 0.021967
0.91192 0.026233
0.89763 0.024534
0.91688 0.025817
0.9612 0.030789
0.96319 0.030948
0.90284 0.02267
0.96986 0.031027
0.92779 0.02312
0.97089 0.030944
0.96987 0.031026
0.97068 0.030958
0.95556 0.022572
0.97512 0.030895
0.96945 0.022369
0.97271 0.02569
0.974 0.030892
0.97712 0.030781
