340
0.022924 0.020702
0.033612 0.025051
0.061767 0.021342
0.028455 0.031693
0.03339 0.031658
0.074606 0.0207
0.069325 0.027111
0.084457 0.026906
0.047673 0.033722
0.038795 0.032005
0.044062 0.032857
0.098634 0.024676
0.050545 0.034346
0.10586 0.024878
0.055315 0.035902
0.053447 0.035332
0.055507 0.035958
0.11154 0.024995
0.068376 0.038785
0.11377 0.02982
0.080598 0.040933
0.087237 0.041544
0.11638 0.034577
0.097964 0.044173
0.12069 0.036319
0.10036 0.046084
0.097876 0.044118
0.09957 0.045327
0.12071 0.042973
0.10072 0.046649
0.12754 0.033199
0.10251 0.048081
0.10069 0.046615
0.10294 0.048673
0.12608 0.044282
0.12183 0.052911
0.13397 0.024506
0.10578 0.052154
0.10527 0.050718
0.10583 0.051582
0.13623 0.039593
0.12511 0.054706
0.14401 0.023279
0.13068 0.052817
0.10719 0.053644
0.14585 0.037983
0.12797 0.057849
0.1495 0.039846
0.1371 0.054089
0.14997 0.050532
0.14493 0.05502
0.15433 0.024427
0.11655 0.067656
0.096613 0.052698
0.12326 0.065951
0.15609 0.025745
0.13422 0.05946
0.15484 0.044832
0.14715 0.061274
0.13104 0.060107
0.14543 0.060449
0.16377 0.024156
0.14866 0.062343
0.15893 0.043157
0.1494 0.063013
0.1491 0.062763
0.17097 0.031416
0.15065 0.064027
0.16486 0.04121
0.15622 0.056527
0.15066 0.064062
0.14939 0.064013
0.18178 0.030146
0.15712 0.054884
0.18339 0.031028
0.15739 0.060721
0.095578 0.055545
0.1923 0.026565
0.079605 0.052977
0.19505 0.027217
0.16713 0.048638
0.081591 0.053473
0.07553 0.051569
0.18906 0.035216
0.04942 0.040819
0.20089 0.031105
0.17017 0.051437
0.056444 0.042538
0.039626 0.039461
0.20297 0.032445
0.032681 0.040903
0.21164 0.026931
0.033783 0.045795
0.031931 0.043731
0.20801 0.036573
0.036593 0.047638
0.21022 0.038169
0.10822 0.063838
0.038282 0.048888
0.21467 0.035165
0.056291 0.044637
0.22075 0.029734
0.048575 0.043444
0.038512 0.049737
0.21629 0.038157
0.038038 0.050714
0.2253 0.028724
0.038031 0.050914
0.038003 0.050734
0.037918 0.050828
0.22202 0.036947
0.049178 0.044812
0.16384 0.062815
0.039443 0.051046
0.038205 0.05096
0.23037 0.036771
0.13604 0.065005
0.23675 0.033181
0.053566 0.047408
0.093316 0.058843
0.14104 0.064996
0.23952 0.02468
0.18112 0.053474
0.25465 0.022795
0.24828 0.028675
0.17922 0.055147
0.24713 0.037787
0.20103 0.04559
0.25445 0.039795
0.16753 0.062192
0.10023 0.061432
0.25574 0.039418
0.2926 0.031556
0.25764 0.040734
0.22532 0.042686
0.30732 0.037156
0.29495 0.035217
0.27862 0.040224
0.3031 0.038831
0.29314 0.039067
0.34235 0.041085
0.30609 0.020599
0.30369 0.022383
0.42656 0.020018
0.49813 0.020035
0.25766 0.026782
0.35667 0.021081
0.26869 0.029466
0.3466 0.023107
0.26852 0.029515
0.26784 0.030641
0.31817 0.026259
0.36107 0.022004
0.31167 0.031766
0.32873 0.027144
0.34555 0.024284
0.47521 0.020253
0.32135 0.037104
0.34167 0.027489
0.38982 0.021155
0.3853 0.021543
0.34879 0.029447
0.33833 0.03242
0.43013 0.020575
0.44543 0.020555
0.33766 0.033392
0.40926 0.021375
0.68031 0.020425
0.69223 0.022041
0.719 0.021188
0.73421 0.027702
0.70143 0.023781
0.73823 0.028802
0.69563 0.026256
0.73203 0.029369
0.63312 0.02078
0.66604 0.024849
0.73165 0.02932
0.72314 0.030557
0.63124 0.021108
0.56702 0.020286
0.72412 0.03168
0.71441 0.031921
0.66738 0.027612
0.66551 0.028514
0.71656 0.034648
0.68007 0.031267
0.53938 0.020344
0.65272 0.02588
0.67244 0.03303
0.6918 0.039409
0.5975 0.020876
0.75406 0.021567
0.74347 0.030345
0.76415 0.030381
0.75931 0.03948
0.74898 0.033236
0.75775 0.039247
0.73703 0.030457
0.74639 0.034769
0.8077 0.047571
0.74324 0.034223
0.74374 0.035806
0.82827 0.058513
0.87061 0.060604
0.72094 0.0354
0.72608 0.039978
0.81325 0.049508
0.74202 0.039475
0.7087 0.039339
0.70473 0.040761
0.7437 0.041724
0.76811 0.022678
0.77827 0.03601
0.77655 0.027587
0.83567 0.06171
0.81502 0.047406
0.93397 0.064973
0.82488 0.055379
0.8673 0.059949
0.8675 0.059995
0.81296 0.049432
0.77599 0.041163
0.78996 0.036762
0.89344 0.061572
0.80197 0.040806
0.95444 0.064814
0.94687 0.065228
0.95533 0.064625
0.819 0.044303
0.92966 0.063664
0.83527 0.05689
0.95887 0.063788
0.95709 0.064242
0.95899 0.063754
0.79086 0.032292
0.9594 0.063587
0.83074 0.049311
0.87072 0.057651
0.95949 0.063515
0.82228 0.042501
0.89718 0.059299
0.83534 0.05135
0.95897 0.062905
0.95874 0.062769
0.79318 0.025611
0.8963 0.057947
0.84247 0.052388
0.95849 0.058937
0.95817 0.061896
0.95843 0.059084
0.79943 0.023174
0.95835 0.057127
0.83575 0.045572
0.95592 0.056303
0.95794 0.056685
0.95625 0.056329
0.81201 0.029801
0.85793 0.050409
0.83258 0.040288
0.93485 0.057707
0.94757 0.056513
0.82695 0.033026
0.84892 0.046902
0.82171 0.027323
0.86703 0.049068
0.92697 0.059869
0.92088 0.061176
0.8277 0.027653
0.91027 0.059048
0.85047 0.042221
0.87233 0.049773
0.83612 0.02942
0.87295 0.049394
0.85737 0.041782
0.89804 0.051995
0.89696 0.051927
0.84253 0.029675
0.89966 0.052133
0.84613 0.029023
0.9065 0.054219
0.89945 0.052106
0.90731 0.054471
0.85232 0.030851
0.91246 0.055949
0.85982 0.033711
0.91884 0.056688
0.91778 0.05674
0.85919 0.025978
0.9246 0.054834
0.86683 0.027984
0.88198 0.043099
0.92265 0.055347
0.93013 0.05346
0.87274 0.030915
0.93303 0.052099
0.87727 0.029286
0.8942 0.040402
0.93369 0.051744
0.93777 0.049925
0.87957 0.026414
0.94078 0.047181
0.88577 0.026787
0.94456 0.046057
0.94116 0.047014
0.947 0.045552
0.89182 0.022691
0.94871 0.045208
0.90347 0.033322
0.95224 0.044743
0.95305 0.044738
0.90628 0.026399
0.93558 0.037089
0.9087 0.026138
0.95965 0.045801
0.95824 0.045074
0.96067 0.04647
0.91349 0.023341
0.96417 0.047094
0.92454 0.029969
0.96557 0.044886
0.96426 0.046997
0.92998 0.024383
0.94888 0.033032
0.94192 0.028971
0.95145 0.032455
0.96794 0.041701
0.96914 0.041233
0.94464 0.025274
0.97336 0.040609
0.9561 0.027976
0.97406 0.040455
0.97336 0.040608
0.97392 0.040482
0.96686 0.025421
0.97683 0.040364
0.97436 0.024426
0.9761 0.030635
0.97609 0.040358
0.97814 0.040151
