340
0.025632 0.020364
0.045555 0.022645
0.092908 0.020994
0.036386 0.026159
0.04531 0.026117
0.11321 0.020443
0.1042 0.024359
0.12835 0.023323
0.072815 0.027797
0.055976 0.026316
0.065544 0.027126
0.16114 0.022437
0.077431 0.028714
0.17385 0.022735
0.083768 0.031918
0.081461 0.030331
0.084003 0.032073
0.1852 0.022281
0.097486 0.032498
0.18983 0.024605
0.11591 0.033712
0.12664 0.030611
0.19519 0.026392
0.15258 0.031604
0.20494 0.026762
0.15639 0.033139
0.15238 0.031555
0.15524 0.032558
0.20409 0.029419
0.15693 0.033522
0.22205 0.025306
0.16045 0.034716
0.15686 0.033496
0.16113 0.035151
0.21741 0.029811
0.20471 0.03347
0.24021 0.02187
0.16555 0.037254
0.16536 0.036434
0.166 0.036941
0.24477 0.029435
0.21425 0.034756
0.2606 0.021448
0.22499 0.033773
0.16731 0.038362
0.26503 0.027741
0.21983 0.03577
0.27301 0.029821
0.24156 0.036226
0.27328 0.034908
0.25989 0.0365
0.28228 0.022473
0.18083 0.038047
0.13374 0.035474
0.20636 0.035867
0.28513 0.02312
0.23244 0.035822
0.28376 0.033552
0.26416 0.038246
0.22411 0.036393
0.25951 0.038975
0.29939 0.02227
0.26737 0.038899
0.29169 0.032852
0.26925 0.039367
0.26844 0.039174
0.31342 0.025899
0.27289 0.040136
0.3032 0.031587
0.28614 0.038642
0.27292 0.040146
0.269 0.039466
0.33429 0.027315
0.28829 0.037983
0.33636 0.028799
0.28862 0.03883
0.12506 0.037269
0.34413 0.027161
0.10424 0.038532
0.34654 0.028055
0.30812 0.035907
0.10805 0.038543
0.099401 0.038049
0.34157 0.0365
0.074303 0.032477
0.3506 0.033332
0.31442 0.036775
0.082244 0.03702
0.057268 0.030291
0.35293 0.034569
0.042909 0.030936
0.36033 0.02745
0.043217 0.033283
0.040703 0.032304
0.35641 0.037658
0.047957 0.033882
0.35777 0.038017
0.16303 0.039246
0.052143 0.034226
0.36208 0.036468
0.081383 0.037518
0.36977 0.030584
0.072643 0.034161
0.05245 0.034472
0.36362 0.038019
0.050652 0.034661
0.37367 0.028972
0.050554 0.034689
0.050548 0.034663
0.050268 0.034675
0.36948 0.038403
0.073234 0.035204
0.30533 0.040208
0.054362 0.034817
0.051032 0.034698
0.37436 0.037214
0.23329 0.036767
0.38181 0.032828
0.077593 0.037026
0.11942 0.038289
0.24941 0.039023
0.38932 0.023743
0.33437 0.039088
0.40694 0.022297
0.39977 0.027351
0.33041 0.036871
0.39536 0.03375
0.35208 0.039399
0.40148 0.03621
0.31246 0.038232
0.1287 0.037076
0.40255 0.036242
0.42754 0.025699
0.40361 0.036662
0.37202 0.038324
0.44308 0.032107
0.42799 0.028155
0.4127 0.031527
0.43955 0.032137
0.42386 0.030443
0.39547 0.038769
0.45444 0.02042
0.44945 0.021509
0.52397 0.020088
0.53117 0.020206
0.40923 0.024831
0.5088 0.023599
0.41537 0.024507
0.505 0.025427
0.41528 0.024545
0.41456 0.025244
0.46653 0.025774
0.50916 0.02794
0.45436 0.029193
0.47692 0.024406
0.50413 0.026906
0.52893 0.021676
0.43869 0.035172
0.49597 0.027367
0.51553 0.025633
0.51358 0.027727
0.44746 0.036153
0.47515 0.029378
0.52471 0.022871
0.52688 0.023891
0.46823 0.035069
0.5197 0.026453
0.54552 0.021747
0.54774 0.026527
0.56371 0.021521
0.57898 0.029159
0.54911 0.029448
0.58341 0.0302
0.53646 0.037532
0.57809 0.031049
0.53995 0.024995
0.51419 0.039104
0.57769 0.030977
0.56292 0.030391
0.53943 0.027211
0.53636 0.021867
0.56333 0.031125
0.54548 0.038369
0.47048 0.039218
0.45786 0.039902
0.54761 0.038231
0.43705 0.039008
0.53466 0.022399
0.47637 0.036229
0.42256 0.038401
0.41856 0.039191
0.53795 0.026306
0.59443 0.021653
0.58862 0.031579
0.60982 0.028131
0.61431 0.038542
0.59562 0.034311
0.61323 0.038395
0.58368 0.032122
0.59463 0.036228
0.65757 0.038395
0.59104 0.035761
0.59345 0.037489
0.68967 0.037228
0.78341 0.038089
0.55902 0.034786
0.5795 0.039334
0.663 0.038424
0.5988 0.03972
0.49557 0.037979
0.44382 0.038944
0.60309 0.039287
0.61069 0.022144
0.62596 0.038119
0.62306 0.028166
0.70825 0.040053
0.66567 0.037731
0.89161 0.039277
0.68044 0.038032
0.76559 0.039059
0.76642 0.039291
0.66258 0.038437
0.62355 0.038532
0.63867 0.037524
0.81041 0.039415
0.6524 0.038094
0.93167 0.03468
0.91696 0.037311
0.93489 0.034325
0.67155 0.034585
0.889 0.0393
0.70646 0.038977
0.95236 0.034358
0.94337 0.034115
0.95285 0.034393
0.63604 0.034432
0.9547 0.034502
0.69466 0.033125
0.78158 0.038408
0.95499 0.034516
0.67624 0.032598
0.82489 0.04054
0.70546 0.036181
0.95214 0.034249
0.95116 0.034142
0.63529 0.026056
0.8207 0.039405
0.72244 0.038584
0.94637 0.033488
0.94754 0.033899
0.94618 0.033508
0.64055 0.022904
0.94372 0.033171
0.70549 0.03335
0.93248 0.032777
0.941 0.033112
0.93365 0.032736
0.65881 0.025919
0.74906 0.038843
0.69774 0.029491
0.89083 0.037134
0.91541 0.036722
0.68405 0.026564
0.73241 0.037364
0.67496 0.024069
0.76073 0.03657
0.88693 0.038839
0.87568 0.035714
0.68596 0.023781
0.85104 0.035521
0.73228 0.035543
0.77815 0.038335
0.70462 0.024907
0.77919 0.038132
0.74288 0.035761
0.81932 0.037394
0.8157 0.036797
0.71585 0.025787
0.82401 0.039668
0.7221 0.025858
0.83594 0.039449
0.82344 0.039379
0.83723 0.03809
0.73063 0.027253
0.85204 0.035372
0.74259 0.0291
0.86243 0.035794
0.86094 0.035787
0.74125 0.023978
0.8758 0.035221
0.7525 0.024693
0.79083 0.035205
0.87164 0.035487
0.87592 0.032333
0.76441 0.026407
0.8811 0.030589
0.77138 0.027866
0.80179 0.033791
0.88415 0.031286
0.89245 0.034532
0.77414 0.02491
0.89627 0.035323
0.78188 0.024806
0.90315 0.033401
0.89676 0.034993
0.90846 0.031889
0.79157 0.021603
0.91234 0.03203
0.81365 0.026896
0.91946 0.031131
0.92111 0.030816
0.81755 0.023419
0.8851 0.026005
0.82157 0.023767
0.94158 0.029818
0.93587 0.028926
0.9466 0.030196
0.82793 0.022259
0.95717 0.032091
0.85252 0.024255
0.95867 0.031611
0.95731 0.03209
0.863 0.021661
0.91127 0.025925
0.89657 0.024652
0.91649 0.025575
0.96138 0.030852
0.96334 0.031021
0.90169 0.022656
0.96996 0.03113
0.92775 0.023043
0.97098 0.031047
0.96996 0.031129
0.97077 0.031061
0.95575 0.022581
0.97517 0.030997
0.96955 0.02239
0.97278 0.025743
0.97405 0.030994
0.97715 0.030882
