340
0.024755 0.020432
0.041718 0.023038
0.086313 0.020979
0.033833 0.027213
0.041502 0.027029
0.10677 0.020447
0.097849 0.024337
0.12136 0.023839
0.066507 0.028151
0.05093 0.027068
0.059504 0.027675
0.14954 0.022463
0.070955 0.028982
0.16217 0.022742
0.077055 0.032063
0.074836 0.030526
0.077281 0.032211
0.17353 0.022283
0.091052 0.0323
0.17822 0.02463
0.10976 0.033878
0.12023 0.032065
0.18349 0.026462
0.14082 0.032677
0.19305 0.026902
0.1445 0.033813
0.14062 0.032651
0.14341 0.03335
0.19222 0.02961
0.14501 0.034143
0.20976 0.025434
0.14848 0.034933
0.14495 0.034124
0.14912 0.035323
0.20524 0.030042
0.19283 0.033746
0.22754 0.021879
0.15346 0.037389
0.15332 0.036566
0.15393 0.03707
0.23214 0.02939
0.20217 0.035101
0.24825 0.021398
0.21265 0.034092
0.1552 0.038487
0.25289 0.027421
0.20759 0.03615
0.26132 0.02927
0.22887 0.036256
0.2616 0.034059
0.24753 0.035958
0.27118 0.022256
0.169 0.037973
0.12595 0.038846
0.19446 0.036203
0.27443 0.022822
0.21994 0.036129
0.27289 0.032307
0.25198 0.037513
0.21178 0.036778
0.24713 0.038368
0.29046 0.021933
0.25539 0.038054
0.28183 0.031376
0.25738 0.03845
0.25652 0.038288
0.30754 0.025059
0.2612 0.039016
0.29516 0.029657
0.2757 0.036811
0.26124 0.039024
0.25711 0.038551
0.33054 0.026661
0.27816 0.036112
0.33268 0.027919
0.27855 0.036854
0.11956 0.039353
0.34149 0.026464
0.098193 0.038434
0.34427 0.0274
0.30169 0.033077
0.10209 0.038555
0.093165 0.037816
0.34016 0.03447
0.067943 0.03298
0.35033 0.03243
0.31013 0.034378
0.075599 0.037302
0.052071 0.031458
0.35323 0.033706
0.039382 0.032631
0.35857 0.027368
0.039652 0.035333
0.037479 0.034279
0.35751 0.036749
0.043841 0.035861
0.35902 0.037285
0.15076 0.039424
0.047541 0.03612
0.36302 0.03652
0.074772 0.037852
0.3686 0.03037
0.066345 0.034813
0.047813 0.036388
0.36513 0.038045
0.046223 0.036656
0.37213 0.028923
0.046137 0.036691
0.046132 0.036662
0.045884 0.036684
0.37107 0.037906
0.066915 0.035871
0.29867 0.036577
0.049502 0.036686
0.046559 0.036687
0.37563 0.036936
0.22077 0.03707
0.38165 0.033339
0.07112 0.037541
0.11378 0.039259
0.23688 0.038752
0.38734 0.02395
0.33279 0.037191
0.40515 0.02219
0.39747 0.027164
0.32763 0.035617
0.39434 0.033768
0.35427 0.038053
0.40126 0.035384
0.30761 0.035435
0.12245 0.039846
0.40243 0.035337
0.42671 0.025508
0.40375 0.035729
0.37342 0.038012
0.44389 0.031227
0.42718 0.027869
0.41199 0.030962
0.44006 0.031343
0.42321 0.029986
0.39612 0.038855
0.45532 0.020383
0.44996 0.021384
0.52559 0.020106
0.53105 0.020262
0.40761 0.024599
0.51105 0.023326
0.41408 0.024303
0.50684 0.025126
0.41398 0.024338
0.41321 0.025004
0.46872 0.025265
0.51146 0.027355
0.45523 0.02839
0.48003 0.024391
0.50587 0.026577
0.52935 0.022177
0.44001 0.034143
0.49755 0.027559
0.51856 0.025911
0.51636 0.027799
0.44986 0.034891
0.47815 0.0292
0.52615 0.023527
0.52779 0.024952
0.47204 0.033952
0.52235 0.027304
0.54321 0.021917
0.5453 0.027043
0.55939 0.021634
0.57485 0.028759
0.54664 0.030366
0.57922 0.029722
0.53737 0.041668
0.57312 0.030511
0.53806 0.025819
0.52206 0.040471
0.57275 0.030449
0.55835 0.03118
0.53758 0.028447
0.53498 0.022257
0.55853 0.031951
0.54441 0.041204
0.47575 0.038162
0.46249 0.038217
0.54608 0.040882
0.4396 0.037803
0.53369 0.022947
0.48088 0.036095
0.42465 0.037636
0.42087 0.038303
0.53628 0.027499
0.59135 0.021516
0.58414 0.030976
0.60801 0.027479
0.60874 0.035807
0.59014 0.033161
0.60739 0.035994
0.57849 0.031474
0.58807 0.035038
0.6661 0.037807
0.58457 0.034791
0.58616 0.036287
0.69542 0.038367
0.78878 0.039223
0.55493 0.035969
0.56983 0.03841
0.67127 0.037721
0.5904 0.038349
0.49555 0.038789
0.44696 0.037921
0.59454 0.038108
0.60898 0.021928
0.6267 0.033697
0.62379 0.026379
0.7147 0.038296
0.67346 0.037053
0.90487 0.039325
0.6878 0.038492
0.77035 0.038671
0.77129 0.038785
0.67089 0.037734
0.62257 0.034397
0.64669 0.034577
0.81289 0.037286
0.66109 0.037389
0.94194 0.038036
0.92918 0.039266
0.94445 0.037931
0.67935 0.034307
0.90223 0.03927
0.71277 0.037327
0.95774 0.038451
0.95091 0.038484
0.9581 0.038473
0.64218 0.031579
0.95951 0.03852
0.70092 0.033533
0.78755 0.039247
0.95973 0.038524
0.68415 0.032565
0.82958 0.037229
0.71182 0.034886
0.95757 0.038323
0.95682 0.038232
0.64033 0.024805
0.82495 0.036775
0.72722 0.040778
0.95318 0.037602
0.95407 0.038089
0.95304 0.037636
0.64703 0.022458
0.95118 0.037251
0.71231 0.032341
0.94259 0.035773
0.94911 0.036994
0.9435 0.03583
0.66649 0.025696
0.75223 0.038746
0.70472 0.029367
0.90408 0.037159
0.9278 0.038471
0.69208 0.026803
0.73423 0.039988
0.68302 0.024035
0.76504 0.036557
0.90015 0.038712
0.88875 0.035282
0.69378 0.023949
0.8625 0.034184
0.73508 0.037828
0.78433 0.038404
0.71192 0.02458
0.78546 0.03838
0.74562 0.035834
0.82383 0.035189
0.81983 0.034752
0.72442 0.026144
0.8287 0.036602
0.72979 0.026615
0.84478 0.03575
0.82808 0.036428
0.84654 0.034921
0.73681 0.028404
0.86363 0.034118
0.74814 0.029215
0.87508 0.034971
0.87358 0.034897
0.74672 0.024043
0.88888 0.034803
0.75828 0.024677
0.79442 0.037714
0.88448 0.03503
0.889 0.031995
0.77009 0.026345
0.89435 0.030366
0.77713 0.02753
0.80378 0.033783
0.89738 0.03113
0.90573 0.034584
0.78 0.024839
0.90956 0.035455
0.78835 0.02505
0.9163 0.033882
0.91004 0.035132
0.92143 0.032685
0.79647 0.021868
0.92504 0.033092
0.81911 0.026083
0.93139 0.032563
0.93282 0.032357
0.82341 0.023028
0.89833 0.025936
0.8277 0.023246
0.94955 0.032766
0.94521 0.031236
0.95336 0.0333
0.83534 0.021858
0.96146 0.035338
0.86429 0.023913
0.96268 0.034667
0.96158 0.03533
0.87567 0.021577
0.92405 0.026414
0.90986 0.024694
0.92876 0.02619
0.96488 0.033607
0.96648 0.033744
0.91489 0.02273
0.97185 0.033709
0.93861 0.023648
0.97267 0.033606
0.97185 0.033708
0.97251 0.033624
0.96031 0.023287
0.97608 0.033545
0.97152 0.022944
0.97414 0.027074
0.97517 0.033542
0.97769 0.033403
