340
0.023799 0.02054
0.037682 0.023527
0.080463 0.02097
0.030969 0.028823
0.037372 0.028169
0.097719 0.020543
0.090912 0.025331
0.11022 0.025258
0.05991 0.028852
0.04585 0.027697
0.054219 0.02806
0.12967 0.023279
0.06435 0.029541
0.14021 0.023363
0.071027 0.031081
0.068507 0.030534
0.071278 0.031132
0.14847 0.023464
0.087696 0.034
0.1517 0.026847
0.10252 0.036369
0.11036 0.036394
0.15462 0.03021
0.12395 0.037145
0.16062 0.031496
0.12675 0.038208
0.12384 0.037116
0.12586 0.037774
0.15966 0.036039
0.12709 0.038556
0.17084 0.029374
0.12926 0.039324
0.12706 0.038536
0.1297 0.039676
0.16752 0.036983
0.16 0.04221
0.18024 0.023218
0.13285 0.04167
0.13261 0.04078
0.13317 0.041287
0.18279 0.034019
0.16511 0.043585
0.19421 0.022377
0.1737 0.042653
0.13464 0.042471
0.19672 0.03309
0.1696 0.04584
0.20196 0.034607
0.18338 0.043643
0.20285 0.041775
0.19526 0.044487
0.20829 0.023313
0.14918 0.049928
0.11876 0.043925
0.16223 0.050179
0.21065 0.024329
0.17904 0.047165
0.2098 0.038306
0.19866 0.048791
0.17429 0.047498
0.19603 0.04815
0.22067 0.023239
0.20099 0.04957
0.21549 0.037502
0.20214 0.050044
0.20166 0.049864
0.23 0.029211
0.20409 0.050774
0.22344 0.036636
0.21246 0.046435
0.20411 0.050796
0.20214 0.05067
0.24285 0.028622
0.21376 0.04541
0.24488 0.029447
0.21454 0.049465
0.11573 0.046525
0.2549 0.025815
0.098048 0.046196
0.25799 0.026445
0.22751 0.042342
0.10029 0.046723
0.093389 0.044531
0.25184 0.033358
0.061766 0.033643
0.26451 0.030075
0.23229 0.045062
0.071295 0.035862
0.046066 0.032425
0.26686 0.031354
0.035155 0.034955
0.27617 0.026489
0.03556 0.038385
0.033773 0.037257
0.27276 0.035289
0.038878 0.038963
0.27548 0.036922
0.13247 0.048812
0.041566 0.039256
0.28027 0.034615
0.070708 0.037394
0.28574 0.030102
0.060098 0.035226
0.041778 0.03973
0.28273 0.037872
0.040685 0.040402
0.29002 0.029692
0.040627 0.040492
0.040618 0.040419
0.040438 0.040481
0.28851 0.038122
0.060858 0.036225
0.22528 0.051973
0.043146 0.040204
0.04093 0.040473
0.29481 0.039802
0.18175 0.050805
0.2988 0.035629
0.066702 0.038892
0.11094 0.049805
0.18933 0.050931
0.30156 0.02538
0.24652 0.049547
0.31667 0.022229
0.30959 0.028391
0.24504 0.050665
0.30516 0.038499
0.26529 0.043222
0.31271 0.03689
0.23131 0.052624
0.11975 0.049805
0.31455 0.035854
0.33712 0.029577
0.31656 0.035856
0.29206 0.044034
0.35487 0.039046
0.34225 0.034036
0.33081 0.032885
0.35219 0.039932
0.3428 0.037254
0.38608 0.041218
0.34963 0.020635
0.34726 0.02245
0.46094 0.020018
0.5056 0.020028
0.3194 0.024947
0.39687 0.021238
0.32597 0.025638
0.38742 0.02318
0.3259 0.025668
0.32559 0.02637
0.36005 0.027128
0.40047 0.022382
0.35605 0.033263
0.36953 0.027588
0.38637 0.02436
0.49016 0.020269
0.36488 0.039404
0.38247 0.027529
0.42477 0.021272
0.42071 0.021739
0.38955 0.029853
0.37959 0.032477
0.46481 0.020567
0.47714 0.020707
0.37917 0.033499
0.4434 0.021379
0.6229 0.020366
0.6358 0.021863
0.66646 0.021101
0.68112 0.028698
0.64605 0.023303
0.68452 0.029933
0.63952 0.025645
0.67925 0.030429
0.57574 0.020629
0.60469 0.023605
0.67893 0.030342
0.67105 0.030435
0.574 0.020897
0.54342 0.020219
0.67215 0.031738
0.66132 0.030497
0.60652 0.02568
0.60398 0.026327
0.66392 0.033195
0.62255 0.029684
0.5305 0.020278
0.59139 0.02458
0.61318 0.030141
0.63369 0.037819
0.55718 0.020752
0.69941 0.021727
0.68891 0.031278
0.70711 0.0336
0.70087 0.043017
0.69345 0.034161
0.6998 0.042321
0.6834 0.031855
0.69051 0.035892
0.73513 0.042145
0.68781 0.035571
0.68788 0.037269
0.77105 0.046
0.82567 0.053885
0.66914 0.034831
0.67452 0.040683
0.74464 0.04087
0.68572 0.041484
0.65359 0.036632
0.64801 0.037761
0.68663 0.042923
0.71057 0.023685
0.71343 0.043019
0.71629 0.030782
0.78358 0.049847
0.7485 0.039302
0.90571 0.046733
0.76523 0.043582
0.82153 0.053731
0.82177 0.053755
0.7441 0.04092
0.71041 0.046809
0.72056 0.042393
0.8583 0.053392
0.73014 0.040961
0.94947 0.04085
0.93126 0.042999
0.95175 0.040845
0.75595 0.037088
0.8983 0.047994
0.78242 0.046452
0.96125 0.043873
0.9564 0.041986
0.96155 0.043999
0.72404 0.036347
0.96249 0.0444
0.77466 0.040586
0.82609 0.051493
0.96265 0.044459
0.76149 0.035937
0.86383 0.052265
0.7818 0.042636
0.96114 0.04351
0.96046 0.043157
0.72831 0.026942
0.86208 0.051103
0.7924 0.045029
0.95796 0.040719
0.95844 0.04201
0.95787 0.040735
0.73373 0.023349
0.95675 0.039517
0.78198 0.038762
0.95027 0.037336
0.95548 0.038759
0.95108 0.037385
0.74824 0.027597
0.81113 0.046048
0.77712 0.034916
0.9074 0.042016
0.9315 0.039006
0.76886 0.029409
0.79989 0.042077
0.76163 0.025275
0.82163 0.044811
0.89455 0.046831
0.88746 0.050676
0.76998 0.025538
0.8782 0.052227
0.80122 0.038541
0.82828 0.045036
0.78152 0.027045
0.82898 0.044703
0.80935 0.038773
0.86264 0.046447
0.86114 0.046362
0.78998 0.02757
0.86487 0.046598
0.79453 0.027259
0.87363 0.048345
0.86458 0.046572
0.8745 0.048542
0.80206 0.02914
0.87975 0.04943
0.8111 0.031854
0.88572 0.047998
0.88474 0.048506
0.80994 0.025159
0.89187 0.043901
0.8187 0.026906
0.83912 0.039751
0.88956 0.045184
0.89983 0.040584
0.82567 0.029378
0.90452 0.038825
0.83088 0.027974
0.85355 0.037393
0.90556 0.038457
0.91225 0.036846
0.83356 0.025517
0.91733 0.035065
0.84077 0.025855
0.92433 0.034142
0.918 0.034947
0.92902 0.033571
0.84774 0.022316
0.93235 0.033079
0.86246 0.031164
0.93936 0.032242
0.94109 0.03213
0.86474 0.02531
0.90787 0.029686
0.8676 0.025021
0.95624 0.033817
0.95271 0.032243
0.95887 0.035186
0.87345 0.022618
0.96536 0.039057
0.88874 0.026458
0.96655 0.038501
0.96546 0.039071
0.89778 0.022613
0.93169 0.026805
0.91886 0.02496
0.93666 0.02628
0.96848 0.03764
0.96966 0.038131
0.92378 0.022873
0.97374 0.039364
0.94637 0.023845
0.97439 0.039219
0.97375 0.039363
0.97426 0.039244
0.96601 0.024113
0.977 0.039132
0.97399 0.024158
0.97585 0.029992
0.9763 0.039127
0.97823 0.038931
