340
0.023114 0.020659
0.034231 0.024524
0.068951 0.021189
0.029069 0.031126
0.034094 0.030478
0.085533 0.020548
0.078486 0.025358
0.097931 0.024385
0.052483 0.029957
0.040246 0.030107
0.046762 0.029604
0.12273 0.022709
0.056478 0.030841
0.13466 0.023029
0.061786 0.034517
0.059856 0.032688
0.061977 0.034683
0.14446 0.022888
0.073181 0.035071
0.14796 0.025938
0.088176 0.03665
0.097254 0.033767
0.1516 0.028714
0.1154 0.034399
0.1587 0.028943
0.11849 0.035219
0.11523 0.034388
0.1176 0.034844
0.15764 0.032587
0.11888 0.035539
0.17296 0.026069
0.12154 0.036373
0.11884 0.035522
0.12206 0.036797
0.16842 0.031663
0.15723 0.037918
0.18928 0.021873
0.12607 0.039235
0.12599 0.038317
0.12662 0.038897
0.19358 0.029517
0.16439 0.038537
0.20931 0.021536
0.17433 0.035557
0.12801 0.040473
0.21347 0.027726
0.16961 0.038427
0.22187 0.028115
0.18945 0.035937
0.22074 0.032383
0.20786 0.037275
0.23493 0.021779
0.14046 0.042641
0.10354 0.040938
0.15754 0.04162
0.23921 0.022369
0.18062 0.037439
0.23603 0.029925
0.21116 0.038938
0.17303 0.039129
0.20731 0.040151
0.25603 0.021765
0.21383 0.038261
0.24612 0.030168
0.21543 0.037911
0.21473 0.038069
0.27556 0.024774
0.21865 0.037416
0.26034 0.028613
0.23745 0.03463
0.21868 0.037416
0.21517 0.03815
0.29898 0.025816
0.24009 0.034327
0.30142 0.026826
0.23968 0.03555
0.097518 0.041901
0.31265 0.025388
0.079151 0.042856
0.31589 0.026153
0.26556 0.031755
0.082183 0.043001
0.075203 0.042088
0.30806 0.031891
0.053846 0.035705
0.3224 0.030819
0.27244 0.033523
0.061093 0.040836
0.040246 0.036402
0.32589 0.032492
0.032024 0.039119
0.33264 0.027157
0.031877 0.043282
0.030673 0.041791
0.33114 0.036
0.03403 0.043994
0.33257 0.036734
0.12325 0.04146
0.035774 0.044325
0.33589 0.036424
0.060486 0.041519
0.34142 0.03065
0.052177 0.037894
0.035858 0.044839
0.33749 0.038356
0.034968 0.045441
0.34502 0.029214
0.034918 0.045514
0.034922 0.045455
0.034798 0.045507
0.34261 0.038386
0.052705 0.039112
0.25801 0.035799
0.036821 0.045343
0.035124 0.045494
0.34679 0.0373
0.18127 0.038644
0.35355 0.033518
0.057326 0.041029
0.091791 0.042756
0.19762 0.039306
0.35992 0.023886
0.29495 0.034444
0.37985 0.021852
0.37075 0.026389
0.29051 0.033649
0.36487 0.032695
0.32683 0.03679
0.37267 0.033139
0.26916 0.034886
0.1002 0.042322
0.37412 0.032988
0.40245 0.025443
0.3755 0.033234
0.34456 0.038639
0.42023 0.030045
0.40294 0.027755
0.38717 0.030042
0.41598 0.029994
0.39858 0.029813
0.36341 0.0385
0.43395 0.020345
0.42871 0.021249
0.51213 0.020083
0.51989 0.020191
0.3828 0.023999
0.49541 0.022926
0.39051 0.024071
0.49029 0.024366
0.39041 0.024101
0.38952 0.024694
0.44875 0.024955
0.49589 0.026475
0.43386 0.027545
0.46023 0.024373
0.48913 0.025568
0.51754 0.021616
0.41451 0.032471
0.47928 0.026362
0.50358 0.024957
0.50124 0.026659
0.42608 0.033221
0.45784 0.029211
0.51297 0.022726
0.51537 0.023749
0.44975 0.033051
0.50778 0.025933
0.53667 0.021371
0.53963 0.025017
0.56033 0.021084
0.58488 0.02551
0.54152 0.027365
0.59133 0.0262
0.5264 0.035865
0.58222 0.026628
0.52949 0.024202
0.50334 0.036752
0.58163 0.0266
0.5587 0.027458
0.52882 0.026106
0.52527 0.021641
0.55898 0.027964
0.53717 0.035201
0.45029 0.037876
0.43704 0.037137
0.53976 0.034892
0.4121 0.035768
0.52351 0.022133
0.4571 0.035431
0.39646 0.036976
0.39302 0.037461
0.52704 0.025437
0.61044 0.021008
0.59927 0.026994
0.63227 0.026942
0.64406 0.034737
0.60933 0.028596
0.64247 0.034419
0.59042 0.027289
0.60677 0.029567
0.69163 0.035819
0.60109 0.029283
0.60437 0.030194
0.72119 0.039175
0.83075 0.039099
0.5532 0.030868
0.57804 0.031572
0.69696 0.035368
0.61378 0.031883
0.47335 0.036005
0.42044 0.035797
0.62142 0.032219
0.6333 0.021805
0.65847 0.034314
0.64808 0.026547
0.73994 0.037544
0.6988 0.034494
0.92068 0.041089
0.71413 0.037929
0.80924 0.036992
0.81013 0.036933
0.6966 0.035392
0.65661 0.035464
0.67336 0.036088
0.85132 0.039247
0.68588 0.035848
0.94975 0.041603
0.9391 0.044324
0.95167 0.041237
0.70427 0.032587
0.91775 0.04159
0.73764 0.036678
0.96176 0.042584
0.95636 0.041954
0.96205 0.042646
0.66814 0.033181
0.96314 0.042858
0.72556 0.034282
0.82925 0.038446
0.96332 0.04289
0.70923 0.031625
0.86286 0.040846
0.73651 0.034542
0.96165 0.04241
0.96105 0.042228
0.66294 0.025625
0.859 0.039255
0.75561 0.038007
0.95822 0.041132
0.95881 0.041783
0.9581 0.041157
0.66811 0.022749
0.95674 0.040533
0.73668 0.03202
0.95038 0.038897
0.95523 0.040032
0.95108 0.038879
0.68835 0.025055
0.78551 0.035918
0.72892 0.029923
0.91948 0.038504
0.93815 0.043436
0.71721 0.026914
0.76525 0.038288
0.70767 0.023683
0.80132 0.034554
0.91541 0.040931
0.90603 0.039331
0.71882 0.024056
0.88546 0.04316
0.76536 0.036176
0.82505 0.036475
0.73594 0.024503
0.82609 0.036448
0.77556 0.034236
0.85768 0.03683
0.85463 0.036258
0.74948 0.025435
0.86193 0.038776
0.75562 0.025832
0.87564 0.041148
0.86143 0.038519
0.877 0.041215
0.76373 0.02782
0.88607 0.042963
0.77542 0.028377
0.89538 0.041475
0.89425 0.041774
0.77354 0.023719
0.90606 0.038524
0.78734 0.024009
0.83512 0.037877
0.90223 0.039488
0.90585 0.035099
0.80092 0.025629
0.91022 0.032143
0.80822 0.026406
0.84066 0.03358
0.91257 0.03245
0.92098 0.035871
0.81171 0.024164
0.92489 0.03718
0.82216 0.024462
0.92979 0.036736
0.92527 0.036924
0.93366 0.036094
0.83041 0.021799
0.93634 0.036764
0.85235 0.026679
0.94121 0.035615
0.94238 0.035299
0.85608 0.023354
0.91305 0.026597
0.8601 0.023604
0.95607 0.035157
0.95276 0.033293
0.95903 0.036147
0.86742 0.022097
0.96538 0.039399
0.88713 0.026123
0.96648 0.038754
0.96548 0.039406
0.89539 0.022175
0.93574 0.028192
0.92446 0.025207
0.93942 0.0278
0.96839 0.037721
0.96962 0.03809
0.92862 0.023236
0.97377 0.038639
0.94736 0.024451
0.97441 0.0385
0.97378 0.038638
0.97428 0.038524
0.96552 0.024206
0.97701 0.038417
0.97376 0.024003
0.97569 0.029618
0.97632 0.038412
0.97824 0.038224
