340
0.024965 0.020413
0.042654 0.02293
0.087623 0.021001
0.034446 0.026924
0.042431 0.026779
0.10737 0.020468
0.098857 0.024498
0.12145 0.023763
0.068005 0.028116
0.052161 0.026866
0.060999 0.027558
0.15066 0.022528
0.072453 0.029003
0.16303 0.02277
0.078549 0.03219
0.076333 0.030605
0.078775 0.032343
0.17437 0.022281
0.092183 0.032659
0.17906 0.024614
0.10991 0.034574
0.12001 0.031915
0.18437 0.02642
0.14244 0.032508
0.19402 0.02683
0.14609 0.033872
0.14224 0.03247
0.145 0.033336
0.19318 0.029511
0.14661 0.034239
0.21093 0.025363
0.15 0.035285
0.14655 0.034216
0.15065 0.035717
0.20635 0.029917
0.1938 0.033603
0.22891 0.021861
0.15489 0.037757
0.15471 0.036919
0.15532 0.037421
0.23356 0.029311
0.20324 0.03492
0.24977 0.021392
0.21386 0.033915
0.15658 0.038838
0.25442 0.027384
0.20873 0.035941
0.2629 0.029195
0.23026 0.036104
0.26319 0.033944
0.24904 0.035893
0.27287 0.022226
0.16999 0.03801
0.12599 0.037972
0.19544 0.03603
0.27615 0.022776
0.22125 0.035949
0.2746 0.032128
0.25351 0.037433
0.21298 0.036564
0.24865 0.03829
0.2926 0.021873
0.25693 0.037948
0.28369 0.031111
0.25893 0.038328
0.25807 0.038173
0.31034 0.024839
0.26278 0.038864
0.29743 0.029322
0.27745 0.03652
0.26282 0.03887
0.25866 0.03843
0.33429 0.02643
0.27993 0.035794
0.33651 0.027655
0.28033 0.036515
0.11854 0.039237
0.34561 0.026284
0.098897 0.039123
0.34846 0.027206
0.30421 0.032564
0.10252 0.039333
0.09409 0.038378
0.34424 0.034054
0.069438 0.032953
0.35467 0.032148
0.31304 0.03375
0.077086 0.03745
0.053338 0.03115
0.35764 0.033417
0.040241 0.032166
0.3631 0.027233
0.040522 0.03477
0.038254 0.033737
0.36202 0.036433
0.044846 0.035318
0.36356 0.036972
0.15247 0.039897
0.048664 0.035603
0.36762 0.036257
0.076258 0.037985
0.37327 0.030239
0.067839 0.034745
0.048944 0.035865
0.36975 0.037777
0.047304 0.036109
0.37685 0.028837
0.047215 0.036142
0.047209 0.036113
0.046954 0.036133
0.37577 0.037716
0.068408 0.035812
0.30106 0.035962
0.050688 0.036173
0.047651 0.036142
0.38039 0.036824
0.22209 0.036882
0.38643 0.033321
0.072609 0.037586
0.11321 0.039788
0.23834 0.038618
0.39209 0.023964
0.33663 0.036618
0.40976 0.022217
0.40218 0.027227
0.33127 0.035049
0.39907 0.033868
0.35871 0.037682
0.40592 0.035547
0.31041 0.034765
0.12174 0.039368
0.40708 0.035509
0.43091 0.025656
0.40838 0.035915
0.37816 0.037858
0.44755 0.031657
0.43137 0.028082
0.4165 0.031146
0.44388 0.03175
0.4275 0.030229
0.40084 0.039008
0.45853 0.020401
0.45338 0.021443
0.52458 0.020099
0.53078 0.020232
0.41219 0.024663
0.51047 0.023716
0.41857 0.024381
0.50675 0.025754
0.41848 0.024417
0.41771 0.025092
0.47125 0.025563
0.51083 0.028179
0.45845 0.028781
0.48194 0.024654
0.5059 0.02736
0.52885 0.021931
0.44382 0.034649
0.49845 0.028244
0.51709 0.026044
0.51515 0.028185
0.45329 0.035526
0.48018 0.029747
0.52522 0.023265
0.52709 0.024485
0.47439 0.034761
0.52091 0.027116
0.54445 0.021728
0.54673 0.026373
0.56208 0.021648
0.57607 0.029827
0.54824 0.029402
0.58015 0.031003
0.5379 0.03919
0.57483 0.03177
0.53874 0.025202
0.51814 0.040237
0.57449 0.031691
0.56137 0.031187
0.53819 0.027546
0.53524 0.022007
0.56175 0.031993
0.54667 0.039017
0.47787 0.039232
0.46535 0.039161
0.5487 0.038816
0.44343 0.038435
0.53378 0.022615
0.48266 0.037063
0.4289 0.038084
0.42523 0.03872
0.53671 0.026685
0.59051 0.021753
0.58463 0.032546
0.60552 0.027918
0.60652 0.036659
0.59006 0.035223
0.60525 0.036979
0.57994 0.032989
0.58865 0.037352
0.66211 0.038261
0.58574 0.036966
0.58732 0.03875
0.69013 0.039372
0.78666 0.039983
0.55859 0.03553
0.57394 0.040559
0.66713 0.038194
0.59105 0.04116
0.4959 0.040336
0.4505 0.038646
0.5943 0.040531
0.60647 0.02203
0.62361 0.034068
0.62076 0.026565
0.7076 0.03935
0.66927 0.037533
0.90319 0.039808
0.683 0.039289
0.76798 0.037491
0.76898 0.037653
0.66677 0.038205
0.61958 0.03483
0.64315 0.03491
0.80991 0.037633
0.65722 0.037815
0.93978 0.03723
0.92698 0.039391
0.94252 0.03693
0.67501 0.034798
0.90062 0.039703
0.70595 0.038526
0.957 0.037314
0.94956 0.036983
0.9574 0.037355
0.63874 0.031843
0.95893 0.037476
0.69548 0.034372
0.7855 0.039871
0.95917 0.037492
0.67963 0.03306
0.82655 0.036983
0.70532 0.035964
0.95682 0.037184
0.956 0.03706
0.63693 0.024915
0.82183 0.036695
0.71996 0.039491
0.95204 0.036283
0.95301 0.036781
0.95189 0.036307
0.64347 0.022514
0.94985 0.035859
0.706 0.033209
0.94049 0.035023
0.9476 0.035699
0.94148 0.035013
0.66249 0.025842
0.74882 0.037464
0.69918 0.029995
0.90242 0.037575
0.9256 0.038625
0.68721 0.027135
0.72873 0.037844
0.67857 0.024189
0.76233 0.035483
0.89859 0.039095
0.88733 0.035411
0.68884 0.024156
0.86081 0.03371
0.72978 0.035933
0.78243 0.038659
0.70587 0.024907
0.78351 0.038754
0.74174 0.034548
0.82069 0.035151
0.81669 0.034837
0.71784 0.025911
0.82565 0.036395
0.72384 0.026028
0.84216 0.035086
0.82502 0.036244
0.84402 0.034244
0.73176 0.027545
0.86197 0.033675
0.74418 0.028518
0.87363 0.034785
0.87211 0.034678
0.74265 0.023724
0.88746 0.034931
0.75504 0.024365
0.79203 0.038549
0.8831 0.035059
0.88757 0.0321
0.76768 0.025942
0.89286 0.030521
0.77519 0.027323
0.801 0.03425
0.89586 0.031328
0.90402 0.034961
0.77826 0.024787
0.90774 0.035911
0.78626 0.025237
0.91428 0.03421
0.90821 0.035585
0.91926 0.032898
0.79398 0.021951
0.92285 0.033249
0.81598 0.026128
0.92918 0.032583
0.93061 0.0323
0.82027 0.023023
0.8968 0.026047
0.82463 0.023213
0.94808 0.031769
0.94334 0.030571
0.95223 0.03231
0.83241 0.021811
0.96098 0.03456
0.86263 0.023794
0.96223 0.033975
0.9611 0.034558
0.87424 0.021559
0.92187 0.026499
0.90803 0.024834
0.92656 0.026234
0.96449 0.033052
0.96612 0.033247
0.91291 0.0228
0.97163 0.03336
0.93637 0.023538
0.97248 0.03326
0.97164 0.033359
0.97231 0.033277
0.9598 0.02311
0.97598 0.0332
0.97129 0.022869
0.97399 0.026894
0.97504 0.033197
0.97763 0.033062
