340
0.024651 0.020441
0.040991 0.023256
0.083343 0.021024
0.03353 0.027519
0.040789 0.027528
0.10378 0.020463
0.094817 0.02434
0.11753 0.023708
0.064687 0.028209
0.049429 0.027629
0.057279 0.027885
0.14764 0.022347
0.069051 0.029166
0.16232 0.022432
0.0747 0.032846
0.072648 0.03115
0.07491 0.033007
0.17446 0.022303
0.08772 0.03234
0.17873 0.024893
0.10623 0.03485
0.11588 0.031778
0.18369 0.026976
0.13905 0.032257
0.19254 0.027546
0.14226 0.033414
0.13888 0.032242
0.14132 0.032902
0.19161 0.030492
0.14267 0.033752
0.20753 0.025831
0.14568 0.034456
0.14262 0.033732
0.14626 0.034784
0.20328 0.031074
0.19134 0.035045
0.22522 0.021753
0.15107 0.036015
0.15101 0.035264
0.15171 0.035629
0.23022 0.028994
0.19935 0.036784
0.24628 0.021454
0.20839 0.03515
0.15306 0.036717
0.25085 0.027642
0.20384 0.037841
0.2591 0.029634
0.22495 0.035119
0.25939 0.034651
0.24565 0.036648
0.26838 0.022378
0.17002 0.037252
0.12184 0.037216
0.19237 0.03781
0.27133 0.022972
0.21503 0.036576
0.26945 0.033045
0.25016 0.038107
0.20687 0.038229
0.2453 0.039182
0.28701 0.02209
0.25346 0.038503
0.27806 0.031739
0.25538 0.03881
0.25455 0.038687
0.30178 0.025799
0.25905 0.039774
0.29123 0.030875
0.27134 0.037921
0.25908 0.039783
0.25512 0.038927
0.32306 0.027129
0.27371 0.037157
0.3252 0.028531
0.27394 0.037859
0.11407 0.039113
0.33319 0.0268
0.094459 0.038589
0.33573 0.027598
0.29602 0.035276
0.098704 0.038754
0.089267 0.037912
0.33098 0.035771
0.066015 0.0331
0.34044 0.032431
0.30259 0.036537
0.073297 0.038428
0.050498 0.032318
0.34309 0.033592
0.03884 0.033463
0.35072 0.026955
0.039011 0.036385
0.037077 0.035129
0.34719 0.03651
0.042752 0.037213
0.34872 0.036862
0.14736 0.038418
0.046043 0.037762
0.35334 0.035425
0.072538 0.038893
0.36083 0.029942
0.064483 0.035077
0.046282 0.038064
0.35515 0.036884
0.044782 0.038278
0.36481 0.028386
0.044704 0.038304
0.044702 0.038274
0.044477 0.03827
0.36164 0.037175
0.065057 0.03615
0.29277 0.039082
0.047852 0.038348
0.045088 0.038342
0.36678 0.03601
0.21563 0.037307
0.37413 0.031354
0.06912 0.037983
0.10935 0.039954
0.23512 0.038606
0.38246 0.023148
0.32354 0.038603
0.40363 0.021933
0.39508 0.026133
0.31923 0.036585
0.39062 0.031434
0.34259 0.038073
0.39875 0.033591
0.30047 0.037942
0.11723 0.039088
0.40001 0.033632
0.42715 0.025253
0.4014 0.034001
0.36443 0.03721
0.44367 0.031591
0.42763 0.027535
0.41099 0.029874
0.44021 0.03158
0.4234 0.029464
0.39187 0.035642
0.45542 0.020403
0.45018 0.021455
0.52495 0.020093
0.53133 0.02023
0.40633 0.024077
0.50945 0.023444
0.41357 0.023906
0.50537 0.025307
0.41347 0.023937
0.41261 0.024525
0.46777 0.025832
0.50985 0.02758
0.45534 0.028825
0.47783 0.024468
0.50443 0.026788
0.52934 0.021852
0.43966 0.034478
0.4966 0.027583
0.5167 0.025543
0.5146 0.02746
0.44844 0.035555
0.4761 0.029507
0.52561 0.023078
0.52753 0.024253
0.46945 0.035142
0.52109 0.026613
0.54444 0.021887
0.5465 0.027012
0.56114 0.021592
0.57641 0.028583
0.54777 0.030118
0.58129 0.029175
0.53687 0.03942
0.57548 0.030442
0.53924 0.025467
0.51636 0.038664
0.57509 0.030409
0.56039 0.030913
0.53871 0.0279
0.53592 0.022061
0.56079 0.031669
0.54512 0.0399
0.47162 0.039171
0.45923 0.039502
0.54702 0.039633
0.43847 0.038092
0.53441 0.022658
0.47725 0.036587
0.42414 0.036839
0.42027 0.03722
0.53733 0.026933
0.5943 0.021456
0.58749 0.02991
0.61051 0.028114
0.61531 0.038489
0.59614 0.032817
0.61426 0.038331
0.58151 0.030885
0.59508 0.034426
0.66198 0.03518
0.59056 0.033463
0.59369 0.035385
0.69769 0.038536
0.79278 0.03917
0.55719 0.035798
0.57632 0.038112
0.66855 0.035186
0.60058 0.038367
0.4959 0.038545
0.44482 0.038175
0.60461 0.038631
0.61138 0.022133
0.62717 0.038187
0.62387 0.028177
0.7159 0.038155
0.67188 0.034608
0.90187 0.038171
0.68971 0.037532
0.77612 0.039323
0.77691 0.039625
0.66802 0.035198
0.62484 0.038595
0.63962 0.0365
0.82035 0.03793
0.65566 0.034969
0.94098 0.037142
0.92685 0.038604
0.94373 0.037278
0.67897 0.032394
0.89812 0.038277
0.71371 0.037603
0.95678 0.038168
0.95002 0.037947
0.95716 0.038186
0.63688 0.033981
0.9587 0.038217
0.70204 0.033745
0.79112 0.039435
0.95896 0.038218
0.68449 0.031432
0.83672 0.037514
0.71259 0.035171
0.95662 0.038042
0.95589 0.037958
0.63591 0.025915
0.83148 0.037184
0.73264 0.037717
0.95228 0.037304
0.95316 0.037858
0.95214 0.037325
0.64107 0.022687
0.9503 0.036763
0.71272 0.032494
0.94166 0.034991
0.94826 0.036478
0.94266 0.035122
0.66297 0.024884
0.75942 0.037678
0.70493 0.029619
0.90085 0.036066
0.92547 0.038151
0.69214 0.026584
0.74225 0.037065
0.68264 0.023608
0.77144 0.036437
0.8957 0.038517
0.88508 0.038536
0.69394 0.023886
0.86685 0.038606
0.74202 0.035285
0.78805 0.039224
0.71189 0.02463
0.78899 0.03905
0.75279 0.034932
0.83016 0.035551
0.82661 0.035212
0.72467 0.025273
0.83568 0.03696
0.7315 0.02556
0.85237 0.036537
0.83499 0.036719
0.8541 0.03611
0.74005 0.027179
0.86769 0.038731
0.75234 0.028633
0.87506 0.039991
0.8741 0.039854
0.7509 0.023793
0.88527 0.037904
0.76301 0.024468
0.79979 0.035119
0.88155 0.039279
0.8859 0.034395
0.77511 0.026467
0.89061 0.031177
0.78194 0.028139
0.81179 0.032564
0.89375 0.031359
0.90306 0.033634
0.78466 0.025109
0.90738 0.034519
0.79194 0.025081
0.91442 0.033627
0.90793 0.034174
0.91952 0.032675
0.80106 0.021577
0.92303 0.033002
0.82531 0.026285
0.9293 0.032014
0.93086 0.031707
0.82936 0.023073
0.89496 0.025966
0.83384 0.023264
0.94869 0.032317
0.94442 0.030754
0.95251 0.033073
0.84122 0.02184
0.96087 0.035065
0.86797 0.025149
0.96208 0.034396
0.96098 0.035056
0.87615 0.022086
0.92216 0.026383
0.90767 0.024356
0.92669 0.026022
0.96434 0.033335
0.96599 0.033455
0.91299 0.022608
0.97155 0.03339
0.93728 0.023375
0.97241 0.033288
0.97156 0.033389
0.97224 0.033305
0.95996 0.023228
0.97594 0.033229
0.97131 0.022877
0.974 0.026909
0.975 0.033225
0.9776 0.03309
