340
0.021015 0.022022
0.027154 0.03445
0.035494 0.022711
0.031557 0.042161
0.037928 0.042161
0.042709 0.021019
0.045347 0.031465
0.052796 0.0281
0.05786 0.04214
0.044881 0.04216
0.052038 0.042155
0.064384 0.023584
0.062107 0.042128
0.075762 0.022575
0.072752 0.042112
0.068686 0.04211
0.07314 0.042113
0.089123 0.022004
0.084779 0.042126
0.095097 0.023755
0.092818 0.042139
0.097395 0.042139
0.1046 0.025307
0.1095 0.042137
0.11794 0.025386
0.11865 0.042194
0.10926 0.042137
0.11461 0.042168
0.12809 0.027607
0.12303 0.042223
0.13785 0.02467
0.13366 0.042386
0.12276 0.042221
0.13797 0.042513
0.14572 0.028817
0.14927 0.032011
0.15361 0.021899
0.15907 0.043646
0.14905 0.042846
0.15476 0.043269
0.16387 0.028902
0.16317 0.035054
0.1749 0.021444
0.17473 0.037215
0.16492 0.044185
0.17948 0.027736
0.18117 0.041338
0.1891 0.027629
0.18745 0.040989
0.19709 0.031686
0.19334 0.040554
0.2022 0.021817
0.19846 0.048968
0.1905 0.051677
0.20352 0.048714
0.20724 0.022454
0.20965 0.048739
0.21552 0.029528
0.21998 0.049807
0.20794 0.048686
0.21702 0.049229
0.22202 0.022337
0.22568 0.051247
0.23231 0.031334
0.23085 0.052809
0.22876 0.052154
0.23791 0.027986
0.23941 0.056895
0.24528 0.036031
0.24728 0.047625
0.23976 0.057127
0.24349 0.059787
0.25078 0.029425
0.25001 0.048406
0.25376 0.030808
0.25461 0.054805
0.25082 0.072415
0.25821 0.027671
0.25297 0.076245
0.26103 0.028908
0.2614 0.053457
0.25252 0.075548
0.25424 0.078042
0.26376 0.03909
0.25585 0.085609
0.26787 0.034888
0.26829 0.061282
0.25574 0.082734
0.25493 0.093017
0.26981 0.037137
0.25309 0.099987
0.27287 0.029739
0.25137 0.10612
0.25219 0.10339
0.27466 0.046048
0.2499 0.11022
0.27704 0.04946
0.26803 0.091875
0.24805 0.11482
0.27795 0.043865
0.26347 0.10223
0.27996 0.035616
0.26234 0.10523
0.24483 0.12093
0.28109 0.05087
0.24251 0.13147
0.28215 0.034267
0.24472 0.13545
0.24257 0.13189
0.24323 0.13368
0.28357 0.050247
0.2636 0.11052
0.28071 0.083252
0.24986 0.13583
0.24569 0.13619
0.28614 0.049055
0.27706 0.09645
0.28872 0.038889
0.26561 0.11695
0.27233 0.10786
0.28095 0.10374
0.29035 0.02618
0.28623 0.081618
0.30273 0.023868
0.29773 0.0311
0.28593 0.082446
0.29723 0.043141
0.29108 0.080193
0.30252 0.049048
0.28631 0.091512
0.27451 0.11218
0.30306 0.04908
0.33141 0.029193
0.30526 0.053482
0.29708 0.075454
0.34332 0.029774
0.33035 0.031925
0.31337 0.04908
0.32941 0.037169
0.32425 0.03942
0.37449 0.032598
0.35823 0.020296
0.35316 0.021211
0.47712 0.020244
0.5002 0.020713
0.30463 0.029859
0.43387 0.02187
0.31116 0.033277
0.4121 0.023542
0.31104 0.033376
0.31037 0.035093
0.3797 0.023988
0.4368 0.024645
0.36343 0.025861
0.39427 0.025783
0.41116 0.024907
0.49285 0.024746
0.36539 0.028545
0.40764 0.028304
0.44784 0.027632
0.44686 0.029018
0.41416 0.030679
0.40151 0.031745
0.4776 0.028155
0.4893 0.029783
0.39896 0.031659
0.45185 0.033176
0.60294 0.02036
0.62454 0.02144
0.66275 0.020953
0.67858 0.029167
0.63808 0.02255
0.6817 0.030756
0.62987 0.024278
0.67683 0.030853
0.56743 0.023069
0.58431 0.024743
0.67648 0.030718
0.66794 0.02928
0.56676 0.024514
0.53909 0.024594
0.66928 0.030512
0.65653 0.028754
0.58575 0.027098
0.58377 0.028607
0.66027 0.031261
0.60373 0.029407
0.52073 0.027473
0.57461 0.032169
0.59308 0.030917
0.63722 0.033967
0.55368 0.030276
0.69459 0.021856
0.68517 0.032746
0.70166 0.034871
0.69733 0.048967
0.68956 0.035953
0.69641 0.04666
0.68101 0.032718
0.68696 0.038057
0.70352 0.079346
0.68426 0.037467
0.68437 0.039436
0.70734 0.087649
0.71368 0.10064
0.66701 0.033111
0.67396 0.040687
0.70318 0.084887
0.68356 0.047914
0.65344 0.034144
0.65133 0.036769
0.68374 0.057895
0.70524 0.024066
0.70443 0.048068
0.70935 0.0317
0.71228 0.082946
0.70661 0.076484
0.729 0.11612
0.70654 0.08599
0.71348 0.10011
0.71341 0.1004
0.70313 0.084803
0.69505 0.074213
0.71067 0.044587
0.7201 0.098793
0.71193 0.053714
0.74015 0.12713
0.73461 0.12414
0.74112 0.12723
0.71358 0.061833
0.7297 0.10553
0.71619 0.071034
0.74685 0.12394
0.74351 0.12686
0.74717 0.12355
0.71555 0.035816
0.74834 0.12081
0.71886 0.059918
0.72189 0.080134
0.74854 0.11898
0.72009 0.052472
0.72535 0.086862
0.72208 0.058195
0.7431 0.10652
0.74249 0.10497
0.72255 0.026802
0.7304 0.079768
0.72729 0.055847
0.74082 0.096358
0.74117 0.10088
0.74082 0.096574
0.72775 0.023846
0.74133 0.091477
0.73282 0.046077
0.74272 0.084998
0.74174 0.089207
0.74264 0.085357
0.73296 0.03196
0.73613 0.054935
0.73755 0.039692
0.74698 0.071571
0.74377 0.079406
0.74301 0.032227
0.74278 0.04506
0.74613 0.027388
0.74958 0.048276
0.74813 0.06925
0.75041 0.066503
0.75279 0.026583
0.75495 0.061531
0.75744 0.035285
0.75777 0.045958
0.76373 0.026263
0.76164 0.044203
0.77194 0.032011
0.76857 0.051765
0.76642 0.052475
0.77454 0.025508
0.77282 0.05047
0.78135 0.024829
0.78111 0.048876
0.77229 0.050619
0.78199 0.048722
0.79317 0.025724
0.78928 0.04746
0.80198 0.027246
0.79908 0.046174
0.79754 0.046338
0.80619 0.023295
0.81278 0.044819
0.81991 0.024346
0.81708 0.032454
0.8095 0.045101
0.81972 0.044462
0.83081 0.025962
0.82563 0.04417
0.83948 0.025173
0.83671 0.032471
0.82731 0.044088
0.83628 0.043764
0.84348 0.023637
0.84788 0.043464
0.85421 0.023949
0.85556 0.043314
0.84883 0.04344
0.85985 0.043245
0.86441 0.021566
0.86316 0.043193
0.87545 0.027885
0.87202 0.043057
0.87396 0.043031
0.88911 0.023666
0.88828 0.033074
0.89358 0.023479
0.89163 0.042809
0.88802 0.042844
0.89387 0.042799
0.90232 0.021867
0.90321 0.04276
0.91618 0.026441
0.91324 0.042715
0.90387 0.042757
0.92884 0.023054
0.92767 0.031801
0.93828 0.027553
0.93363 0.031811
0.92757 0.042638
0.93253 0.042622
0.94854 0.024734
0.9484 0.042602
0.95463 0.028267
0.95194 0.042598
0.94843 0.042602
0.9512 0.042598
0.9686 0.026271
0.96543 0.042583
0.97515 0.025146
0.97393 0.032521
0.962 0.042586
0.97165 0.042578
