340
0.02385 0.020533
0.037597 0.023647
0.08231 0.020848
0.031199 0.028867
0.037419 0.028444
0.10555 0.02041
0.095654 0.023831
0.12108 0.023813
0.05969 0.027913
0.045435 0.028244
0.05291 0.028137
0.14846 0.022452
0.064736 0.028217
0.16122 0.022689
0.071511 0.030554
0.069124 0.029234
0.071753 0.030681
0.1729 0.022292
0.087756 0.030608
0.17773 0.024889
0.10875 0.03288
0.11996 0.031904
0.18257 0.027197
0.13968 0.032921
0.1905 0.028318
0.14341 0.033936
0.13948 0.032901
0.1423 0.03351
0.18997 0.031586
0.14393 0.03425
0.20436 0.026585
0.14747 0.034902
0.14387 0.034233
0.14814 0.035263
0.20074 0.032153
0.19095 0.036597
0.21925 0.022063
0.15261 0.037195
0.15244 0.036383
0.15309 0.036872
0.22372 0.029907
0.19842 0.038258
0.23985 0.021366
0.20663 0.037042
0.15442 0.038249
0.24462 0.027189
0.20273 0.039548
0.25329 0.029071
0.21965 0.037676
0.2537 0.033769
0.239 0.035623
0.2633 0.022258
0.16902 0.037499
0.12547 0.039209
0.19249 0.039581
0.2665 0.02293
0.21219 0.038887
0.2652 0.032499
0.24368 0.036966
0.20592 0.040314
0.23852 0.038001
0.2811 0.022173
0.24728 0.037493
0.27414 0.03232
0.2494 0.037903
0.24849 0.037727
0.29631 0.026205
0.25345 0.038615
0.28564 0.030851
0.26877 0.037667
0.25349 0.038623
0.24912 0.037993
0.31409 0.027829
0.2713 0.037116
0.31596 0.029139
0.27186 0.037909
0.11924 0.039018
0.32403 0.026982
0.095954 0.036304
0.32663 0.027902
0.29262 0.035412
0.10052 0.036687
0.09006 0.035422
0.32257 0.035788
0.060775 0.032366
0.3324 0.033181
0.29975 0.037959
0.069212 0.03514
0.045914 0.033317
0.33526 0.034539
0.035313 0.035284
0.34022 0.027825
0.035297 0.038548
0.033682 0.037381
0.33942 0.037783
0.038409 0.038966
0.34084 0.038358
0.1499 0.039258
0.041323 0.039078
0.34452 0.037559
0.068157 0.035675
0.34958 0.030922
0.058444 0.03442
0.041508 0.039383
0.34652 0.039156
0.040146 0.039791
0.35289 0.029505
0.040068 0.039838
0.040068 0.039803
0.03986 0.039844
0.35213 0.038974
0.058903 0.035335
0.29087 0.039185
0.042865 0.039645
0.04042 0.039809
0.35652 0.038216
0.21277 0.039862
0.36217 0.034622
0.063776 0.036026
0.11305 0.038282
0.22761 0.039024
0.36686 0.024397
0.31552 0.039989
0.38289 0.02241
0.37596 0.027946
0.31175 0.038833
0.3733 0.035373
0.33638 0.039177
0.37958 0.036962
0.2983 0.038965
0.12212 0.039831
0.38065 0.036891
0.40224 0.02632
0.38188 0.037308
0.3544 0.039235
0.41657 0.032187
0.40267 0.029035
0.38918 0.032216
0.41322 0.032503
0.399 0.031255
0.37511 0.040986
0.42855 0.020362
0.42339 0.021391
0.51466 0.020074
0.5234 0.020168
0.38513 0.025078
0.49589 0.022618
0.39105 0.024793
0.49019 0.023916
0.39097 0.024832
0.39026 0.025575
0.44336 0.024728
0.49643 0.025793
0.42847 0.027934
0.45586 0.023933
0.4889 0.024982
0.52075 0.021428
0.41275 0.035627
0.47784 0.025553
0.50504 0.024418
0.50241 0.025942
0.42166 0.035095
0.45326 0.028362
0.5156 0.022417
0.51831 0.023318
0.44446 0.032385
0.50976 0.025276
0.54253 0.021192
0.54594 0.02435
0.56977 0.020956
0.59643 0.025452
0.54813 0.026374
0.60283 0.026378
0.53082 0.033935
0.59365 0.02644
0.53434 0.023683
0.50477 0.034931
0.59303 0.026385
0.56793 0.026562
0.53359 0.025354
0.52954 0.021442
0.56824 0.027011
0.54311 0.033215
0.44508 0.036911
0.43206 0.037413
0.54609 0.032912
0.41188 0.039762
0.52753 0.021877
0.45247 0.03405
0.40064 0.040079
0.39757 0.040472
0.53156 0.024774
0.62025 0.021234
0.61027 0.027576
0.63579 0.030425
0.63808 0.042681
0.61941 0.030413
0.63732 0.042438
0.60198 0.027461
0.61722 0.03129
0.67993 0.0374
0.61197 0.03027
0.61495 0.03171
0.71068 0.039456
0.80621 0.038453
0.5617 0.02948
0.58928 0.030937
0.68547 0.037216
0.62216 0.03499
0.4709 0.03376
0.41792 0.039046
0.62728 0.036987
0.63642 0.022729
0.64799 0.040047
0.64613 0.02949
0.72701 0.038131
0.68788 0.036525
0.9049 0.038648
0.70361 0.038657
0.78695 0.038376
0.78784 0.038438
0.68506 0.037236
0.64553 0.04173
0.6602 0.038698
0.83193 0.038855
0.6745 0.037257
0.94481 0.038849
0.93259 0.039684
0.94689 0.038836
0.69414 0.03376
0.90126 0.039877
0.72506 0.037564
0.95786 0.039451
0.95226 0.039867
0.95814 0.039457
0.65786 0.035898
0.95924 0.039442
0.71509 0.034918
0.80484 0.038472
0.95942 0.039436
0.69908 0.032321
0.84447 0.038768
0.72444 0.035254
0.95774 0.039325
0.95714 0.039268
0.65729 0.026747
0.84087 0.038429
0.74216 0.038246
0.95413 0.038799
0.95486 0.039268
0.95401 0.038843
0.66185 0.023112
0.95245 0.038531
0.72505 0.032582
0.94507 0.036521
0.95072 0.03829
0.94586 0.036612
0.6806 0.025563
0.76928 0.037849
0.71846 0.030292
0.90406 0.036916
0.93112 0.038986
0.70704 0.02705
0.75074 0.038013
0.69771 0.023923
0.782 0.036108
0.89868 0.040344
0.8908 0.040748
0.70863 0.024135
0.87379 0.040508
0.75153 0.036126
0.80131 0.037688
0.7249 0.024691
0.80259 0.037652
0.76241 0.034964
0.83998 0.03674
0.83704 0.036693
0.73839 0.025453
0.84375 0.037827
0.74452 0.02581
0.86101 0.037877
0.84326 0.037693
0.86274 0.037782
0.75261 0.027652
0.87454 0.040549
0.7645 0.028801
0.88189 0.041211
0.88094 0.041172
0.76301 0.023838
0.89096 0.040014
0.77517 0.024469
0.81265 0.037585
0.88798 0.040808
0.89142 0.036155
0.78738 0.026252
0.89559 0.032609
0.79439 0.02732
0.82232 0.034115
0.89771 0.03279
0.9064 0.033841
0.79726 0.024685
0.91106 0.033961
0.80621 0.024853
0.91903 0.033202
0.91164 0.03372
0.92407 0.032504
0.81453 0.021853
0.92765 0.033243
0.83586 0.026907
0.93378 0.032883
0.93516 0.032708
0.83941 0.023342
0.89882 0.026693
0.84311 0.02348
0.95092 0.033776
0.94691 0.031856
0.9543 0.034217
0.85101 0.021887
0.96138 0.036036
0.87441 0.025741
0.96268 0.035289
0.9615 0.036022
0.88239 0.022222
0.92627 0.026429
0.91133 0.024242
0.93085 0.026341
0.96497 0.034106
0.96656 0.034187
0.91696 0.022563
0.97191 0.034016
0.94055 0.023799
0.97273 0.033911
0.97191 0.034015
0.97257 0.033929
0.96074 0.023455
0.97611 0.033848
0.9717 0.02301
0.97427 0.027232
0.97521 0.033845
0.97771 0.033703
