340
0.022914 0.020704
0.033315 0.024808
0.06706 0.021171
0.028495 0.031892
0.033195 0.031138
0.083779 0.020555
0.0768 0.02534
0.095869 0.024502
0.05073 0.03028
0.038949 0.030647
0.045213 0.030021
0.12006 0.022699
0.054585 0.031067
0.13232 0.022884
0.059754 0.034596
0.057842 0.032829
0.059951 0.034754
0.14285 0.022589
0.071544 0.034836
0.1469 0.025205
0.086682 0.036973
0.095378 0.034134
0.15113 0.027584
0.11281 0.034646
0.15935 0.028144
0.11575 0.035348
0.11265 0.034641
0.11491 0.035007
0.1579 0.031377
0.11612 0.035654
0.17414 0.025922
0.11863 0.036373
0.11607 0.035639
0.11912 0.036773
0.16939 0.031261
0.15684 0.036125
0.1907 0.021861
0.12282 0.038999
0.1228 0.038095
0.12336 0.038637
0.19502 0.02937
0.16477 0.037445
0.21131 0.021461
0.17541 0.035203
0.12454 0.040169
0.21569 0.027366
0.17031 0.037898
0.22448 0.02778
0.19086 0.035833
0.22331 0.031863
0.20979 0.036464
0.23804 0.021732
0.13582 0.041402
0.10168 0.041582
0.15679 0.039582
0.24246 0.022323
0.18196 0.037167
0.23919 0.029679
0.21326 0.038027
0.17393 0.038664
0.20921 0.039231
0.25936 0.021767
0.21607 0.037414
0.2494 0.030084
0.21775 0.037099
0.21702 0.037241
0.27872 0.024835
0.22113 0.036662
0.26366 0.028653
0.24066 0.034301
0.22117 0.036662
0.21747 0.037323
0.30177 0.025895
0.24335 0.034066
0.30418 0.026915
0.24294 0.035257
0.095988 0.042557
0.31529 0.025445
0.078112 0.04276
0.3185 0.026217
0.26883 0.031855
0.081176 0.04309
0.073909 0.041782
0.31075 0.032025
0.052077 0.03615
0.32495 0.030924
0.27563 0.033683
0.059061 0.040975
0.039046 0.037278
0.3284 0.032608
0.031337 0.040382
0.33509 0.027221
0.031236 0.04477
0.030086 0.043238
0.33361 0.036145
0.033281 0.045455
0.33502 0.036885
0.12004 0.041577
0.034935 0.045752
0.33831 0.036573
0.05846 0.041691
0.34379 0.030747
0.050491 0.038488
0.035021 0.04629
0.3399 0.038523
0.034185 0.046949
0.34736 0.029299
0.034138 0.047028
0.034141 0.046966
0.034024 0.047025
0.34497 0.038554
0.051005 0.039717
0.26135 0.035843
0.03594 0.046791
0.034333 0.047001
0.34911 0.03746
0.18262 0.038367
0.35582 0.033649
0.055434 0.041406
0.090479 0.043386
0.19908 0.038837
0.36213 0.023926
0.29781 0.034658
0.38184 0.021878
0.37284 0.026463
0.29344 0.033867
0.36702 0.032831
0.32934 0.036944
0.37474 0.033298
0.27238 0.035048
0.098601 0.043037
0.37617 0.03315
0.40404 0.02556
0.37754 0.033404
0.34691 0.038811
0.4214 0.030281
0.40452 0.027923
0.38904 0.030203
0.41725 0.030232
0.40026 0.03001
0.36557 0.038696
0.43481 0.020352
0.42969 0.021278
0.51199 0.020084
0.51967 0.020193
0.38473 0.024058
0.49545 0.022955
0.39232 0.02414
0.49038 0.024407
0.39222 0.024171
0.39135 0.024772
0.44935 0.025032
0.49593 0.026539
0.43473 0.027706
0.46066 0.024433
0.48923 0.025621
0.51734 0.021635
0.41582 0.032769
0.47947 0.026432
0.50353 0.02501
0.50123 0.026729
0.42712 0.033528
0.4583 0.02934
0.51282 0.022758
0.5152 0.023793
0.45033 0.033248
0.50769 0.025998
0.53621 0.021392
0.53913 0.025096
0.55948 0.021103
0.58362 0.025593
0.54099 0.027483
0.58998 0.026287
0.52608 0.036082
0.581 0.026732
0.52913 0.024262
0.5033 0.036929
0.58041 0.026703
0.55788 0.027588
0.52847 0.026191
0.52497 0.021663
0.55815 0.028104
0.53671 0.035434
0.45086 0.038145
0.43783 0.037481
0.53926 0.035127
0.41346 0.036146
0.52323 0.022161
0.45758 0.03565
0.39817 0.037303
0.39479 0.037775
0.52672 0.025512
0.60883 0.021022
0.59781 0.027092
0.63033 0.02705
0.64194 0.034967
0.60773 0.028716
0.64039 0.034643
0.58908 0.027392
0.6052 0.0297
0.68873 0.036082
0.5996 0.029413
0.60284 0.030337
0.71785 0.039477
0.8277 0.040132
0.55247 0.031057
0.57688 0.031762
0.69396 0.035612
0.61212 0.032051
0.47361 0.036198
0.42161 0.036169
0.61965 0.032399
0.63135 0.021833
0.65613 0.034551
0.6459 0.026649
0.73628 0.037805
0.69577 0.03472
0.92126 0.042081
0.71089 0.038185
0.80668 0.036275
0.80764 0.036201
0.69361 0.035637
0.6543 0.035717
0.67077 0.03638
0.84768 0.038123
0.68307 0.036119
0.94763 0.04343
0.93835 0.046236
0.94931 0.042911
0.70117 0.032773
0.91849 0.04255
0.73401 0.036941
0.95802 0.042834
0.9533 0.04301
0.95831 0.042854
0.66564 0.033417
0.95949 0.042894
0.72215 0.03452
0.82645 0.039323
0.95969 0.042896
0.70606 0.031788
0.86101 0.038702
0.7329 0.034778
0.95794 0.042644
0.95737 0.042538
0.66053 0.025721
0.85639 0.037538
0.75177 0.03814
0.95503 0.04169
0.95545 0.042383
0.95493 0.041738
0.66561 0.022798
0.95382 0.041204
0.73308 0.032214
0.9484 0.040208
0.95255 0.040844
0.94903 0.040155
0.68549 0.02514
0.78185 0.03565
0.72545 0.030095
0.92012 0.039307
0.93748 0.045179
0.71393 0.027017
0.76137 0.038283
0.70451 0.023735
0.79813 0.034074
0.91626 0.041788
0.90727 0.039734
0.71552 0.024118
0.88808 0.042461
0.76148 0.036171
0.82278 0.036913
0.73235 0.024577
0.82369 0.036969
0.77174 0.034114
0.85497 0.035411
0.85159 0.035073
0.7457 0.025496
0.85981 0.036891
0.75178 0.025875
0.87733 0.039066
0.8592 0.036697
0.8791 0.039294
0.75984 0.027827
0.88862 0.042303
0.77159 0.028306
0.89722 0.041338
0.89618 0.041602
0.7697 0.023693
0.90728 0.038912
0.78367 0.023936
0.83144 0.038572
0.90365 0.039645
0.90699 0.035402
0.79756 0.025446
0.91114 0.032547
0.80517 0.026145
0.83669 0.033652
0.91342 0.032896
0.92151 0.036587
0.80883 0.02399
0.92519 0.038027
0.81967 0.02451
0.92978 0.037651
0.92554 0.037766
0.93342 0.037021
0.82745 0.021895
0.93592 0.037762
0.84945 0.026246
0.94048 0.0366
0.94154 0.036277
0.85343 0.02309
0.91383 0.026837
0.85771 0.023268
0.95389 0.035587
0.95107 0.034009
0.95644 0.036244
0.86605 0.021844
0.96276 0.038542
0.8879 0.02583
0.96415 0.037749
0.96287 0.038533
0.89646 0.022141
0.93548 0.028677
0.92479 0.025461
0.93897 0.028282
0.96651 0.036488
0.96791 0.036655
0.92873 0.023409
0.97272 0.036994
0.9464 0.024753
0.97347 0.036867
0.97273 0.036993
0.97332 0.036888
0.96412 0.023996
0.97651 0.036791
0.97316 0.02365
0.97527 0.028769
0.9757 0.036786
0.97795 0.036615
