340
0.02094 0.022183
0.026631 0.035602
0.03435 0.022937
0.030726 0.043937
0.036639 0.044043
0.041008 0.021109
0.043423 0.032506
0.050218 0.028899
0.054894 0.044548
0.043034 0.044159
0.049574 0.044299
0.060701 0.024027
0.058758 0.044731
0.070672 0.022964
0.068181 0.04522
0.064585 0.045013
0.068524 0.045245
0.082098 0.022387
0.07871 0.046116
0.087049 0.024565
0.085281 0.046778
0.08901 0.047312
0.094828 0.026727
0.098549 0.048832
0.10495 0.02721
0.10529 0.050115
0.098373 0.048803
0.10232 0.049525
0.11245 0.030342
0.10842 0.050632
0.11953 0.026421
0.11525 0.05142
0.10823 0.050608
0.11764 0.052049
0.12517 0.032227
0.12723 0.036692
0.13089 0.022646
0.12744 0.055285
0.12379 0.053192
0.12609 0.054197
0.13792 0.032522
0.13603 0.041291
0.14606 0.022002
0.14309 0.044166
0.13028 0.056077
0.14928 0.030802
0.14639 0.05022
0.15611 0.031275
0.15099 0.049456
0.15995 0.03863
0.15523 0.048928
0.16478 0.023032
0.14573 0.060487
0.13075 0.063869
0.15085 0.05905
0.16762 0.024301
0.15487 0.058031
0.16984 0.03756
0.15964 0.057988
0.1539 0.058238
0.15858 0.057635
0.17562 0.024272
0.16091 0.059433
0.17662 0.040311
0.16163 0.060911
0.16132 0.060309
0.18305 0.033427
0.16296 0.063886
0.1824 0.043198
0.17802 0.052732
0.16298 0.064046
0.16219 0.065839
0.19138 0.033428
0.17995 0.05306
0.19302 0.034894
0.17981 0.058798
0.13745 0.072612
0.19825 0.029926
0.13216 0.073013
0.20013 0.031172
0.18854 0.055883
0.13294 0.072949
0.1306 0.073223
0.19875 0.042446
0.11788 0.072318
0.20436 0.037566
0.19214 0.061424
0.12231 0.07277
0.10973 0.07116
0.20571 0.039735
0.10321 0.070536
0.21039 0.030986
0.099059 0.071071
0.10069 0.070755
0.20913 0.046935
0.097199 0.071976
0.21073 0.049666
0.14345 0.078686
0.095758 0.073375
0.21326 0.044712
0.12204 0.07829
0.21638 0.036942
0.1173 0.07757
0.093634 0.076013
0.21473 0.050565
0.088214 0.083369
0.2187 0.03533
0.087618 0.08634
0.088033 0.083705
0.087478 0.085103
0.21801 0.049855
0.1169 0.079825
0.18959 0.074616
0.091024 0.086092
0.088007 0.086796
0.22161 0.048655
0.16251 0.080916
0.2252 0.039677
0.1176 0.083444
0.13853 0.08468
0.16399 0.08361
0.2269 0.026462
0.20191 0.071327
0.23892 0.023978
0.23417 0.031462
0.20063 0.072051
0.23455 0.043285
0.21069 0.068869
0.24083 0.048779
0.19213 0.077862
0.14071 0.086825
0.24142 0.048844
0.26562 0.031523
0.24266 0.052867
0.22209 0.06536
0.27506 0.034192
0.26571 0.034832
0.25237 0.049254
0.26698 0.041315
0.2623 0.042234
0.29807 0.03263
0.28414 0.020408
0.28071 0.021756
0.45467 0.020122
0.5012 0.02034
0.24079 0.030142
0.38118 0.021048
0.24765 0.033844
0.34888 0.022195
0.24755 0.033943
0.24714 0.035719
0.30343 0.02362
0.38624 0.022526
0.288 0.027414
0.32177 0.024139
0.34737 0.023055
0.48583 0.022285
0.28958 0.030381
0.34175 0.02529
0.40766 0.023786
0.40568 0.024492
0.35223 0.026562
0.33235 0.027839
0.45567 0.024065
0.47849 0.024741
0.32857 0.027945
0.41583 0.026604
0.67879 0.020289
0.70075 0.021748
0.72936 0.021106
0.74429 0.029451
0.71102 0.023546
0.7472 0.031053
0.70495 0.025547
0.74245 0.031248
0.62694 0.021823
0.6533 0.023247
0.74212 0.031119
0.73407 0.030156
0.62581 0.022665
0.57112 0.022184
0.73519 0.031381
0.72416 0.031105
0.6554 0.024911
0.65252 0.02587
0.72682 0.033585
0.67979 0.027661
0.54353 0.023682
0.63863 0.027705
0.66575 0.027951
0.70892 0.039375
0.60197 0.025199
0.75993 0.021933
0.75046 0.033099
0.76708 0.0359
0.7631 0.048295
0.75471 0.036456
0.76181 0.046334
0.74632 0.033082
0.7519 0.03859
0.78558 0.068236
0.74915 0.037965
0.74908 0.039945
0.79758 0.07351
0.81897 0.080246
0.73253 0.03455
0.73826 0.041632
0.78801 0.071551
0.74748 0.047696
0.72053 0.038831
0.71824 0.042588
0.74764 0.056763
0.76996 0.024411
0.77177 0.047662
0.77431 0.032929
0.80452 0.071355
0.78947 0.06699
0.86286 0.083231
0.79493 0.072583
0.81827 0.07993
0.8183 0.080077
0.78786 0.071493
0.76782 0.064657
0.77854 0.045295
0.83124 0.08014
0.78529 0.053139
0.88553 0.086368
0.87706 0.084782
0.88659 0.086476
0.79304 0.059025
0.85861 0.079586
0.80369 0.065265
0.89135 0.084702
0.88894 0.086417
0.89153 0.084463
0.78157 0.038104
0.89186 0.082701
0.80018 0.058957
0.82097 0.070762
0.8917 0.081554
0.79609 0.053811
0.83405 0.074828
0.80366 0.058582
0.88644 0.075653
0.88548 0.07512
0.78532 0.02808
0.83454 0.07182
0.80907 0.058241
0.8802 0.072834
0.88263 0.073886
0.88029 0.072875
0.78964 0.02472
0.87865 0.072002
0.80626 0.050533
0.87665 0.070982
0.87808 0.071635
0.87689 0.071039
0.79632 0.035331
0.81847 0.058743
0.80617 0.044735
0.85875 0.070058
0.86829 0.070554
0.80526 0.03695
0.81604 0.051041
0.80397 0.030327
0.82416 0.054433
0.85524 0.069659
0.85181 0.068754
0.80839 0.029756
0.84406 0.065971
0.82092 0.043446
0.8276 0.052756
0.8156 0.030443
0.82863 0.051501
0.8264 0.042039
0.83876 0.059259
0.83817 0.059451
0.82162 0.030098
0.83971 0.058829
0.82522 0.029248
0.84323 0.059395
0.83959 0.05887
0.84371 0.059507
0.83108 0.030802
0.8475 0.06004
0.8362 0.032816
0.85229 0.060497
0.85155 0.060454
0.83828 0.025561
0.8566 0.058961
0.84697 0.02663
0.84706 0.039185
0.85519 0.059233
0.86009 0.05847
0.85438 0.028498
0.86228 0.057365
0.86058 0.027193
0.85973 0.03753
0.86285 0.057048
0.86649 0.055553
0.86356 0.024991
0.87115 0.052875
0.87137 0.025351
0.87561 0.052047
0.87163 0.052727
0.87854 0.051778
0.87897 0.022097
0.88082 0.051518
0.88723 0.030113
0.88645 0.050653
0.88772 0.050461
0.89836 0.024443
0.89781 0.03587
0.90203 0.024192
0.90057 0.048011
0.89788 0.048354
0.90231 0.047841
0.90933 0.022226
0.91009 0.047145
0.92104 0.027369
0.91861 0.046276
0.91065 0.047097
0.93252 0.02334
0.93144 0.032938
0.94115 0.02822
0.93687 0.032881
0.9313 0.044912
0.93577 0.044742
0.95062 0.025128
0.95037 0.044434
0.95624 0.028911
0.95367 0.044368
0.9504 0.044433
0.95298 0.044382
0.96929 0.026683
0.9663 0.044113
0.97544 0.025479
0.9743 0.033331
0.96308 0.044178
0.97215 0.044032
