340
0.020733 0.022801
0.024695 0.040031
0.031183 0.023762
0.026074 0.052986
0.029495 0.052808
0.036368 0.021417
0.037269 0.035946
0.043467 0.031328
0.041419 0.052773
0.03338 0.052654
0.03771 0.052565
0.051852 0.025078
0.044228 0.05277
0.059817 0.023666
0.050124 0.05328
0.047927 0.053159
0.05034 0.053286
0.069225 0.022753
0.058445 0.051707
0.073653 0.025074
0.064456 0.050294
0.068404 0.049642
0.080944 0.027139
0.078139 0.049952
0.090585 0.027606
0.084057 0.051687
0.077968 0.049913
0.081676 0.050872
0.097458 0.03094
0.0857 0.052473
0.10435 0.026748
0.090378 0.053628
0.085588 0.052433
0.091753 0.054263
0.10894 0.032758
0.10939 0.037364
0.11524 0.022717
0.097848 0.057118
0.096611 0.055087
0.09779 0.056011
0.12132 0.032681
0.11644 0.041708
0.13028 0.021986
0.12253 0.044269
0.10018 0.0577
0.1333 0.030654
0.12373 0.050089
0.14016 0.030984
0.1288 0.048942
0.14184 0.038095
0.13344 0.048077
0.1495 0.022928
0.11561 0.060497
0.091011 0.064219
0.1235 0.058613
0.15243 0.024142
0.12928 0.056995
0.15277 0.036905
0.13528 0.056196
0.12794 0.057345
0.13409 0.05603
0.16074 0.024074
0.13641 0.057365
0.15939 0.039381
0.13691 0.05855
0.13667 0.058115
0.16794 0.032562
0.13789 0.060528
0.16516 0.041603
0.15812 0.05028
0.13788 0.060637
0.13635 0.061951
0.17709 0.032336
0.16024 0.050451
0.17872 0.033635
0.15889 0.055522
0.091958 0.068878
0.18515 0.028979
0.082276 0.069575
0.18716 0.03007
0.16939 0.051903
0.083716 0.069488
0.079259 0.06977
0.18447 0.040127
0.058621 0.069116
0.19153 0.035712
0.17221 0.056104
0.065402 0.069475
0.047431 0.068442
0.193 0.037606
0.036132 0.069266
0.19871 0.029711
0.029449 0.073294
0.031476 0.071419
0.19682 0.043518
0.027454 0.076302
0.19865 0.045777
0.099807 0.071704
0.026144 0.079103
0.20168 0.04165
0.062043 0.072442
0.20543 0.034934
0.053315 0.071993
0.02548 0.082072
0.20324 0.046639
0.024974 0.087305
0.20811 0.03359
0.024942 0.088824
0.024959 0.087504
0.024914 0.08831
0.20705 0.046248
0.052009 0.07311
0.16603 0.067853
0.025362 0.087531
0.02499 0.088922
0.21122 0.045633
0.13187 0.072001
0.21543 0.038047
0.053143 0.074934
0.08959 0.075752
0.13325 0.073799
0.21741 0.025984
0.18139 0.063019
0.22985 0.023927
0.22496 0.031051
0.17962 0.06379
0.22531 0.042446
0.19341 0.060957
0.23189 0.048362
0.16855 0.070257
0.092591 0.076863
0.23251 0.048462
0.25607 0.032594
0.23375 0.052432
0.20921 0.059684
0.26507 0.036445
0.25648 0.036237
0.24367 0.04947
0.25848 0.043045
0.25363 0.043377
0.28307 0.036962
0.2719 0.020508
0.26903 0.022126
0.43975 0.020091
0.50246 0.020256
0.23177 0.030068
0.35855 0.020863
0.23862 0.03403
0.32982 0.021939
0.23852 0.034126
0.23813 0.035907
0.28631 0.024764
0.36391 0.021989
0.27501 0.029508
0.30155 0.0245
0.32809 0.022715
0.48191 0.021702
0.27657 0.033489
0.32177 0.024852
0.39339 0.02265
0.39058 0.023158
0.33363 0.025749
0.31188 0.027714
0.44113 0.023016
0.472 0.023523
0.30809 0.028088
0.40523 0.024608
0.70008 0.020338
0.71292 0.022033
0.73907 0.021137
0.75385 0.029467
0.72175 0.023957
0.75675 0.030999
0.71652 0.026394
0.75204 0.031298
0.64724 0.021459
0.67776 0.023102
0.75172 0.031174
0.74366 0.030355
0.64583 0.022127
0.58701 0.021719
0.74481 0.031579
0.73406 0.031553
0.67998 0.024768
0.67692 0.025573
0.73657 0.034029
0.70062 0.028954
0.55104 0.022728
0.66163 0.026572
0.69023 0.028558
0.71876 0.041743
0.61664 0.023793
0.76982 0.021821
0.76002 0.032872
0.77785 0.034536
0.77392 0.045847
0.76437 0.035868
0.77238 0.044304
0.75592 0.033048
0.76153 0.038147
0.80473 0.058896
0.7588 0.037748
0.75876 0.039707
0.82064 0.063091
0.85154 0.069705
0.74219 0.034874
0.74812 0.041832
0.80826 0.061455
0.75731 0.047544
0.73013 0.039976
0.72756 0.043787
0.75745 0.056568
0.78071 0.023999
0.78389 0.044347
0.78572 0.031581
0.82982 0.061742
0.80947 0.057811
0.91379 0.073711
0.81706 0.06229
0.85053 0.069339
0.85059 0.069457
0.80806 0.061414
0.78117 0.058426
0.79198 0.041904
0.86793 0.072579
0.80193 0.047291
0.96146 0.075743
0.9468 0.072362
0.9624 0.076248
0.81298 0.051644
0.90454 0.07287
0.8278 0.057215
0.9652 0.077456
0.96392 0.077206
0.96528 0.077436
0.7948 0.035838
0.96548 0.076934
0.82228 0.052113
0.85227 0.062661
0.96546 0.076497
0.81623 0.047812
0.87032 0.068824
0.8268 0.05209
0.96328 0.072874
0.96257 0.072285
0.79805 0.027004
0.87006 0.066391
0.83387 0.052183
0.95159 0.068871
0.95907 0.070577
0.95188 0.068924
0.80303 0.02406
0.94644 0.068059
0.82866 0.045936
0.93948 0.067304
0.94446 0.0678
0.94022 0.067362
0.8121 0.033083
0.84633 0.053132
0.82676 0.041349
0.90188 0.067706
0.9203 0.067364
0.82329 0.034787
0.8413 0.046899
0.81987 0.028946
0.85274 0.050169
0.89612 0.067462
0.89085 0.066701
0.82494 0.028562
0.88023 0.063598
0.84439 0.041154
0.85675 0.0492
0.83311 0.029348
0.85766 0.048301
0.85038 0.040371
0.87215 0.056732
0.87149 0.056773
0.83973 0.029197
0.87316 0.056551
0.84368 0.028515
0.87745 0.05786
0.87304 0.056562
0.87805 0.058079
0.85025 0.030139
0.88266 0.059462
0.85679 0.032263
0.8885 0.060817
0.88758 0.060639
0.85755 0.025343
0.89318 0.060375
0.86649 0.026535
0.87211 0.03908
0.89157 0.06036
0.89732 0.060552
0.87389 0.028485
0.89929 0.059691
0.88011 0.027243
0.88392 0.03773
0.89975 0.059413
0.90284 0.058131
0.88308 0.025039
0.90533 0.055324
0.89075 0.025488
0.90894 0.054575
0.90566 0.055178
0.91154 0.054366
0.89812 0.022184
0.91348 0.054128
0.90618 0.030771
0.9181 0.053704
0.91925 0.053702
0.91621 0.025056
0.91935 0.03804
0.9193 0.024874
0.93037 0.054103
0.92789 0.053709
0.93211 0.05449
0.92542 0.022672
0.93857 0.05522
0.93515 0.02884
0.94265 0.054293
0.93886 0.05516
0.94475 0.024163
0.94516 0.036099
0.95143 0.030596
0.9492 0.036352
0.94975 0.053123
0.95263 0.053288
0.95869 0.026854
0.96276 0.054489
0.963 0.032069
0.96464 0.054566
0.96278 0.05449
0.96426 0.054552
0.97226 0.02925
0.97181 0.054798
0.97671 0.027582
0.97603 0.038447
0.96992 0.054791
0.97526 0.054542
