340
0.025184 0.020396
0.043605 0.022833
0.088619 0.021038
0.03508 0.026655
0.043375 0.026552
0.10787 0.020473
0.09942 0.024605
0.12203 0.023573
0.06939 0.02815
0.053392 0.026702
0.06243 0.027496
0.15302 0.022521
0.073809 0.029106
0.16532 0.022819
0.079866 0.032454
0.077665 0.030796
0.080091 0.032615
0.17637 0.022328
0.093003 0.033107
0.18093 0.024681
0.11039 0.034638
0.12045 0.031399
0.18622 0.02647
0.14475 0.032084
0.19586 0.026824
0.14843 0.033618
0.14456 0.032037
0.14732 0.03303
0.19502 0.029507
0.14895 0.03401
0.21285 0.025321
0.15235 0.03523
0.14889 0.033983
0.15301 0.035677
0.20824 0.029856
0.19564 0.033593
0.23102 0.021838
0.15727 0.037833
0.15709 0.036987
0.1577 0.037508
0.23572 0.029191
0.20511 0.034848
0.25217 0.021371
0.21581 0.033797
0.15897 0.03897
0.25689 0.027258
0.21064 0.035827
0.26553 0.029011
0.23238 0.035905
0.26582 0.033663
0.25143 0.035648
0.27572 0.022171
0.1721 0.038482
0.12701 0.036678
0.19728 0.036007
0.27908 0.022701
0.22326 0.035785
0.27749 0.031813
0.25596 0.037139
0.21491 0.036426
0.25103 0.03801
0.29609 0.021804
0.25944 0.037625
0.28685 0.030754
0.26148 0.037985
0.2606 0.037838
0.31457 0.02463
0.26541 0.038487
0.30111 0.028963
0.2804 0.036059
0.26544 0.038493
0.2612 0.038087
0.33965 0.026173
0.28296 0.035328
0.34198 0.027362
0.28337 0.036023
0.11898 0.038535
0.35137 0.02609
0.099459 0.039577
0.35431 0.027002
0.30818 0.032048
0.10303 0.039669
0.094837 0.038968
0.34996 0.033605
0.070814 0.033039
0.3607 0.031872
0.3174 0.033151
0.078412 0.037785
0.054605 0.030907
0.36374 0.033146
0.04112 0.03174
0.36928 0.027122
0.041409 0.034257
0.039056 0.033238
0.36818 0.036165
0.045861 0.034831
0.36974 0.036719
0.15484 0.039905
0.049792 0.035147
0.37385 0.036089
0.07759 0.038306
0.37957 0.030217
0.069226 0.034802
0.050081 0.035405
0.376 0.037647
0.048392 0.035623
0.38316 0.028866
0.0483 0.035654
0.048294 0.035627
0.048031 0.035643
0.38209 0.037746
0.069791 0.03589
0.30489 0.035325
0.051876 0.035745
0.048749 0.035659
0.38666 0.036968
0.22411 0.036706
0.39259 0.03357
0.073965 0.037793
0.11368 0.039564
0.24056 0.038364
0.39816 0.02409
0.34209 0.035984
0.41492 0.022402
0.4078 0.027629
0.33649 0.034409
0.40481 0.034537
0.36482 0.037342
0.41109 0.036562
0.31465 0.034128
0.12235 0.038366
0.41215 0.036596
0.43354 0.026519
0.41332 0.037124
0.38445 0.037952
0.44773 0.032817
0.43393 0.029302
0.42106 0.03245
0.44433 0.033064
0.43044 0.031926
0.40634 0.040002
0.45843 0.020416
0.45371 0.021537
0.52574 0.020103
0.53148 0.02025
0.41719 0.025108
0.5113 0.023461
0.423 0.02494
0.50729 0.025416
0.42292 0.024978
0.42226 0.02572
0.47136 0.025415
0.51169 0.027638
0.45835 0.029114
0.48229 0.024642
0.50637 0.026957
0.52969 0.022073
0.44351 0.036341
0.49853 0.028079
0.51845 0.025936
0.51635 0.027914
0.45205 0.036657
0.48053 0.029682
0.52633 0.023411
0.52806 0.024751
0.4743 0.034431
0.52234 0.0272
0.54429 0.021816
0.54649 0.026666
0.56152 0.021582
0.57688 0.028457
0.54794 0.029805
0.58175 0.029133
0.53812 0.040408
0.57541 0.030243
0.53884 0.025526
0.52042 0.040113
0.57504 0.030203
0.56058 0.030796
0.53833 0.028024
0.53561 0.022146
0.56085 0.031548
0.54588 0.0399
0.4781 0.038934
0.46325 0.039179
0.54769 0.039614
0.44211 0.040551
0.53425 0.022804
0.48339 0.03707
0.43033 0.041017
0.42737 0.041525
0.53697 0.027128
0.59491 0.021461
0.5876 0.029988
0.61042 0.028878
0.61464 0.039807
0.59546 0.032739
0.61362 0.039711
0.58131 0.030812
0.59385 0.034141
0.65436 0.04073
0.58945 0.033313
0.59206 0.034898
0.68376 0.03885
0.78132 0.038282
0.55704 0.035312
0.57309 0.038174
0.65865 0.039743
0.5987 0.038224
0.49651 0.040174
0.44864 0.040199
0.60379 0.039112
0.61122 0.022319
0.62663 0.038168
0.623 0.028311
0.70267 0.03977
0.66106 0.038601
0.90058 0.03993
0.67589 0.038959
0.76228 0.037262
0.76325 0.037451
0.65829 0.039827
0.62414 0.038928
0.64012 0.038769
0.80762 0.038022
0.65069 0.041066
0.93757 0.03654
0.92442 0.039009
0.94044 0.036179
0.66761 0.034814
0.89804 0.039822
0.70107 0.038783
0.95579 0.036375
0.9479 0.036046
0.95621 0.036416
0.63685 0.035138
0.95783 0.036542
0.68931 0.033837
0.77985 0.038328
0.95809 0.036558
0.67257 0.032896
0.8234 0.03719
0.70015 0.036121
0.95559 0.036251
0.95473 0.036127
0.6353 0.026322
0.81875 0.037025
0.71377 0.040023
0.95053 0.035367
0.95155 0.035843
0.95036 0.035389
0.64038 0.023162
0.94821 0.034977
0.70041 0.033364
0.93829 0.034404
0.94582 0.03488
0.93933 0.034372
0.656 0.026581
0.74288 0.036741
0.69283 0.02977
0.89982 0.037683
0.923 0.0383
0.68045 0.026973
0.72215 0.037434
0.67169 0.024143
0.75682 0.035142
0.89602 0.039209
0.88481 0.03544
0.68213 0.024052
0.85803 0.033394
0.72317 0.035473
0.77636 0.037565
0.69983 0.024954
0.77754 0.03753
0.73559 0.033893
0.81762 0.035479
0.81382 0.035252
0.71109 0.026149
0.8225 0.036618
0.71683 0.026062
0.8388 0.03487
0.82188 0.036482
0.84071 0.033992
0.72505 0.027255
0.85921 0.033373
0.73809 0.028145
0.87105 0.03461
0.86951 0.034482
0.73651 0.023558
0.88494 0.03496
0.74941 0.024218
0.7881 0.036353
0.88061 0.035023
0.88506 0.032126
0.76235 0.025862
0.89032 0.030582
0.76993 0.027175
0.79878 0.033532
0.8933 0.031395
0.9014 0.035053
0.77302 0.024603
0.9051 0.036011
0.78149 0.024791
0.9116 0.034227
0.90557 0.035684
0.91656 0.032807
0.79028 0.021736
0.92018 0.033078
0.81287 0.026307
0.92668 0.032289
0.92815 0.031983
0.81701 0.023091
0.89423 0.026083
0.82131 0.023262
0.94633 0.031146
0.94131 0.030089
0.95073 0.031619
0.82906 0.021817
0.96 0.033794
0.85989 0.023713
0.96132 0.033247
0.96013 0.033792
0.87166 0.021541
0.91917 0.026426
0.90539 0.024864
0.92399 0.026115
0.96369 0.032384
0.96541 0.032578
0.91024 0.022809
0.9712 0.032706
0.93407 0.023415
0.97209 0.032611
0.97121 0.032706
0.97192 0.032628
0.95875 0.022944
0.97577 0.032555
0.97085 0.022729
0.97368 0.026557
0.97479 0.032551
0.9775 0.032423
