340
0.025564 0.020369
0.045111 0.022727
0.087766 0.021153
0.036186 0.026283
0.044874 0.026305
0.10716 0.020433
0.097692 0.024534
0.12217 0.023435
0.07046 0.028842
0.055173 0.026708
0.063977 0.027855
0.1537 0.022312
0.074577 0.029991
0.16847 0.022439
0.079822 0.033869
0.077996 0.031958
0.080008 0.034056
0.18053 0.02232
0.091268 0.033966
0.18477 0.024934
0.10948 0.033498
0.12035 0.030881
0.18968 0.027042
0.14497 0.031869
0.19844 0.027622
0.14823 0.033082
0.14478 0.03185
0.14727 0.032556
0.19752 0.030598
0.14865 0.033424
0.21329 0.025877
0.1517 0.034197
0.1486 0.033403
0.1523 0.034532
0.20907 0.031174
0.19725 0.035197
0.23092 0.021749
0.15718 0.035858
0.15712 0.035113
0.15783 0.035487
0.23593 0.028931
0.20518 0.036941
0.25226 0.02142
0.21414 0.035264
0.1592 0.03659
0.25694 0.027453
0.20963 0.038001
0.26541 0.02938
0.23065 0.035096
0.26571 0.034263
0.25162 0.036261
0.27495 0.022312
0.17611 0.037365
0.12664 0.036063
0.19827 0.037989
0.27798 0.022889
0.22072 0.036642
0.27606 0.032678
0.25624 0.037662
0.21264 0.038379
0.25126 0.03874
0.29411 0.022036
0.25961 0.038036
0.28492 0.031413
0.26158 0.038328
0.26073 0.038211
0.30921 0.025704
0.26536 0.039252
0.29845 0.030621
0.27799 0.037419
0.26539 0.039261
0.26132 0.038443
0.3305 0.027259
0.28043 0.036678
0.33259 0.028722
0.28067 0.03736
0.118 0.037598
0.34041 0.027068
0.096274 0.039576
0.34286 0.027941
0.30336 0.034967
0.1003 0.03878
0.092014 0.040001
0.33825 0.036316
0.071689 0.034198
0.3473 0.033123
0.31004 0.036275
0.078228 0.039733
0.05642 0.030987
0.34978 0.034428
0.042555 0.03124
0.35692 0.027494
0.042852 0.033658
0.040426 0.032615
0.35362 0.037679
0.047426 0.034352
0.35505 0.038107
0.15341 0.038136
0.051465 0.03488
0.35937 0.036692
0.077507 0.040267
0.36624 0.030892
0.070163 0.03605
0.051761 0.035156
0.36106 0.038326
0.050026 0.035244
0.36983 0.029246
0.049931 0.035268
0.049925 0.03524
0.049655 0.035237
0.36696 0.03884
0.070646 0.037257
0.30003 0.038655
0.053605 0.035635
0.050392 0.035306
0.37161 0.037716
0.22132 0.03737
0.37825 0.032688
0.074389 0.039527
0.11257 0.038216
0.24085 0.038376
0.38565 0.023552
0.33097 0.038959
0.40446 0.022135
0.39677 0.02688
0.32676 0.036775
0.39284 0.032927
0.34931 0.039165
0.4 0.035146
0.30788 0.037632
0.12153 0.037671
0.40115 0.035157
0.42627 0.025537
0.40242 0.035529
0.36949 0.038964
0.44228 0.031617
0.42673 0.027933
0.41119 0.03076
0.43877 0.031739
0.42269 0.030053
0.39394 0.037646
0.45423 0.020389
0.44889 0.021427
0.52314 0.02009
0.52996 0.020218
0.40693 0.024482
0.50786 0.023592
0.41355 0.024235
0.50397 0.025573
0.41346 0.024269
0.41268 0.024915
0.46735 0.025403
0.50823 0.027903
0.45415 0.028513
0.47821 0.024469
0.50308 0.027137
0.52784 0.021754
0.43823 0.034702
0.49553 0.028066
0.51475 0.025609
0.51276 0.027637
0.4472 0.035345
0.47636 0.029371
0.52384 0.022959
0.5259 0.024042
0.46961 0.034135
0.51903 0.026528
0.54366 0.021807
0.54583 0.02673
0.56146 0.021518
0.5771 0.028373
0.54716 0.029723
0.58212 0.028985
0.53541 0.038377
0.5761 0.030179
0.53829 0.025211
0.51395 0.038958
0.5757 0.030144
0.56065 0.030387
0.5378 0.027527
0.53488 0.021958
0.56103 0.031112
0.54381 0.039005
0.47249 0.038253
0.45848 0.038561
0.54583 0.038804
0.43708 0.038444
0.53327 0.022522
0.47849 0.036562
0.42339 0.03786
0.4197 0.038412
0.53639 0.026597
0.59536 0.02145
0.58836 0.029753
0.61138 0.028398
0.61626 0.039437
0.5971 0.032754
0.61524 0.039227
0.58229 0.030663
0.59598 0.034307
0.65566 0.039833
0.59138 0.033317
0.59453 0.03521
0.68608 0.036973
0.79046 0.038308
0.55675 0.034922
0.57667 0.037709
0.66063 0.039676
0.60169 0.038316
0.4949 0.039707
0.44352 0.038145
0.60579 0.038711
0.61223 0.022222
0.62689 0.039578
0.62402 0.02875
0.7073 0.035925
0.66314 0.038846
0.90154 0.039023
0.67703 0.038379
0.77295 0.038314
0.7738 0.038607
0.66023 0.039705
0.62472 0.039901
0.63836 0.039118
0.81909 0.037645
0.65092 0.039687
0.93905 0.036327
0.92512 0.039123
0.94205 0.03619
0.66873 0.03534
0.89837 0.038926
0.70481 0.035435
0.95639 0.036936
0.94901 0.036572
0.95679 0.036963
0.63596 0.035751
0.95831 0.037032
0.69146 0.032268
0.78872 0.038547
0.95855 0.03704
0.67322 0.03303
0.83541 0.037889
0.7036 0.03332
0.9562 0.036815
0.95539 0.036718
0.63523 0.02661
0.8302 0.037255
0.72629 0.035997
0.9514 0.036022
0.95241 0.036557
0.95125 0.036037
0.64005 0.023167
0.94919 0.035479
0.70384 0.030968
0.93956 0.034249
0.94694 0.035221
0.94067 0.034287
0.65681 0.026368
0.75527 0.036611
0.69493 0.028548
0.90042 0.03678
0.92367 0.038559
0.68084 0.026592
0.73688 0.0357
0.67208 0.024227
0.76801 0.035545
0.89609 0.039033
0.88562 0.037913
0.68281 0.02377
0.86551 0.037413
0.73663 0.034057
0.7855 0.038323
0.70294 0.024069
0.78649 0.038165
0.74819 0.033969
0.82889 0.035602
0.82536 0.035159
0.71746 0.024698
0.83438 0.037264
0.72505 0.025007
0.85046 0.037488
0.83369 0.03698
0.85207 0.036807
0.73446 0.026582
0.86647 0.037378
0.7477 0.02807
0.87511 0.038653
0.87396 0.038459
0.74616 0.023538
0.88571 0.037319
0.75909 0.024206
0.7978 0.034509
0.88233 0.038415
0.88578 0.033975
0.77188 0.026127
0.89005 0.031318
0.7791 0.027735
0.81023 0.032151
0.89321 0.031625
0.90228 0.034369
0.78194 0.024862
0.90636 0.035612
0.78957 0.02485
0.91277 0.034531
0.90684 0.035326
0.91737 0.033281
0.79914 0.021515
0.92083 0.033454
0.82406 0.026247
0.92697 0.032252
0.92848 0.031862
0.82809 0.023079
0.8942 0.026133
0.83254 0.023303
0.94702 0.031401
0.94218 0.030094
0.95127 0.032105
0.83992 0.021907
0.96022 0.034136
0.86601 0.024794
0.96144 0.033537
0.96034 0.034131
0.87491 0.021956
0.91966 0.026646
0.90619 0.024716
0.92413 0.026177
0.96373 0.032589
0.96546 0.032738
0.91111 0.022803
0.97123 0.032705
0.9346 0.023306
0.97212 0.032609
0.97124 0.032704
0.97194 0.032625
0.95889 0.023026
0.97578 0.032552
0.97084 0.02273
0.97368 0.026555
0.9748 0.032549
0.97751 0.03242
