340
0.025462 0.020376
0.04481 0.022716
0.090856 0.021026
0.03589 0.026341
0.044571 0.026281
0.1105 0.020459
0.10179 0.024506
0.12516 0.023426
0.071359 0.028022
0.054974 0.026482
0.06429 0.027324
0.15725 0.022476
0.075848 0.028972
0.16976 0.022778
0.082 0.032285
0.079764 0.030645
0.082227 0.032444
0.18095 0.022304
0.095292 0.032908
0.18555 0.024641
0.11311 0.034173
0.12351 0.030943
0.19087 0.026426
0.14882 0.031793
0.20058 0.026771
0.15257 0.033352
0.14862 0.031744
0.15144 0.032761
0.19973 0.029434
0.1531 0.033741
0.21773 0.025254
0.15657 0.034955
0.15304 0.033714
0.15723 0.035397
0.21307 0.02975
0.20035 0.033487
0.23621 0.021801
0.16158 0.037535
0.1614 0.036702
0.16202 0.037217
0.241 0.028987
0.2099 0.034701
0.25789 0.021336
0.22072 0.033606
0.16332 0.038662
0.26274 0.027088
0.2155 0.035642
0.27155 0.028836
0.2376 0.035577
0.27185 0.033401
0.25713 0.035247
0.28194 0.022156
0.17662 0.038266
0.13039 0.035921
0.202 0.035876
0.28528 0.022694
0.2283 0.035518
0.2837 0.031757
0.26179 0.036732
0.21982 0.036205
0.25672 0.037546
0.30212 0.021895
0.26533 0.037231
0.29302 0.030883
0.26742 0.037598
0.26652 0.037448
0.3191 0.025433
0.27143 0.038125
0.30673 0.029607
0.28659 0.036041
0.27147 0.038132
0.26713 0.037696
0.33859 0.027745
0.28914 0.035359
0.34047 0.02919
0.28954 0.036064
0.12197 0.037816
0.34837 0.027084
0.10183 0.039157
0.35084 0.027857
0.31312 0.03343
0.10551 0.039178
0.097147 0.038646
0.34537 0.036628
0.072806 0.03284
0.355 0.032781
0.32111 0.035756
0.080523 0.037539
0.056233 0.030563
0.35745 0.033834
0.042229 0.031237
0.36532 0.026865
0.042529 0.033648
0.040078 0.032651
0.3612 0.036523
0.047153 0.034244
0.36274 0.036762
0.1591 0.039559
0.051235 0.03459
0.36769 0.035042
0.079688 0.038049
0.37583 0.029525
0.071192 0.034569
0.051535 0.034843
0.36959 0.036342
0.049781 0.035033
0.38014 0.028265
0.049686 0.035062
0.04968 0.035035
0.049406 0.035048
0.37653 0.036509
0.071767 0.035644
0.31003 0.036676
0.053399 0.035201
0.050152 0.035072
0.38225 0.035886
0.22916 0.036417
0.38955 0.032374
0.076006 0.037532
0.1165 0.03889
0.24595 0.037914
0.39633 0.023787
0.33809 0.040222
0.41413 0.022247
0.40671 0.027243
0.33494 0.038329
0.40307 0.033692
0.35658 0.038474
0.40927 0.03587
0.31887 0.036579
0.1255 0.037603
0.41036 0.03586
0.43505 0.025792
0.41148 0.036232
0.37956 0.03668
0.45013 0.032614
0.43551 0.02829
0.42027 0.031305
0.44669 0.032561
0.43137 0.030353
0.40403 0.038851
0.46115 0.02042
0.45627 0.021524
0.52789 0.020107
0.53352 0.02026
0.4165 0.024722
0.5142 0.023695
0.42288 0.024431
0.51043 0.025709
0.42279 0.024467
0.42202 0.025151
0.47351 0.025598
0.51456 0.028148
0.46107 0.029196
0.48436 0.024435
0.50957 0.027283
0.53177 0.022136
0.44585 0.035655
0.50213 0.027956
0.52087 0.02624
0.51894 0.028359
0.4544 0.03645
0.48242 0.029376
0.52847 0.023526
0.53016 0.024893
0.47554 0.03465
0.52456 0.027507
0.54532 0.02204
0.54727 0.027533
0.56149 0.021604
0.5768 0.028691
0.54845 0.030824
0.58155 0.029434
0.53749 0.041577
0.57571 0.030534
0.54044 0.026014
0.51995 0.040668
0.57532 0.030489
0.56064 0.031015
0.53999 0.028706
0.53757 0.022291
0.56099 0.031762
0.54486 0.041542
0.47817 0.03883
0.46497 0.039769
0.54673 0.041082
0.44441 0.039531
0.53624 0.022968
0.48447 0.036284
0.43051 0.038169
0.42665 0.038942
0.53882 0.027673
0.59403 0.021499
0.58733 0.030383
0.60998 0.028295
0.61448 0.03894
0.5951 0.033078
0.61339 0.038783
0.58156 0.031189
0.5938 0.034696
0.6556 0.039898
0.58967 0.033937
0.59231 0.035673
0.68486 0.039987
0.77515 0.039155
0.55692 0.036031
0.57574 0.038256
0.66066 0.039556
0.59847 0.038456
0.50084 0.039483
0.45089 0.039718
0.60315 0.038683
0.61084 0.022188
0.62626 0.038576
0.62294 0.028366
0.70141 0.039048
0.66325 0.038639
0.89515 0.039335
0.67779 0.039882
0.75825 0.038915
0.7592 0.039097
0.66024 0.039601
0.62385 0.038985
0.6391 0.038714
0.80099 0.037961
0.65116 0.039889
0.93404 0.035406
0.91998 0.037965
0.93711 0.035039
0.66881 0.03523
0.89254 0.039267
0.69935 0.038423
0.95373 0.035104
0.94518 0.034836
0.95419 0.035141
0.63611 0.035271
0.95595 0.035256
0.68894 0.03471
0.77387 0.039376
0.95623 0.035271
0.67324 0.033494
0.8168 0.037157
0.69848 0.03594
0.95352 0.03499
0.95259 0.034876
0.63484 0.0264
0.81215 0.036992
0.71671 0.03921
0.94803 0.034182
0.94915 0.034617
0.94786 0.034203
0.63976 0.023136
0.94552 0.033844
0.69881 0.033166
0.93482 0.03341
0.94293 0.033778
0.93593 0.03337
0.65621 0.02638
0.74093 0.039511
0.69181 0.030281
0.89437 0.037164
0.91848 0.037329
0.68011 0.027337
0.72538 0.039151
0.67172 0.024324
0.75295 0.0367
0.89047 0.0387
0.87899 0.035105
0.68176 0.02427
0.85171 0.033187
0.7255 0.037139
0.77076 0.038939
0.69833 0.0249
0.77179 0.038797
0.73476 0.036782
0.81101 0.035449
0.8072 0.035253
0.71068 0.025522
0.81591 0.036587
0.71708 0.025996
0.83223 0.034759
0.81528 0.036451
0.83415 0.033874
0.72487 0.028112
0.85291 0.033162
0.73551 0.029743
0.86496 0.034338
0.86338 0.034217
0.73421 0.024286
0.87913 0.034636
0.74523 0.024788
0.78136 0.036415
0.87471 0.034713
0.87925 0.031862
0.7569 0.026392
0.88463 0.030339
0.76402 0.027742
0.79221 0.033285
0.88768 0.031115
0.896 0.034594
0.76686 0.024952
0.89982 0.03548
0.77464 0.025018
0.90658 0.033682
0.90031 0.035158
0.91174 0.032236
0.78332 0.021719
0.9155 0.032432
0.80624 0.026312
0.9224 0.031578
0.92397 0.031267
0.8104 0.023085
0.88864 0.02593
0.81472 0.023256
0.94348 0.030317
0.93804 0.029373
0.94825 0.030722
0.82246 0.021814
0.9583 0.03272
0.8536 0.023654
0.95973 0.032215
0.95844 0.032718
0.86558 0.021512
0.91446 0.026117
0.90012 0.024702
0.91952 0.025783
0.9623 0.031417
0.96417 0.031595
0.90516 0.022706
0.97046 0.031711
0.9303 0.023189
0.97142 0.031623
0.97046 0.03171
0.97123 0.031638
0.95695 0.022715
0.97541 0.031571
0.97007 0.022515
0.97314 0.026043
0.97435 0.031568
0.97729 0.031449
