340
0.025654 0.020363
0.045648 0.022637
0.093183 0.020989
0.036448 0.026137
0.045403 0.026097
0.11358 0.020441
0.10453 0.024339
0.12879 0.02331
0.073004 0.027766
0.056103 0.026295
0.065705 0.027099
0.16166 0.022433
0.077639 0.028679
0.17438 0.022734
0.084003 0.031868
0.081685 0.030288
0.084239 0.032021
0.18573 0.022283
0.097781 0.032441
0.19036 0.024611
0.11629 0.033651
0.12707 0.03057
0.19571 0.026409
0.15308 0.031582
0.20541 0.026796
0.15689 0.033117
0.15288 0.031534
0.15575 0.032536
0.20457 0.029464
0.15743 0.0335
0.2224 0.025372
0.16097 0.034693
0.15737 0.033473
0.16164 0.035128
0.21781 0.02991
0.20519 0.033536
0.24026 0.021927
0.16607 0.037231
0.16588 0.036412
0.16652 0.036919
0.24463 0.029775
0.21466 0.03488
0.25983 0.02143
0.22526 0.033967
0.16783 0.038339
0.26455 0.027463
0.22021 0.035949
0.27306 0.029396
0.24129 0.03674
0.2736 0.034303
0.25845 0.036391
0.28262 0.022519
0.18137 0.038052
0.1342 0.035422
0.20683 0.035951
0.28527 0.023237
0.23248 0.036136
0.28429 0.033952
0.26309 0.037699
0.22437 0.036616
0.25784 0.0389
0.29858 0.022292
0.26685 0.037995
0.29133 0.033632
0.26907 0.038241
0.26811 0.038144
0.31339 0.025646
0.27344 0.03928
0.30235 0.03141
0.28664 0.039499
0.27348 0.039294
0.26877 0.038361
0.33397 0.027667
0.28841 0.039056
0.33593 0.029207
0.2887 0.039993
0.12548 0.037201
0.34339 0.027447
0.10457 0.038446
0.34571 0.028362
0.30753 0.035149
0.1084 0.038456
0.099704 0.037966
0.34115 0.037193
0.074498 0.032426
0.3497 0.033793
0.31476 0.036163
0.082472 0.036949
0.057398 0.030256
0.35196 0.035037
0.042994 0.030899
0.35904 0.027631
0.043303 0.033239
0.040781 0.032262
0.35533 0.03816
0.048058 0.033838
0.35662 0.038504
0.16354 0.039218
0.052258 0.03418
0.36077 0.036839
0.081607 0.037445
0.36835 0.030737
0.072832 0.034105
0.052565 0.034425
0.36229 0.038395
0.050762 0.034614
0.3722 0.029042
0.050663 0.034642
0.050657 0.034617
0.050376 0.034629
0.36807 0.038674
0.073425 0.035144
0.30401 0.039641
0.054483 0.034767
0.051143 0.034651
0.37288 0.037325
0.23328 0.037118
0.38026 0.032728
0.077802 0.036957
0.11982 0.038211
0.24844 0.039815
0.38797 0.02366
0.33459 0.040001
0.40596 0.02226
0.39868 0.027206
0.33079 0.037733
0.39416 0.033446
0.35123 0.040039
0.40043 0.035907
0.31253 0.03736
0.12913 0.037011
0.40151 0.035948
0.42674 0.025691
0.40259 0.036369
0.37058 0.038524
0.44226 0.032136
0.42719 0.028147
0.4118 0.031387
0.43875 0.03216
0.42306 0.030401
0.39428 0.038355
0.45359 0.020421
0.44861 0.021514
0.52375 0.020087
0.531 0.020205
0.40828 0.024761
0.50844 0.023564
0.41451 0.024461
0.50461 0.025367
0.41442 0.024498
0.41368 0.025187
0.46569 0.02575
0.50881 0.027864
0.45351 0.029206
0.47614 0.024366
0.50373 0.026828
0.52874 0.021664
0.43788 0.035199
0.49547 0.027265
0.51524 0.025584
0.51327 0.027658
0.44663 0.036201
0.47436 0.0293
0.5245 0.022849
0.52668 0.023862
0.46741 0.034993
0.51945 0.0264
0.54546 0.021734
0.5477 0.026479
0.56376 0.021514
0.5791 0.029148
0.54907 0.029379
0.58352 0.030201
0.53633 0.037406
0.5782 0.031033
0.53985 0.024959
0.51389 0.038934
0.5778 0.03096
0.56298 0.030338
0.53933 0.027158
0.53623 0.021854
0.56339 0.031069
0.54542 0.038235
0.46967 0.039101
0.457 0.039898
0.54756 0.038097
0.43624 0.039039
0.53451 0.022381
0.47559 0.036083
0.42177 0.038309
0.41774 0.03904
0.53783 0.026261
0.59452 0.021658
0.58872 0.031598
0.60982 0.028192
0.61428 0.03868
0.59571 0.034363
0.61321 0.038532
0.58379 0.032125
0.59472 0.036282
0.65732 0.038463
0.59114 0.035799
0.59354 0.037542
0.6885 0.037714
0.78476 0.037735
0.55906 0.0347
0.57962 0.039314
0.66269 0.038521
0.59888 0.039809
0.49506 0.037727
0.443 0.038991
0.60314 0.039397
0.61069 0.022161
0.62585 0.038245
0.62296 0.028224
0.70766 0.038704
0.66531 0.037838
0.89159 0.03956
0.67977 0.038362
0.76675 0.038761
0.76759 0.039012
0.66228 0.038532
0.62346 0.038663
0.63847 0.037604
0.8112 0.039871
0.65217 0.038134
0.93147 0.034643
0.91674 0.037338
0.93469 0.034285
0.67113 0.034713
0.88903 0.039623
0.70557 0.037889
0.95223 0.034296
0.9432 0.034064
0.95272 0.034331
0.63586 0.034508
0.95458 0.034438
0.69357 0.033208
0.7829 0.038071
0.95487 0.034452
0.6758 0.032772
0.82602 0.039738
0.70456 0.035338
0.95201 0.034188
0.95103 0.034081
0.63511 0.026089
0.8211 0.039042
0.72382 0.03828
0.94621 0.033435
0.94739 0.033844
0.94603 0.033456
0.64034 0.022916
0.94356 0.033123
0.70476 0.032647
0.93228 0.032744
0.94082 0.033068
0.93345 0.032702
0.65857 0.025944
0.74987 0.038146
0.69685 0.029385
0.89082 0.037393
0.9152 0.036756
0.68355 0.026711
0.73325 0.037523
0.67462 0.02412
0.76184 0.036196
0.887 0.039196
0.87606 0.036204
0.68541 0.023873
0.85302 0.036657
0.73303 0.035693
0.77943 0.038041
0.704 0.02467
0.78048 0.037828
0.74345 0.035449
0.81981 0.037164
0.81643 0.036818
0.71618 0.025497
0.82501 0.039011
0.72271 0.025741
0.83913 0.039298
0.82435 0.03878
0.84048 0.038108
0.7311 0.027361
0.85392 0.036467
0.74301 0.028929
0.86347 0.036608
0.86206 0.036645
0.74162 0.023919
0.87617 0.035693
0.75332 0.024532
0.79231 0.034907
0.87221 0.036038
0.87624 0.032714
0.76556 0.026296
0.88123 0.030857
0.7726 0.027776
0.80334 0.033901
0.88424 0.031534
0.89242 0.034738
0.77539 0.024845
0.89618 0.035505
0.78324 0.024717
0.90298 0.033505
0.89665 0.035167
0.90828 0.031944
0.79316 0.021575
0.91214 0.032065
0.81505 0.026954
0.91924 0.031141
0.92088 0.03082
0.81884 0.023393
0.88518 0.026131
0.82294 0.023676
0.94141 0.029784
0.93568 0.0289
0.94644 0.030156
0.82967 0.022145
0.95706 0.032037
0.85392 0.024556
0.95857 0.031559
0.9572 0.032036
0.86377 0.021745
0.91107 0.025944
0.89647 0.024706
0.91627 0.025584
0.96129 0.030803
0.96326 0.03097
0.90153 0.022679
0.96991 0.031076
0.92753 0.023038
0.97093 0.030993
0.96992 0.031076
0.97073 0.031008
0.95563 0.02257
0.97515 0.030944
0.9695 0.022379
0.97275 0.025716
0.97402 0.030941
0.97714 0.030829
