340
0.025541 0.02037
0.045154 0.022683
0.091762 0.021012
0.036119 0.026256
0.044912 0.026205
0.11169 0.020452
0.10285 0.024443
0.12656 0.023379
0.072015 0.027926
0.055435 0.026407
0.06486 0.027238
0.15896 0.022458
0.076558 0.028862
0.17156 0.022757
0.082787 0.032128
0.080521 0.030511
0.083017 0.032286
0.18283 0.022291
0.096258 0.032733
0.18745 0.024619
0.11433 0.033971
0.12487 0.030794
0.19279 0.026402
0.15047 0.031709
0.20253 0.026753
0.15424 0.033257
0.15027 0.03166
0.15311 0.032671
0.20169 0.029408
0.15478 0.033643
0.21972 0.025256
0.15827 0.034847
0.15471 0.033617
0.15894 0.035285
0.21505 0.029745
0.20231 0.033452
0.23814 0.021819
0.16332 0.037405
0.16314 0.036579
0.16377 0.03709
0.24288 0.029112
0.21188 0.034682
0.25943 0.021377
0.2227 0.033622
0.16507 0.038523
0.2641 0.027344
0.21748 0.035642
0.27254 0.029266
0.23953 0.035746
0.27283 0.034064
0.25868 0.035704
0.28239 0.022315
0.17848 0.038152
0.13186 0.035714
0.20396 0.035838
0.28545 0.022915
0.23025 0.035564
0.28398 0.032675
0.26319 0.03732
0.2218 0.036221
0.25828 0.038063
0.30076 0.022132
0.26658 0.037904
0.29249 0.031986
0.26857 0.038326
0.26771 0.038152
0.31557 0.025638
0.27241 0.039002
0.30478 0.030921
0.28653 0.037402
0.27245 0.039011
0.2683 0.038423
0.33702 0.027109
0.28884 0.036757
0.33913 0.02852
0.28919 0.037541
0.12332 0.037571
0.34725 0.026838
0.10289 0.038889
0.34978 0.02766
0.30998 0.035059
0.10662 0.038906
0.098138 0.03839
0.3446 0.035829
0.073479 0.032684
0.35415 0.032523
0.31663 0.036061
0.08129 0.037318
0.056709 0.030441
0.35667 0.033593
0.042543 0.031096
0.36453 0.026807
0.042847 0.033478
0.040368 0.032489
0.36051 0.036308
0.047524 0.034076
0.36205 0.036573
0.16083 0.039416
0.051654 0.034424
0.36696 0.034957
0.080444 0.037822
0.37506 0.029575
0.071846 0.034394
0.051956 0.034673
0.36887 0.036286
0.050183 0.034862
0.37939 0.028359
0.050086 0.03489
0.05008 0.034864
0.049804 0.034876
0.37579 0.036612
0.072427 0.035456
0.30704 0.039084
0.053842 0.035027
0.050558 0.0349
0.38145 0.036116
0.23112 0.036473
0.38856 0.032682
0.076717 0.037316
0.11777 0.038625
0.24773 0.038242
0.39516 0.02393
0.33712 0.038548
0.41201 0.022402
0.40505 0.027665
0.33307 0.036508
0.40161 0.034391
0.35593 0.038138
0.40733 0.036874
0.31456 0.037394
0.12689 0.037364
0.40833 0.036892
0.43143 0.026108
0.40936 0.037313
0.37881 0.036857
0.44649 0.031702
0.43185 0.028709
0.4177 0.03214
0.44267 0.032019
0.42798 0.031202
0.40245 0.039849
0.45875 0.0204
0.45344 0.02142
0.52477 0.020089
0.53187 0.02021
0.41424 0.025057
0.50963 0.023608
0.42019 0.024768
0.50582 0.025654
0.42011 0.024807
0.4194 0.025539
0.47124 0.025665
0.51 0.027929
0.45867 0.028748
0.48171 0.024831
0.50495 0.027258
0.52965 0.021699
0.44135 0.035131
0.49737 0.028385
0.51638 0.025648
0.51443 0.027736
0.45097 0.035197
0.48002 0.030085
0.5255 0.0229
0.52763 0.023938
0.47336 0.035034
0.52055 0.026492
0.54588 0.021807
0.54801 0.026772
0.56329 0.021603
0.57769 0.029359
0.54932 0.029819
0.5821 0.030216
0.53703 0.037929
0.57685 0.031335
0.54052 0.025131
0.51445 0.039127
0.57647 0.031281
0.56255 0.030943
0.54002 0.027402
0.53698 0.021909
0.56294 0.031721
0.54583 0.039002
0.47613 0.039677
0.46247 0.03909
0.54788 0.038911
0.43919 0.039191
0.5353 0.022447
0.48197 0.037731
0.4265 0.039665
0.42303 0.040425
0.53855 0.026461
0.59348 0.021591
0.58748 0.031322
0.60969 0.027623
0.61448 0.0375
0.5947 0.033745
0.61333 0.03733
0.58238 0.032126
0.59368 0.035612
0.65824 0.039004
0.58998 0.035255
0.59246 0.036859
0.68912 0.038381
0.77887 0.039898
0.55885 0.035515
0.57818 0.039712
0.66349 0.03908
0.59798 0.03884
0.49619 0.040629
0.44668 0.038247
0.60251 0.038293
0.61062 0.022012
0.6267 0.03743
0.6237 0.027818
0.70848 0.03935
0.66606 0.038384
0.89319 0.039047
0.68028 0.039
0.75971 0.038761
0.76063 0.038913
0.66309 0.03909
0.62422 0.037759
0.63984 0.037449
0.80123 0.039967
0.65322 0.038651
0.93288 0.035027
0.91847 0.037572
0.93602 0.034669
0.67172 0.035187
0.89054 0.038995
0.70633 0.038511
0.95307 0.034731
0.94431 0.034469
0.95354 0.034768
0.63712 0.034252
0.95535 0.03488
0.69371 0.033694
0.77741 0.039875
0.95563 0.034894
0.67623 0.0332
0.81569 0.038193
0.70488 0.035891
0.95286 0.03462
0.9519 0.034509
0.63634 0.025966
0.81142 0.038159
0.72315 0.04077
0.94723 0.033832
0.94837 0.034256
0.94705 0.033852
0.64171 0.022909
0.94465 0.033502
0.7046 0.03312
0.93368 0.03308
0.942 0.033438
0.93482 0.033041
0.65945 0.026119
0.74363 0.040048
0.69646 0.029744
0.89239 0.036913
0.91694 0.036957
0.68365 0.026949
0.73013 0.040701
0.67501 0.024256
0.75493 0.036685
0.88844 0.038449
0.87682 0.034974
0.68544 0.024013
0.8495 0.033263
0.72993 0.038532
0.77381 0.038891
0.70334 0.024851
0.77497 0.038926
0.73795 0.037511
0.81034 0.036542
0.80682 0.036555
0.71507 0.025935
0.81487 0.037615
0.72112 0.026451
0.83039 0.035251
0.81429 0.037489
0.83224 0.034297
0.72818 0.028729
0.85069 0.033228
0.73817 0.030153
0.86271 0.034312
0.86112 0.034204
0.73695 0.024482
0.87695 0.034508
0.7477 0.024863
0.78466 0.037949
0.87251 0.034611
0.87707 0.031759
0.75926 0.02633
0.88252 0.030225
0.7666 0.027573
0.79354 0.035267
0.88561 0.030979
0.89404 0.034373
0.7695 0.02482
0.89792 0.035228
0.77748 0.025167
0.90481 0.033432
0.89841 0.034909
0.91006 0.031994
0.78558 0.021901
0.9139 0.032174
0.80576 0.026878
0.92095 0.031318
0.92256 0.031009
0.80964 0.023308
0.88658 0.025855
0.81367 0.023465
0.94256 0.030063
0.93699 0.029142
0.94745 0.030457
0.82094 0.021905
0.95775 0.032407
0.85137 0.023671
0.95922 0.031914
0.9579 0.032405
0.86333 0.021509
0.91284 0.025992
0.89822 0.024625
0.91801 0.025657
0.96186 0.031137
0.96377 0.031311
0.90336 0.022657
0.97022 0.031424
0.92905 0.023111
0.97121 0.031339
0.97022 0.031423
0.97101 0.031353
0.95637 0.022649
0.97529 0.031288
0.96982 0.022453
0.97297 0.025895
0.9742 0.031285
0.97722 0.031169
