340
0.024211 0.020487
0.039248 0.023426
0.082627 0.020904
0.03225 0.028139
0.039053 0.027927
0.10491 0.020418
0.095304 0.023988
0.12036 0.023689
0.061774 0.028244
0.047414 0.027964
0.055009 0.028203
0.14898 0.022462
0.066397 0.028763
0.16157 0.022771
0.072737 0.03144
0.070431 0.030045
0.072972 0.031573
0.17273 0.022338
0.087835 0.031212
0.17735 0.024789
0.10808 0.033051
0.11919 0.031571
0.18241 0.026757
0.14027 0.032539
0.19141 0.027326
0.14395 0.033723
0.14007 0.032511
0.14285 0.033246
0.19063 0.030202
0.14445 0.03406
0.20718 0.025746
0.14792 0.034908
0.14439 0.03404
0.14857 0.035309
0.2029 0.03063
0.1912 0.034592
0.22425 0.021918
0.1529 0.037444
0.15276 0.036616
0.15337 0.037131
0.2288 0.029487
0.2 0.035996
0.24506 0.021355
0.20992 0.034859
0.15464 0.038573
0.24989 0.027137
0.20513 0.037086
0.25866 0.028981
0.22557 0.036545
0.25896 0.033623
0.24431 0.035498
0.26876 0.022205
0.16828 0.038272
0.12506 0.038258
0.19273 0.037193
0.27208 0.022812
0.21682 0.03674
0.27051 0.032129
0.24894 0.036841
0.20909 0.037717
0.2439 0.037856
0.28728 0.022156
0.25249 0.0374
0.27961 0.031962
0.25457 0.037812
0.25368 0.037643
0.30225 0.025849
0.25854 0.03842
0.29144 0.030968
0.27339 0.036911
0.25858 0.038428
0.25429 0.037906
0.32239 0.027323
0.27591 0.036501
0.32437 0.028644
0.27631 0.037309
0.11847 0.038538
0.33251 0.026917
0.095682 0.036964
0.33511 0.027884
0.29721 0.034995
0.099945 0.037202
0.090156 0.036239
0.33128 0.035517
0.063267 0.032976
0.34085 0.033116
0.30447 0.036688
0.071223 0.036476
0.048425 0.032885
0.34362 0.0344
0.037165 0.034247
0.34872 0.027686
0.037404 0.037294
0.03548 0.036108
0.3477 0.037495
0.041136 0.037886
0.34915 0.038019
0.15021 0.03944
0.044413 0.038174
0.35298 0.03713
0.070364 0.037039
0.35838 0.030671
0.061606 0.035
0.044653 0.038476
0.355 0.038658
0.043245 0.038779
0.36183 0.029137
0.043169 0.038819
0.043164 0.038786
0.042945 0.038812
0.36079 0.038364
0.062198 0.035998
0.29455 0.038924
0.04615 0.03881
0.043543 0.038814
0.36527 0.037238
0.2176 0.037685
0.37118 0.033403
0.066568 0.037092
0.11234 0.038256
0.23348 0.03872
0.37686 0.023917
0.32447 0.038757
0.39517 0.022114
0.38726 0.026963
0.31971 0.037341
0.38403 0.033444
0.34461 0.038939
0.39115 0.034897
0.30231 0.03785
0.12147 0.039108
0.39236 0.034838
0.41768 0.025312
0.39371 0.0352
0.3631 0.038405
0.43536 0.031138
0.41817 0.02759
0.40228 0.030522
0.43141 0.031132
0.41402 0.029599
0.38587 0.038358
0.44662 0.020392
0.4414 0.021396
0.51691 0.020082
0.52485 0.020184
0.39772 0.024431
0.50033 0.023145
0.40447 0.024123
0.49582 0.024851
0.40437 0.024157
0.40356 0.024798
0.45954 0.025706
0.50077 0.026938
0.44653 0.028577
0.46955 0.025004
0.49479 0.026221
0.5224 0.02157
0.43137 0.033878
0.48612 0.027261
0.50832 0.025041
0.50598 0.026882
0.44146 0.035025
0.46788 0.030573
0.51775 0.022678
0.52017 0.023662
0.46286 0.035431
0.51254 0.025894
0.54237 0.021322
0.54541 0.024851
0.56599 0.021159
0.58648 0.027701
0.54737 0.027132
0.59105 0.029252
0.53169 0.035166
0.58446 0.028937
0.53492 0.024031
0.50848 0.037049
0.58401 0.02882
0.56448 0.027901
0.53422 0.025853
0.5305 0.021567
0.56474 0.028452
0.54289 0.034669
0.46628 0.040801
0.45441 0.039232
0.54555 0.034401
0.43097 0.03745
0.52864 0.022044
0.47047 0.038074
0.41553 0.036975
0.41157 0.037557
0.53236 0.025202
0.60263 0.021638
0.59588 0.03128
0.61741 0.028568
0.61743 0.038049
0.60164 0.034151
0.61629 0.038357
0.59048 0.030791
0.59983 0.035996
0.6739 0.037539
0.5966 0.035283
0.59818 0.037088
0.70302 0.039114
0.79684 0.037596
0.55937 0.031143
0.58116 0.034726
0.67915 0.037593
0.60206 0.039769
0.48381 0.038344
0.43862 0.037939
0.60559 0.039863
0.61826 0.022199
0.6344 0.033887
0.63179 0.026617
0.72161 0.038131
0.68138 0.036988
0.9066 0.038782
0.69559 0.038956
0.77781 0.038882
0.77867 0.038899
0.67877 0.037596
0.63013 0.035083
0.65432 0.034767
0.8226 0.038125
0.6688 0.037155
0.94569 0.037895
0.93226 0.038889
0.94805 0.037844
0.68725 0.034383
0.90381 0.038823
0.71965 0.03741
0.96062 0.039566
0.95423 0.039131
0.96093 0.039615
0.64993 0.03177
0.96207 0.039761
0.7082 0.034226
0.79541 0.037709
0.96224 0.03978
0.69198 0.032744
0.83842 0.039922
0.71867 0.035063
0.96046 0.039419
0.95977 0.039271
0.64814 0.02488
0.83408 0.038768
0.73569 0.03904
0.95627 0.038365
0.95716 0.038934
0.95615 0.038391
0.65472 0.022488
0.95434 0.037869
0.71906 0.032451
0.94594 0.035677
0.95235 0.037402
0.94683 0.03575
0.6743 0.025613
0.76111 0.039029
0.71179 0.029869
0.90574 0.036702
0.93072 0.038241
0.69979 0.027036
0.74371 0.038777
0.69087 0.024081
0.773 0.03678
0.90161 0.038351
0.89011 0.035316
0.70145 0.024097
0.86401 0.035804
0.7444 0.036815
0.79176 0.037193
0.71861 0.024635
0.79308 0.037073
0.75472 0.035799
0.83296 0.036869
0.82926 0.036026
0.73165 0.025695
0.83755 0.039072
0.7375 0.026062
0.85007 0.040254
0.83696 0.038787
0.85132 0.039283
0.74527 0.027985
0.86515 0.035531
0.75663 0.029319
0.87644 0.035375
0.87497 0.035339
0.75523 0.024056
0.89025 0.034831
0.76661 0.024744
0.80344 0.036625
0.88581 0.03518
0.8904 0.032013
0.77828 0.026416
0.89576 0.030277
0.78521 0.027316
0.81348 0.033693
0.89879 0.030972
0.90744 0.034152
0.78804 0.024625
0.91146 0.034959
0.79731 0.024628
0.91847 0.03356
0.91196 0.034657
0.92366 0.032475
0.80618 0.021779
0.92739 0.03294
0.82839 0.026585
0.93386 0.032353
0.93531 0.03217
0.83225 0.023353
0.89974 0.025842
0.83608 0.0237
0.95226 0.03312
0.9478 0.031224
0.95601 0.033885
0.84281 0.022239
0.96356 0.036499
0.86626 0.024268
0.96463 0.035859
0.96367 0.036498
0.87724 0.021618
0.92618 0.026328
0.91166 0.024544
0.93094 0.026099
0.96656 0.034846
0.96799 0.035089
0.91688 0.022661
0.97277 0.035192
0.94103 0.023618
0.9735 0.035078
0.97277 0.035191
0.97335 0.035097
0.96223 0.023527
0.97652 0.03501
0.97234 0.023262
0.97471 0.027839
0.97571 0.035006
0.97794 0.034853
