340
0.021402 0.021464
0.026526 0.030469
0.041378 0.022185
0.02394 0.044451
0.026242 0.044235
0.050083 0.020964
0.046321 0.030411
0.057607 0.028903
0.03299 0.046067
0.028763 0.044343
0.03124 0.045102
0.068952 0.025423
0.034433 0.046646
0.07534 0.025009
0.036915 0.048231
0.035921 0.047754
0.037019 0.04827
0.081292 0.02456
0.044906 0.047997
0.083846 0.028546
0.054064 0.047338
0.059503 0.047009
0.087516 0.032024
0.068719 0.047544
0.09341 0.032697
0.070909 0.04848
0.06864 0.047518
0.070176 0.048068
0.094776 0.037736
0.071257 0.048872
0.102 0.029834
0.072995 0.049352
0.071225 0.048854
0.073431 0.049682
0.10232 0.038143
0.098303 0.044639
0.11038 0.023408
0.075863 0.05132
0.075744 0.050233
0.076139 0.05071
0.11449 0.035074
0.10316 0.046055
0.12317 0.022647
0.11014 0.045726
0.077138 0.051766
0.12554 0.034666
0.10821 0.049461
0.12967 0.036445
0.11742 0.048397
0.12992 0.046455
0.12499 0.050736
0.13565 0.023739
0.089935 0.057791
0.066591 0.057448
0.10389 0.055349
0.13773 0.024882
0.11618 0.052768
0.13542 0.041216
0.12676 0.057078
0.1133 0.052471
0.12551 0.056113
0.1466 0.023645
0.12774 0.058592
0.14024 0.03989
0.12815 0.059712
0.12798 0.059279
0.15476 0.030519
0.1288 0.061558
0.14736 0.038671
0.13525 0.051757
0.12881 0.061622
0.12802 0.061601
0.16593 0.030213
0.13669 0.05019
0.16757 0.03125
0.13526 0.055531
0.06524 0.061167
0.17604 0.02715
0.052895 0.062463
0.17853 0.027925
0.14984 0.044993
0.054594 0.062481
0.049443 0.062126
0.17321 0.036213
0.033182 0.059599
0.18353 0.032076
0.15357 0.047822
0.036728 0.05988
0.028676 0.060023
0.18527 0.033421
0.025513 0.064671
0.19389 0.027129
0.025984 0.076103
0.025144 0.071428
0.18987 0.0374
0.027278 0.07957
0.19225 0.0388
0.074432 0.062631
0.028086 0.081709
0.19699 0.035652
0.036454 0.06377
0.2028 0.030563
0.032591 0.065145
0.028245 0.08349
0.19869 0.039
0.028114 0.085817
0.20685 0.029458
0.028127 0.086253
0.0281 0.085876
0.02807 0.086116
0.2041 0.038415
0.032856 0.067672
0.14189 0.056903
0.028761 0.085884
0.028208 0.08628
0.2102 0.037646
0.11932 0.060693
0.2171 0.032281
0.034882 0.0706
0.063021 0.06682
0.12279 0.063107
0.22068 0.024063
0.16575 0.053402
0.23904 0.022665
0.23185 0.027476
0.16346 0.053998
0.23125 0.035178
0.1828 0.049685
0.24067 0.039016
0.14703 0.056039
0.067359 0.067136
0.24161 0.039076
0.27675 0.03168
0.24325 0.041491
0.20599 0.047628
0.29095 0.039759
0.27962 0.035727
0.26059 0.039674
0.28757 0.041397
0.27842 0.039441
0.31013 0.045983
0.28902 0.020688
0.2869 0.0227
0.40985 0.020025
0.49743 0.020061
0.24185 0.026884
0.33756 0.020816
0.25188 0.029932
0.3244 0.022727
0.25173 0.029994
0.25106 0.031232
0.29908 0.027541
0.34337 0.021491
0.29373 0.033746
0.30785 0.028499
0.3232 0.02387
0.47826 0.020471
0.30067 0.040827
0.31904 0.02746
0.37801 0.021119
0.37323 0.021428
0.32698 0.027866
0.31349 0.033531
0.41232 0.020795
0.44294 0.020763
0.3123 0.034843
0.39644 0.021595
0.69611 0.020439
0.70797 0.021984
0.73814 0.021018
0.75422 0.028268
0.71774 0.023466
0.75767 0.029504
0.71144 0.025977
0.75223 0.02993
0.65798 0.021223
0.68293 0.025572
0.75188 0.029833
0.74311 0.0295
0.65599 0.021725
0.59338 0.020594
0.74434 0.03069
0.7327 0.030071
0.68408 0.028643
0.68248 0.029832
0.73581 0.032423
0.69586 0.031655
0.56024 0.0206
0.67195 0.027898
0.68857 0.03421
0.70767 0.038904
0.62057 0.021755
0.77318 0.021508
0.76176 0.03099
0.7838 0.03114
0.77947 0.0399
0.76708 0.033359
0.77731 0.039211
0.75652 0.031301
0.76381 0.03539
0.82162 0.04792
0.76052 0.035212
0.76057 0.036889
0.84439 0.055723
0.87986 0.061125
0.74148 0.03356
0.74773 0.039311
0.82708 0.049324
0.75849 0.041758
0.72681 0.036761
0.72221 0.038509
0.75861 0.046212
0.78702 0.022997
0.79564 0.039024
0.79404 0.029035
0.85441 0.058837
0.82894 0.047125
0.95243 0.075468
0.83999 0.053276
0.87805 0.060973
0.87815 0.061029
0.82679 0.049278
0.79417 0.0462
0.80495 0.038839
0.90929 0.061042
0.81618 0.041657
0.96971 0.091068
0.96525 0.08537
0.97008 0.091314
0.83317 0.043791
0.94781 0.072738
0.85254 0.054108
0.97149 0.091858
0.9708 0.091716
0.97154 0.091856
0.80605 0.033715
0.97169 0.091729
0.84581 0.04736
0.88157 0.056859
0.97171 0.091611
0.8367 0.041772
0.9131 0.059527
0.85121 0.049076
0.97132 0.089806
0.97118 0.089333
0.80833 0.026158
0.91215 0.058046
0.8591 0.050522
0.97003 0.080852
0.97067 0.086942
0.97003 0.081114
0.81422 0.023347
0.96947 0.0773
0.85143 0.043796
0.96794 0.074726
0.96914 0.076286
0.96813 0.07491
0.82649 0.029856
0.87336 0.050134
0.8478 0.039088
0.95103 0.067372
0.96255 0.071514
0.8417 0.032426
0.86526 0.045739
0.83632 0.027127
0.88135 0.048131
0.94407 0.067601
0.93862 0.067108
0.8425 0.027284
0.92719 0.061124
0.86682 0.040901
0.88659 0.047995
0.85151 0.028801
0.88731 0.0475
0.87351 0.040501
0.91373 0.052349
0.91264 0.05217
0.85839 0.028985
0.91537 0.0526
0.86226 0.028394
0.9225 0.055227
0.91516 0.05256
0.92338 0.055632
0.86893 0.030127
0.92923 0.058559
0.87661 0.032718
0.93581 0.061478
0.93482 0.061164
0.87628 0.025546
0.94064 0.061422
0.88452 0.027343
0.89857 0.041486
0.93898 0.061335
0.94555 0.061539
0.8909 0.029908
0.9479 0.060743
0.89599 0.028527
0.91169 0.040506
0.94841 0.060492
0.95158 0.059332
0.89853 0.025955
0.95338 0.056556
0.90522 0.026512
0.95619 0.055998
0.95365 0.056432
0.95805 0.055862
0.91133 0.022686
0.95934 0.055719
0.92207 0.033913
0.96196 0.055645
0.96255 0.055766
0.92536 0.026767
0.94933 0.042712
0.92764 0.026575
0.96729 0.058342
0.96618 0.057058
0.9681 0.059488
0.93211 0.023695
0.97043 0.061018
0.94151 0.032115
0.97091 0.057923
0.97047 0.060887
0.94608 0.025591
0.95937 0.03895
0.95476 0.032542
0.96125 0.038315
0.97204 0.053401
0.9728 0.052744
0.95681 0.0275
0.97557 0.051823
0.96468 0.031961
0.97604 0.051593
0.97558 0.05182
0.97594 0.051632
0.97163 0.028475
0.97788 0.051456
0.9764 0.026947
0.97748 0.036691
0.97739 0.051448
0.97876 0.051139
