340
0.023677 0.020558
0.037116 0.02357
0.074678 0.021079
0.030618 0.029092
0.036816 0.028275
0.096395 0.020378
0.086796 0.024047
0.1148 0.023462
0.059697 0.030223
0.045329 0.027619
0.053881 0.028416
0.14434 0.022461
0.063146 0.031787
0.15691 0.022851
0.068392 0.035042
0.066411 0.033859
0.068584 0.035115
0.16667 0.022692
0.082271 0.032159
0.17119 0.025101
0.10328 0.031209
0.11493 0.030792
0.1753 0.027309
0.13626 0.03161
0.18382 0.027933
0.14086 0.033024
0.1361 0.031568
0.13937 0.032495
0.18251 0.031113
0.14144 0.033361
0.19902 0.026199
0.14477 0.034487
0.14138 0.033337
0.1454 0.034869
0.19432 0.031344
0.18311 0.035356
0.21338 0.022094
0.14935 0.037265
0.149 0.036484
0.14964 0.037035
0.21736 0.029098
0.19103 0.035917
0.23499 0.021536
0.20393 0.0349
0.15125 0.038374
0.2388 0.028468
0.19792 0.037167
0.24675 0.029483
0.21855 0.035378
0.24755 0.034153
0.23616 0.035905
0.25668 0.022145
0.16561 0.042126
0.12803 0.035496
0.1869 0.040293
0.2603 0.02279
0.21221 0.03782
0.25831 0.031833
0.24093 0.038914
0.20509 0.038133
0.23715 0.038438
0.27608 0.022032
0.24424 0.039481
0.26716 0.031136
0.24587 0.039814
0.24519 0.039688
0.291 0.025888
0.24864 0.040313
0.27987 0.030426
0.26147 0.037105
0.24867 0.040328
0.24582 0.040253
0.30974 0.026753
0.26356 0.036355
0.31226 0.027675
0.26429 0.039003
0.12245 0.03732
0.32357 0.025573
0.096832 0.037949
0.32674 0.026466
0.28568 0.034078
0.1 0.03819
0.090252 0.037417
0.32045 0.03221
0.061886 0.036337
0.33289 0.031097
0.29314 0.036218
0.069337 0.041276
0.045524 0.032291
0.33495 0.032727
0.034307 0.035242
0.34284 0.026984
0.034448 0.03872
0.032854 0.037656
0.33933 0.036999
0.037492 0.03914
0.34126 0.038394
0.14962 0.042029
0.040163 0.039292
0.34615 0.035
0.069141 0.042895
0.35258 0.030039
0.060934 0.037858
0.040374 0.039756
0.34861 0.038012
0.039082 0.040397
0.35714 0.029911
0.039015 0.040471
0.039012 0.040414
0.038825 0.040472
0.35597 0.038382
0.061662 0.039274
0.28087 0.040039
0.04197 0.040114
0.039336 0.04044
0.36382 0.041325
0.21638 0.040262
0.36678 0.038668
0.066389 0.043426
0.11488 0.039608
0.22743 0.04036
0.36741 0.026554
0.31495 0.04327
0.3789 0.023164
0.37371 0.031159
0.31293 0.043413
0.3733 0.043063
0.33397 0.044266
0.37829 0.043021
0.29074 0.040554
0.12978 0.03898
0.37926 0.042219
0.39177 0.034353
0.38045 0.042552
0.36153 0.042981
0.40507 0.042774
0.39444 0.040053
0.38789 0.039882
0.40231 0.043769
0.39413 0.043544
0.43981 0.042288
0.40104 0.020824
0.39911 0.023272
0.48103 0.020029
0.50617 0.020054
0.38082 0.027219
0.44265 0.021733
0.38513 0.028629
0.43478 0.023497
0.38508 0.028674
0.3849 0.029737
0.40958 0.028611
0.445 0.023603
0.40639 0.036347
0.41745 0.02863
0.43377 0.024698
0.49797 0.020492
0.41389 0.042401
0.42978 0.027802
0.45913 0.022152
0.45671 0.022973
0.43704 0.03141
0.42712 0.032906
0.48336 0.020948
0.49067 0.021227
0.42677 0.033974
0.47034 0.02227
0.56754 0.020687
0.57467 0.023171
0.59445 0.021365
0.60871 0.028096
0.58101 0.025404
0.61244 0.028918
0.57693 0.029428
0.60656 0.029966
0.54263 0.021171
0.55826 0.026861
0.60624 0.029929
0.59795 0.031674
0.54169 0.021675
0.52562 0.02042
0.59848 0.032899
0.58925 0.034815
0.55921 0.030848
0.55778 0.032015
0.58986 0.037948
0.56547 0.038353
0.51891 0.020538
0.55112 0.028501
0.5609 0.0395
0.56621 0.048426
0.53282 0.02144
0.63007 0.02139
0.61728 0.029779
0.63983 0.030469
0.63136 0.038205
0.62244 0.031886
0.62997 0.037816
0.61082 0.030782
0.61861 0.033652
0.67887 0.041081
0.61533 0.03367
0.61515 0.035173
0.71214 0.038684
0.79302 0.045182
0.59396 0.037886
0.59727 0.041768
0.68584 0.042259
0.61164 0.039058
0.57883 0.045066
0.57413 0.04687
0.61259 0.039943
0.64444 0.0228
0.64867 0.037276
0.65209 0.028138
0.73272 0.039417
0.68826 0.040932
0.90161 0.041993
0.70344 0.039088
0.78587 0.044283
0.78629 0.044302
0.6855 0.042239
0.64448 0.039996
0.65891 0.03693
0.82393 0.044109
0.67278 0.037991
0.94237 0.036348
0.91996 0.042894
0.94548 0.036079
0.69409 0.036958
0.88829 0.03819
0.73077 0.037357
0.9581 0.039391
0.9518 0.037311
0.95845 0.039529
0.66308 0.032659
0.95954 0.039971
0.71839 0.034298
0.79333 0.043856
0.95973 0.04004
0.70028 0.033974
0.83253 0.041615
0.72973 0.034975
0.95797 0.039092
0.95718 0.038731
0.6679 0.02562
0.82977 0.041306
0.74685 0.037169
0.95398 0.036469
0.9546 0.037586
0.95385 0.036471
0.67447 0.023012
0.95237 0.035356
0.72996 0.032407
0.94367 0.03344
0.95066 0.034615
0.94477 0.033412
0.68824 0.028269
0.76957 0.041858
0.72244 0.030103
0.90269 0.039504
0.92098 0.039548
0.71075 0.027043
0.75761 0.037411
0.70155 0.024558
0.78426 0.039398
0.88175 0.036848
0.8701 0.038311
0.71228 0.024074
0.85514 0.039918
0.75874 0.034951
0.79479 0.040312
0.72921 0.024663
0.79576 0.040237
0.7675 0.036418
0.83047 0.038212
0.82817 0.038547
0.74211 0.025059
0.83398 0.037848
0.74893 0.025138
0.84794 0.037933
0.83353 0.037882
0.84926 0.03797
0.75896 0.02745
0.85747 0.037983
0.76914 0.030345
0.86717 0.036617
0.86557 0.036977
0.76783 0.024512
0.87719 0.034582
0.77797 0.025707
0.80511 0.038241
0.8734 0.035153
0.89017 0.033553
0.78675 0.027614
0.89788 0.034854
0.79329 0.026826
0.81791 0.034466
0.8996 0.035169
0.90579 0.036964
0.79645 0.024852
0.90969 0.037004
0.80405 0.025472
0.91526 0.035263
0.91022 0.036812
0.91943 0.034167
0.8113 0.022103
0.92309 0.033261
0.82973 0.027897
0.93075 0.031161
0.93259 0.030793
0.833 0.023649
0.90125 0.028526
0.83725 0.023356
0.95188 0.030823
0.94722 0.029394
0.95537 0.032141
0.84625 0.021672
0.96295 0.03598
0.87168 0.023824
0.96435 0.035649
0.96307 0.036004
0.88644 0.021676
0.9229 0.026926
0.91105 0.025545
0.92804 0.02596
0.9666 0.035131
0.96796 0.03568
0.91537 0.023104
0.97271 0.03675
0.93871 0.023159
0.97346 0.036624
0.97271 0.036748
0.97331 0.036646
0.96383 0.023464
0.9765 0.03655
0.97306 0.023597
0.9752 0.028643
0.9757 0.036545
0.97794 0.036376
