340
0.023783 0.020543
0.03729 0.024028
0.072791 0.021091
0.031007 0.029211
0.037119 0.029309
0.09119 0.020485
0.083217 0.024816
0.10522 0.023867
0.055448 0.030079
0.043842 0.029761
0.050022 0.030066
0.13318 0.022449
0.059154 0.030684
0.14622 0.022875
0.064404 0.033792
0.062543 0.032212
0.064593 0.033932
0.15619 0.022879
0.077118 0.033709
0.1597 0.026061
0.094 0.034717
0.10436 0.032143
0.16332 0.029255
0.12506 0.032853
0.16992 0.030315
0.12853 0.033656
0.12487 0.032839
0.12754 0.0333
0.16951 0.034408
0.12897 0.033953
0.18119 0.02751
0.13193 0.03477
0.12892 0.033937
0.13251 0.035168
0.1779 0.034659
0.17003 0.04055
0.19501 0.022161
0.137 0.037559
0.13689 0.036715
0.1376 0.037286
0.19892 0.030881
0.17566 0.042564
0.21285 0.021656
0.18282 0.039091
0.13918 0.038826
0.21677 0.028521
0.17952 0.042778
0.22435 0.030064
0.19574 0.038434
0.22436 0.035217
0.21227 0.038855
0.2337 0.022427
0.15281 0.041905
0.11142 0.038437
0.17088 0.044411
0.23676 0.023138
0.188 0.040642
0.23465 0.033433
0.21593 0.040299
0.18211 0.043105
0.21195 0.041875
0.2504 0.022082
0.21877 0.040369
0.24218 0.03281
0.22046 0.040484
0.21972 0.04044
0.26802 0.024999
0.22386 0.040927
0.25401 0.029895
0.23633 0.039546
0.22389 0.040936
0.22022 0.040668
0.29113 0.02576
0.23804 0.038808
0.29359 0.026753
0.23792 0.040448
0.10446 0.039299
0.30497 0.0253
0.083499 0.040469
0.30828 0.026042
0.25853 0.033071
0.086958 0.040482
0.079066 0.039971
0.3003 0.031726
0.056075 0.035801
0.3149 0.030593
0.26506 0.034391
0.062592 0.039989
0.044297 0.03586
0.31846 0.032212
0.035349 0.036536
0.32539 0.026976
0.035575 0.040083
0.033842 0.03852
0.32385 0.035607
0.038532 0.041161
0.32532 0.036311
0.13388 0.03939
0.040871 0.041867
0.32873 0.035985
0.061766 0.040633
0.33441 0.030342
0.054427 0.038218
0.041032 0.042272
0.33037 0.037853
0.039968 0.04248
0.33811 0.028936
0.039909 0.042521
0.039907 0.042478
0.039745 0.042483
0.33563 0.037847
0.054754 0.039404
0.25226 0.038391
0.042117 0.042897
0.040188 0.042562
0.33994 0.036766
0.18866 0.041769
0.34694 0.033068
0.058302 0.040694
0.097956 0.04008
0.203 0.041627
0.35353 0.023754
0.28707 0.034358
0.37418 0.021783
0.36475 0.026169
0.28258 0.0337
0.35866 0.032261
0.31943 0.036407
0.36674 0.032682
0.26193 0.036171
0.10752 0.039647
0.36824 0.032532
0.39778 0.025168
0.36967 0.032762
0.33765 0.038079
0.41664 0.029477
0.3983 0.02736
0.3818 0.029631
0.41212 0.029425
0.39372 0.029344
0.35714 0.037869
0.43116 0.020326
0.42562 0.02118
0.51265 0.02008
0.52066 0.020184
0.37723 0.023844
0.49539 0.022838
0.38529 0.023898
0.49012 0.024236
0.38518 0.023927
0.38426 0.024497
0.44676 0.02472
0.49589 0.026279
0.43107 0.027134
0.4588 0.024172
0.48892 0.025399
0.51824 0.02156
0.41057 0.031759
0.47876 0.026118
0.50382 0.024804
0.50141 0.026454
0.42283 0.03248
0.45629 0.028786
0.51352 0.022637
0.516 0.023623
0.44781 0.032436
0.50815 0.025746
0.53811 0.021314
0.54119 0.024801
0.56292 0.021032
0.58864 0.025296
0.54317 0.027042
0.59534 0.025971
0.52743 0.035275
0.58588 0.026361
0.53064 0.024041
0.50357 0.036233
0.58526 0.026331
0.56121 0.027101
0.52995 0.025873
0.52626 0.021581
0.5615 0.027583
0.53863 0.034564
0.44837 0.037038
0.43443 0.036229
0.54133 0.034251
0.40801 0.034869
0.52442 0.022056
0.45552 0.034719
0.39151 0.036191
0.38791 0.036695
0.5281 0.025234
0.61518 0.02097
0.60359 0.026737
0.63797 0.026625
0.65033 0.03405
0.61403 0.028276
0.64867 0.033748
0.5944 0.02702
0.61136 0.029217
0.70024 0.035122
0.60547 0.028943
0.60887 0.029822
0.73092 0.038578
0.82305 0.04421
0.55544 0.03035
0.58153 0.031077
0.7058 0.034729
0.61865 0.031416
0.47254 0.035317
0.41686 0.034904
0.62661 0.031698
0.63905 0.021722
0.66544 0.033653
0.65455 0.026242
0.75013 0.037329
0.70771 0.033904
0.91399 0.040636
0.72364 0.037322
0.80905 0.043285
0.80963 0.043207
0.70543 0.03475
0.6635 0.034749
0.68106 0.035337
0.83962 0.043167
0.6942 0.035109
0.94814 0.038979
0.93584 0.040861
0.9503 0.038823
0.71341 0.032108
0.91163 0.041559
0.7478 0.036429
0.96153 0.041172
0.95565 0.039982
0.96182 0.041263
0.67558 0.03257
0.96292 0.041589
0.73543 0.033879
0.82212 0.043648
0.96311 0.04164
0.71856 0.031209
0.85022 0.041775
0.74666 0.034306
0.96141 0.040995
0.9608 0.040757
0.67013 0.025366
0.84679 0.041315
0.76577 0.038518
0.95773 0.039421
0.95842 0.040094
0.95761 0.039432
0.67555 0.022622
0.95605 0.038706
0.74684 0.031828
0.94878 0.036621
0.95432 0.038091
0.94958 0.036663
0.69679 0.024824
0.79252 0.038867
0.7389 0.029675
0.91319 0.038332
0.93458 0.040146
0.72682 0.026688
0.77491 0.039458
0.71693 0.023549
0.8045 0.03946
0.90981 0.041414
0.90211 0.038627
0.72848 0.023926
0.87745 0.040409
0.77503 0.037221
0.81952 0.04192
0.74608 0.024427
0.82037 0.041827
0.7844 0.035962
0.84633 0.039264
0.84372 0.039381
0.75974 0.025485
0.84976 0.0403
0.76579 0.025998
0.86562 0.039653
0.84931 0.040174
0.86727 0.039544
0.77351 0.028264
0.87818 0.040222
0.78439 0.029386
0.8898 0.038566
0.88842 0.03884
0.78272 0.024127
0.90202 0.037842
0.7946 0.024831
0.82692 0.042855
0.89817 0.038107
0.90132 0.034473
0.80535 0.027532
0.90495 0.032077
0.81057 0.028917
0.83289 0.037503
0.90717 0.032672
0.91467 0.035486
0.81307 0.025745
0.91822 0.036113
0.82062 0.025972
0.92427 0.034834
0.91867 0.035803
0.9291 0.033835
0.82701 0.022341
0.93236 0.034448
0.84428 0.028043
0.93826 0.033545
0.9396 0.033291
0.84739 0.023844
0.90752 0.026744
0.85075 0.023951
0.95517 0.033747
0.95136 0.031835
0.95856 0.034888
0.85789 0.022113
0.96515 0.038498
0.87916 0.025443
0.96626 0.037986
0.96525 0.038514
0.88864 0.021882
0.93175 0.027053
0.91861 0.02489
0.93606 0.026749
0.96819 0.037166
0.96944 0.037637
0.92342 0.022902
0.97367 0.03819
0.94513 0.023892
0.97432 0.038054
0.97367 0.038189
0.97419 0.038077
0.96516 0.024012
0.97696 0.037973
0.97361 0.023906
0.97558 0.029386
0.97626 0.037968
0.97821 0.037785
