340
0.024172 0.020492
0.03907 0.023462
0.080798 0.021003
0.032137 0.028229
0.038877 0.02801
0.10073 0.020459
0.09199 0.024458
0.11473 0.023908
0.061438 0.028538
0.04712 0.028041
0.054687 0.0283
0.1432 0.022576
0.065768 0.029216
0.15493 0.023057
0.071588 0.032326
0.069534 0.030712
0.071797 0.032477
0.16477 0.022625
0.085444 0.032615
0.16903 0.02525
0.10396 0.03425
0.11385 0.032303
0.17344 0.027588
0.13514 0.0326
0.18153 0.028557
0.13907 0.034033
0.13493 0.032559
0.13791 0.033475
0.18112 0.031938
0.1396 0.034412
0.19481 0.026637
0.14281 0.035528
0.13954 0.034388
0.14343 0.035994
0.19129 0.032534
0.18228 0.037052
0.21025 0.022022
0.14737 0.038844
0.1472 0.037921
0.14776 0.038572
0.21441 0.029933
0.18942 0.039062
0.23022 0.021388
0.19712 0.03691
0.14889 0.040296
0.23491 0.027177
0.19373 0.039849
0.24381 0.02887
0.21037 0.037289
0.24455 0.033467
0.22908 0.035908
0.25407 0.022396
0.15992 0.040985
0.1197 0.038502
0.18388 0.040051
0.25722 0.02326
0.20259 0.038526
0.2564 0.03364
0.23388 0.036999
0.19658 0.040284
0.22847 0.038323
0.26885 0.022724
0.23774 0.037287
0.26386 0.034851
0.2401 0.037547
0.23907 0.037437
0.2813 0.027545
0.24475 0.038276
0.27267 0.033451
0.26073 0.040354
0.2448 0.038286
0.23979 0.037655
0.29653 0.028593
0.26241 0.040295
0.29823 0.029968
0.26289 0.041485
0.11379 0.039542
0.30587 0.027491
0.092911 0.038953
0.30831 0.02843
0.27796 0.038774
0.096978 0.039066
0.087701 0.038382
0.30457 0.036995
0.062368 0.033454
0.31371 0.03414
0.28377 0.041644
0.069629 0.037577
0.047603 0.033011
0.31652 0.035805
0.036595 0.034392
0.32105 0.028526
0.036578 0.037465
0.034828 0.036272
0.32069 0.039286
0.03995 0.038057
0.32191 0.039895
0.14521 0.040533
0.042955 0.038348
0.32475 0.038902
0.068722 0.038051
0.32917 0.031639
0.060276 0.035403
0.043142 0.038653
0.3263 0.040767
0.041764 0.038956
0.33241 0.02985
0.041686 0.038997
0.041686 0.038963
0.041475 0.038989
0.33071 0.03989
0.060715 0.036442
0.27636 0.043789
0.044514 0.038994
0.042042 0.038992
0.33432 0.038312
0.20316 0.039596
0.34048 0.0338
0.064949 0.037844
0.10829 0.040017
0.21721 0.039521
0.34695 0.023839
0.29795 0.041814
0.36762 0.021749
0.35803 0.026154
0.29458 0.040949
0.35202 0.03236
0.31792 0.040975
0.36003 0.032608
0.28249 0.043105
0.11633 0.039798
0.36156 0.032426
0.39202 0.024939
0.36302 0.032623
0.33243 0.039959
0.41188 0.028947
0.39255 0.027032
0.37541 0.029359
0.40711 0.028917
0.38779 0.028961
0.35054 0.03806
0.42732 0.020306
0.4214 0.02111
0.51349 0.020077
0.52186 0.020176
0.37074 0.023754
0.49546 0.022718
0.37899 0.023774
0.48996 0.024059
0.37888 0.023802
0.37793 0.024358
0.44393 0.024442
0.49598 0.026015
0.42722 0.026695
0.4567 0.023917
0.48871 0.025164
0.51932 0.021491
0.40546 0.031136
0.47806 0.025774
0.50426 0.024601
0.50175 0.026182
0.41844 0.031752
0.45404 0.028258
0.51439 0.022523
0.51698 0.023464
0.44503 0.031707
0.50879 0.025503
0.54017 0.021245
0.54343 0.024543
0.56648 0.020973
0.59355 0.025078
0.54554 0.026656
0.60054 0.02573
0.52896 0.034558
0.59068 0.02609
0.53233 0.023847
0.50401 0.035548
0.59003 0.026058
0.56468 0.026699
0.53161 0.025593
0.52773 0.021507
0.56498 0.027154
0.54072 0.033801
0.44563 0.036042
0.43081 0.03523
0.54358 0.033483
0.40276 0.034107
0.52581 0.021961
0.45322 0.03384
0.38547 0.035566
0.38172 0.036116
0.52967 0.024987
0.62119 0.020931
0.60913 0.026471
0.64495 0.026403
0.65768 0.033823
0.61999 0.027942
0.65597 0.033476
0.59956 0.026736
0.61722 0.028851
0.70231 0.039708
0.61109 0.028592
0.61463 0.029437
0.72648 0.039805
0.81168 0.040376
0.55855 0.029759
0.58614 0.030569
0.70608 0.040063
0.6248 0.030943
0.4714 0.034333
0.41212 0.03407
0.63313 0.031205
0.64606 0.021666
0.67273 0.033973
0.66199 0.0262
0.7442 0.040384
0.7076 0.038856
0.90458 0.038327
0.7191 0.039573
0.79385 0.042661
0.79459 0.042424
0.70583 0.040074
0.67081 0.034952
0.68707 0.037041
0.83506 0.039556
0.69811 0.038682
0.94389 0.038757
0.93151 0.03943
0.94579 0.038777
0.71212 0.03544
0.90121 0.039727
0.74245 0.039405
0.95563 0.039458
0.95056 0.040088
0.95588 0.039456
0.68249 0.03359
0.95689 0.039404
0.73231 0.035134
0.81056 0.040062
0.95706 0.039391
0.71636 0.033342
0.84702 0.040202
0.74191 0.036803
0.95554 0.039325
0.95501 0.039282
0.67736 0.025636
0.84367 0.039487
0.75746 0.04061
0.95237 0.038898
0.95297 0.039352
0.95226 0.038946
0.68252 0.022835
0.95088 0.038679
0.74253 0.033928
0.94424 0.036456
0.94934 0.038359
0.94497 0.036557
0.70099 0.026128
0.78003 0.042221
0.73628 0.03082
0.90366 0.036654
0.93003 0.038654
0.72488 0.027084
0.76571 0.041476
0.71568 0.024291
0.78986 0.040643
0.8988 0.040261
0.89074 0.040617
0.7265 0.024137
0.87385 0.042565
0.76628 0.039271
0.80748 0.039114
0.74244 0.025195
0.80857 0.038934
0.77454 0.038651
0.84283 0.037632
0.84025 0.037401
0.754 0.026219
0.84635 0.039061
0.75953 0.02664
0.86235 0.03974
0.84589 0.038881
0.8639 0.039699
0.76665 0.029182
0.87451 0.042514
0.77604 0.030979
0.88152 0.042369
0.88055 0.042456
0.77482 0.024791
0.89083 0.039812
0.78471 0.025631
0.81686 0.039122
0.88778 0.040868
0.89095 0.036073
0.79418 0.027767
0.89489 0.032552
0.79964 0.028598
0.82528 0.034601
0.89709 0.032697
0.90575 0.033669
0.80236 0.02538
0.91025 0.033812
0.8106 0.02526
0.91792 0.033063
0.91081 0.033573
0.92317 0.032396
0.81806 0.022003
0.92677 0.033144
0.83891 0.02717
0.93303 0.032709
0.93444 0.032554
0.84224 0.023515
0.89791 0.026671
0.84567 0.023711
0.94999 0.033894
0.94627 0.031847
0.95314 0.034256
0.85297 0.022061
0.95953 0.035892
0.87404 0.026253
0.96109 0.035104
0.95966 0.035875
0.88147 0.022311
0.92557 0.026378
0.9105 0.024195
0.9302 0.026246
0.96379 0.033858
0.96549 0.033893
0.91621 0.022537
0.97127 0.033593
0.94008 0.023776
0.97217 0.033491
0.97128 0.033592
0.97199 0.033508
0.96014 0.023415
0.97581 0.03343
0.97144 0.022919
0.97409 0.027014
0.97484 0.033427
0.97754 0.03329
