340
0.02404 0.020508
0.038807 0.023456
0.079555 0.021099
0.031667 0.028354
0.038477 0.027994
0.094075 0.020649
0.088347 0.026346
0.10445 0.02636
0.060378 0.029305
0.046827 0.027854
0.054894 0.028407
0.12052 0.023977
0.064547 0.030089
0.12918 0.02407
0.070909 0.0319
0.068484 0.0312
0.071152 0.031971
0.13604 0.024175
0.085993 0.036498
0.13873 0.028242
0.098111 0.039663
0.10462 0.03983
0.14114 0.032292
0.11594 0.040774
0.14608 0.033879
0.1183 0.042077
0.11585 0.040738
0.11755 0.041544
0.14519 0.039355
0.11859 0.042502
0.15457 0.031342
0.12038 0.043452
0.11856 0.042478
0.12074 0.043883
0.15164 0.040538
0.14533 0.046903
0.16235 0.023884
0.12334 0.04633
0.12313 0.045245
0.12359 0.045867
0.16442 0.036899
0.14947 0.048547
0.17396 0.022842
0.15664 0.047312
0.12481 0.047332
0.17612 0.035617
0.15314 0.051189
0.1806 0.037333
0.16484 0.048276
0.18154 0.045704
0.17505 0.048995
0.18582 0.023902
0.13654 0.056563
0.11168 0.048881
0.14701 0.056656
0.18782 0.025083
0.16109 0.052504
0.1874 0.041509
0.17805 0.053873
0.15705 0.053042
0.17576 0.053196
0.19641 0.023751
0.18008 0.05472
0.19226 0.040407
0.18108 0.05524
0.18067 0.055044
0.20453 0.030536
0.18278 0.056034
0.19911 0.039187
0.18997 0.05079
0.1828 0.056059
0.18109 0.055961
0.21584 0.02971
0.19106 0.04957
0.21765 0.030614
0.19183 0.054206
0.10916 0.051949
0.22663 0.026477
0.094628 0.052069
0.22941 0.027167
0.2029 0.04562
0.096292 0.052664
0.091105 0.05002
0.224 0.03491
0.062308 0.034377
0.23529 0.031171
0.20718 0.048587
0.071617 0.037069
0.047238 0.0327
0.23742 0.032575
0.036541 0.034487
0.24582 0.027161
0.037307 0.037864
0.03522 0.036607
0.24265 0.036929
0.04103 0.038755
0.245 0.038698
0.12308 0.055017
0.043587 0.039298
0.24927 0.035998
0.071189 0.038658
0.25453 0.030827
0.06079 0.036009
0.043826 0.039795
0.25123 0.03944
0.04289 0.040472
0.25854 0.03017
0.042849 0.040595
0.04283 0.040491
0.042675 0.040563
0.25654 0.039188
0.061568 0.037077
0.2012 0.056731
0.045149 0.040428
0.043127 0.040592
0.26282 0.040544
0.16341 0.056669
0.26723 0.036377
0.067406 0.040044
0.10515 0.055941
0.16995 0.056572
0.26982 0.025723
0.21979 0.053335
0.2834 0.022834
0.27714 0.029597
0.21849 0.054643
0.27396 0.040232
0.23612 0.045975
0.28136 0.040243
0.20646 0.057266
0.1125 0.055943
0.28294 0.039555
0.32118 0.033165
0.28508 0.040296
0.25968 0.045606
0.33543 0.041447
0.32451 0.037685
0.31 0.040927
0.33269 0.042746
0.32417 0.041629
0.36386 0.039431
0.33194 0.020739
0.32999 0.022893
0.44725 0.020016
0.50407 0.020022
0.28646 0.026691
0.37951 0.021086
0.29794 0.029302
0.36851 0.022818
0.29777 0.029342
0.2971 0.030414
0.3412 0.027808
0.38359 0.022126
0.33707 0.034853
0.35008 0.02794
0.36731 0.023885
0.4841 0.020205
0.34511 0.040734
0.36296 0.026961
0.40955 0.021224
0.40531 0.021664
0.371 0.028659
0.3593 0.032018
0.45151 0.020493
0.46691 0.02054
0.35859 0.033086
0.42867 0.021333
0.64702 0.02037
0.65958 0.021932
0.68933 0.021077
0.70521 0.027521
0.66939 0.023448
0.70928 0.028468
0.66315 0.025883
0.70302 0.029139
0.59666 0.020531
0.62853 0.023454
0.70264 0.029085
0.69404 0.029856
0.5946 0.020746
0.55236 0.020156
0.69529 0.030978
0.68418 0.030556
0.63043 0.025475
0.62779 0.026049
0.6869 0.033093
0.64668 0.029783
0.53501 0.020218
0.61434 0.024184
0.63727 0.029971
0.65754 0.038426
0.57209 0.020522
0.72688 0.021421
0.71468 0.029536
0.73736 0.031008
0.7324 0.039006
0.72073 0.031858
0.73082 0.038299
0.7081 0.030134
0.71767 0.033375
0.76748 0.04498
0.71427 0.03316
0.71474 0.034577
0.79651 0.051219
0.8445 0.056971
0.69234 0.034212
0.69869 0.03886
0.77513 0.044865
0.71291 0.038256
0.67665 0.037154
0.67127 0.038514
0.71446 0.039662
0.74095 0.02304
0.74795 0.040677
0.74783 0.029508
0.80704 0.055024
0.77825 0.043204
0.91421 0.053489
0.79176 0.048515
0.84071 0.056816
0.84094 0.056841
0.7747 0.044871
0.74585 0.04496
0.75506 0.0418
0.87305 0.057979
0.76323 0.042305
0.94582 0.049309
0.93356 0.050557
0.94724 0.049312
0.7843 0.040646
0.90803 0.054458
0.80606 0.051132
0.95288 0.049548
0.95006 0.049419
0.95308 0.049555
0.75715 0.035966
0.95372 0.049543
0.79964 0.044567
0.84487 0.054335
0.95384 0.049516
0.78885 0.039231
0.8778 0.056967
0.80562 0.046695
0.9529 0.048979
0.9525 0.048831
0.76035 0.027079
0.8763 0.055535
0.81473 0.048824
0.95148 0.046086
0.95145 0.048102
0.95141 0.046177
0.76555 0.023622
0.95095 0.044764
0.80586 0.042143
0.94699 0.043771
0.95024 0.044362
0.94751 0.043825
0.77802 0.029095
0.8313 0.048693
0.80185 0.037733
0.91562 0.047879
0.93396 0.044692
0.79508 0.031298
0.82134 0.044922
0.78909 0.026364
0.84091 0.047007
0.90482 0.052837
0.89856 0.056703
0.79603 0.026642
0.89037 0.05772
0.82258 0.040834
0.84698 0.047197
0.8057 0.028319
0.84763 0.046825
0.82986 0.040688
0.87696 0.050173
0.87569 0.049982
0.81292 0.02878
0.87886 0.050481
0.81686 0.028316
0.88635 0.053033
0.87862 0.050434
0.88711 0.053311
0.8235 0.030244
0.89174 0.054649
0.83162 0.033019
0.89705 0.053514
0.89617 0.054003
0.83062 0.025677
0.9026 0.049288
0.83866 0.02751
0.85702 0.041238
0.90052 0.050615
0.90944 0.045854
0.84508 0.030144
0.91329 0.043939
0.8499 0.028588
0.87013 0.03917
0.91414 0.043514
0.91955 0.041551
0.8524 0.02593
0.92354 0.03927
0.85913 0.026292
0.92883 0.03808
0.92406 0.039117
0.93239 0.037379
0.86563 0.022513
0.93494 0.036903
0.87867 0.032682
0.94033 0.036168
0.94159 0.036103
0.88091 0.026083
0.91605 0.032395
0.8834 0.025811
0.95192 0.0371
0.9497 0.036407
0.95351 0.037709
0.88842 0.023094
0.95844 0.038681
0.90099 0.028035
0.96034 0.03733
0.95857 0.038628
0.90818 0.023307
0.93468 0.028781
0.92465 0.026343
0.93857 0.028229
0.96353 0.035366
0.96517 0.035171
0.9285 0.023674
0.97093 0.034996
0.94583 0.025189
0.97188 0.034883
0.97093 0.034995
0.97169 0.034903
0.96194 0.023801
0.97567 0.034816
0.97224 0.02322
0.97464 0.027738
0.97466 0.034812
0.97746 0.034661
