340
0.024868 0.020422
0.042222 0.022978
0.087096 0.020987
0.034161 0.027054
0.042002 0.02689
0.10733 0.020453
0.098519 0.024384
0.12175 0.023877
0.067338 0.02812
0.051597 0.026952
0.060322 0.027602
0.14979 0.022463
0.071792 0.028976
0.16243 0.022734
0.0779 0.032097
0.075678 0.030542
0.078126 0.032247
0.17384 0.022271
0.091788 0.032424
0.17856 0.024603
0.11029 0.034052
0.12063 0.032186
0.18386 0.026419
0.14107 0.032719
0.1935 0.02685
0.14475 0.033839
0.14087 0.032694
0.14365 0.033381
0.19266 0.029537
0.14526 0.034167
0.21033 0.025391
0.14873 0.034937
0.1452 0.034148
0.14937 0.035323
0.20578 0.029964
0.19327 0.033642
0.22823 0.021869
0.15371 0.037371
0.15357 0.036549
0.15418 0.03705
0.23286 0.029351
0.20268 0.034983
0.249 0.021396
0.21325 0.033987
0.15545 0.038461
0.25365 0.02741
0.20815 0.036022
0.26209 0.029241
0.22957 0.036178
0.26238 0.034014
0.24828 0.03594
0.272 0.022243
0.16929 0.037894
0.12631 0.039009
0.19491 0.03608
0.27526 0.0228
0.2206 0.036028
0.27372 0.032224
0.25273 0.037492
0.21237 0.036651
0.24788 0.038345
0.2915 0.021901
0.25614 0.038019
0.28272 0.031241
0.25814 0.038406
0.25728 0.038248
0.30893 0.024939
0.26197 0.038957
0.29627 0.029478
0.27655 0.036671
0.26201 0.038964
0.25787 0.038508
0.33243 0.026539
0.27902 0.035955
0.33462 0.02778
0.27941 0.036686
0.11996 0.039551
0.34358 0.026369
0.098859 0.038637
0.3464 0.027298
0.30293 0.0328
0.10271 0.03877
0.09388 0.038001
0.34223 0.034252
0.068776 0.032945
0.35253 0.032284
0.31158 0.034032
0.076442 0.037336
0.052758 0.031281
0.35546 0.033556
0.039842 0.032373
0.36087 0.027298
0.040119 0.035021
0.037894 0.03398
0.35979 0.036585
0.044383 0.035558
0.36132 0.037123
0.15101 0.039415
0.048148 0.03583
0.36535 0.036384
0.075614 0.037879
0.37097 0.0303
0.067175 0.034753
0.048425 0.036094
0.36747 0.037906
0.046807 0.036349
0.37452 0.028877
0.046719 0.036383
0.046714 0.036355
0.046462 0.036375
0.37345 0.037805
0.067746 0.035814
0.29985 0.036247
0.050144 0.036395
0.047149 0.036381
0.37805 0.036877
0.22143 0.036965
0.38408 0.03333
0.071956 0.037531
0.11426 0.039483
0.23761 0.038691
0.38975 0.023958
0.33473 0.036889
0.40749 0.022204
0.39986 0.027196
0.32947 0.035317
0.39673 0.033821
0.35652 0.03786
0.40363 0.035466
0.309 0.03507
0.12283 0.040035
0.40479 0.035424
0.42885 0.025578
0.40609 0.035822
0.37582 0.037931
0.44577 0.031423
0.42932 0.027969
0.41428 0.03105
0.44202 0.03153
0.42539 0.0301
0.39851 0.038935
0.45699 0.020391
0.45173 0.02141
0.526 0.020103
0.53174 0.02025
0.40993 0.024631
0.51153 0.023445
0.41635 0.02434
0.50749 0.025318
0.41626 0.024376
0.41549 0.025046
0.47011 0.025385
0.51192 0.027604
0.45691 0.028559
0.48117 0.024462
0.50656 0.026812
0.52995 0.022075
0.44197 0.034375
0.49852 0.027731
0.51874 0.025922
0.51662 0.02789
0.45164 0.035175
0.47933 0.02936
0.52659 0.023412
0.52832 0.024754
0.47336 0.034249
0.5226 0.027192
0.54433 0.021887
0.54641 0.026972
0.5605 0.02173
0.57429 0.029636
0.54778 0.030296
0.57819 0.030509
0.5385 0.040878
0.57286 0.031643
0.53911 0.025657
0.52161 0.040179
0.57253 0.031591
0.55973 0.031776
0.5386 0.028201
0.53587 0.022176
0.56006 0.032607
0.54623 0.040812
0.47697 0.038506
0.46402 0.038611
0.54804 0.040617
0.44156 0.038093
0.53452 0.022833
0.482 0.036347
0.42682 0.037847
0.42309 0.0385
0.53723 0.027257
0.58985 0.02156
0.58293 0.031622
0.60626 0.027489
0.607 0.035811
0.58881 0.033586
0.60565 0.036033
0.57769 0.032435
0.58691 0.035655
0.66412 0.037974
0.58356 0.035626
0.58516 0.037089
0.69273 0.038863
0.78779 0.039748
0.557 0.036525
0.57096 0.040599
0.66922 0.0379
0.58926 0.038915
0.49634 0.039156
0.4488 0.03825
0.59315 0.038533
0.60724 0.021927
0.62497 0.033729
0.62208 0.026387
0.71059 0.039
0.67139 0.037243
0.90405 0.039617
0.6854 0.038829
0.76923 0.037909
0.77021 0.038064
0.66885 0.037911
0.62085 0.034409
0.64487 0.034676
0.81134 0.037496
0.65915 0.037542
0.94075 0.037557
0.92801 0.03943
0.9434 0.037318
0.67723 0.034508
0.90146 0.039529
0.70891 0.038173
0.95741 0.037784
0.95021 0.037546
0.9578 0.03782
0.64039 0.031648
0.95928 0.037922
0.69822 0.03403
0.7866 0.039684
0.95951 0.037934
0.68194 0.032772
0.828 0.037076
0.70827 0.035655
0.95723 0.037654
0.95645 0.037537
0.63855 0.024832
0.82332 0.036724
0.72308 0.03992
0.95261 0.036793
0.95355 0.037293
0.95246 0.036821
0.6452 0.022475
0.9505 0.036385
0.70896 0.032958
0.94143 0.035323
0.94832 0.036175
0.94239 0.035334
0.6645 0.02575
0.75064 0.038104
0.70202 0.029774
0.90327 0.03741
0.92664 0.038642
0.68973 0.026949
0.73141 0.038754
0.68085 0.0241
0.76371 0.035911
0.89941 0.038939
0.88808 0.035355
0.6914 0.024045
0.86169 0.033919
0.7324 0.036754
0.78348 0.038598
0.70883 0.024813
0.78458 0.038652
0.74381 0.035161
0.82219 0.035164
0.81818 0.034802
0.72101 0.025997
0.82712 0.036473
0.72676 0.026241
0.84345 0.035355
0.82649 0.036314
0.84527 0.034519
0.73428 0.027922
0.86283 0.033871
0.74616 0.028861
0.8744 0.034873
0.8729 0.034781
0.74469 0.023878
0.88821 0.034875
0.75665 0.024506
0.79325 0.038251
0.88384 0.035049
0.88833 0.032054
0.76895 0.026086
0.89365 0.030455
0.77629 0.027406
0.80236 0.034079
0.89666 0.031246
0.90489 0.034812
0.77928 0.024812
0.90866 0.035734
0.78738 0.02518
0.91527 0.034096
0.90913 0.035409
0.92032 0.032845
0.79523 0.021921
0.9239 0.033232
0.81746 0.02611
0.9302 0.03263
0.93162 0.032368
0.82177 0.023025
0.8976 0.026002
0.8261 0.023225
0.94878 0.032134
0.9442 0.030826
0.9528 0.032694
0.83382 0.02183
0.96128 0.034906
0.8635 0.023847
0.96251 0.034293
0.9614 0.034902
0.875 0.021567
0.92292 0.026486
0.90895 0.024779
0.92759 0.026244
0.96473 0.033323
0.96634 0.033504
0.91388 0.022774
0.97177 0.033576
0.93736 0.023588
0.9726 0.033474
0.97177 0.033575
0.97243 0.033492
0.96012 0.023187
0.97604 0.033414
0.97143 0.022916
0.97408 0.027005
0.97512 0.03341
0.97766 0.033273
