340
0.023965 0.020518
0.038125 0.023575
0.081966 0.020898
0.031536 0.028623
0.037942 0.028274
0.10431 0.020402
0.094471 0.023968
0.12058 0.023598
0.060383 0.028073
0.046057 0.028158
0.053572 0.028161
0.14882 0.02256
0.065208 0.028488
0.16084 0.023013
0.071685 0.031059
0.069403 0.029643
0.071917 0.031195
0.17074 0.022671
0.087078 0.031291
0.17483 0.025532
0.10791 0.032379
0.1197 0.031239
0.17907 0.027903
0.14062 0.032808
0.1867 0.02868
0.14419 0.034114
0.14043 0.032774
0.14312 0.033595
0.18621 0.032128
0.14469 0.034474
0.20032 0.026522
0.14805 0.035451
0.14463 0.034451
0.14868 0.035886
0.19667 0.032185
0.1872 0.037265
0.21567 0.022142
0.15289 0.038332
0.15273 0.037453
0.15333 0.038038
0.21976 0.030609
0.19459 0.038444
0.23415 0.021508
0.20313 0.03674
0.15458 0.039655
0.23849 0.027881
0.19908 0.039459
0.24649 0.029928
0.2173 0.038418
0.24671 0.035091
0.23351 0.037272
0.25556 0.022489
0.16737 0.040439
0.12659 0.037949
0.18876 0.04019
0.25835 0.023232
0.20928 0.038629
0.25673 0.033794
0.23764 0.038623
0.20259 0.040001
0.23316 0.039913
0.27185 0.022262
0.24088 0.039094
0.26482 0.033298
0.24277 0.039477
0.24196 0.039313
0.28678 0.026379
0.24636 0.040464
0.27624 0.031215
0.25897 0.039556
0.24639 0.040477
0.24252 0.039584
0.30441 0.027824
0.26133 0.038891
0.30624 0.029169
0.26169 0.039756
0.12019 0.037899
0.31422 0.027183
0.094929 0.036848
0.31675 0.028163
0.28277 0.035788
0.099315 0.036812
0.089328 0.036448
0.31318 0.036211
0.061423 0.03265
0.32255 0.033922
0.28977 0.038318
0.069489 0.035814
0.046539 0.033186
0.3255 0.035692
0.035772 0.034939
0.32968 0.028571
0.035757 0.038129
0.034093 0.036954
0.33011 0.039394
0.038961 0.038608
0.33148 0.040049
0.15041 0.040228
0.041924 0.038785
0.33443 0.039278
0.068481 0.036331
0.33797 0.032106
0.059136 0.034666
0.042109 0.039089
0.33637 0.041102
0.040739 0.039459
0.34087 0.03049
0.040662 0.039503
0.040662 0.039469
0.040452 0.039504
0.34109 0.040909
0.059597 0.035614
0.2806 0.039659
0.043473 0.03938
0.041016 0.039483
0.34473 0.039957
0.21002 0.039679
0.34952 0.0357
0.064292 0.036517
0.11318 0.037383
0.22423 0.041001
0.35365 0.024585
0.30645 0.040041
0.37036 0.022192
0.36278 0.027616
0.30266 0.038867
0.35907 0.035232
0.32723 0.040793
0.36533 0.035703
0.28824 0.039419
0.1233 0.038621
0.36645 0.035502
0.39139 0.025303
0.36762 0.03578
0.343 0.041214
0.41045 0.029067
0.39189 0.027538
0.37665 0.031209
0.40575 0.029155
0.38747 0.029857
0.35975 0.04206
0.42584 0.020303
0.41984 0.021109
0.51393 0.020075
0.52249 0.020172
0.37286 0.024636
0.49553 0.022663
0.37947 0.024414
0.48991 0.023976
0.37938 0.024451
0.37862 0.025134
0.4427 0.024361
0.49606 0.025892
0.42574 0.026638
0.45575 0.023824
0.48864 0.025056
0.51989 0.021459
0.40413 0.03149
0.47774 0.025619
0.50451 0.024505
0.50194 0.026054
0.41691 0.031799
0.45303 0.028075
0.51486 0.022469
0.51751 0.023389
0.44383 0.031491
0.50914 0.025388
0.54122 0.021215
0.54457 0.024431
0.5682 0.020952
0.59573 0.025026
0.54673 0.026489
0.60279 0.025692
0.52975 0.034234
0.59282 0.026019
0.5332 0.023759
0.50425 0.035225
0.59216 0.025986
0.56635 0.026548
0.53246 0.025466
0.5285 0.021474
0.56666 0.026993
0.54179 0.033467
0.44445 0.035743
0.42938 0.035023
0.54473 0.03315
0.40148 0.034675
0.52653 0.021918
0.45219 0.033539
0.38578 0.037382
0.38247 0.03847
0.53048 0.024876
0.62344 0.020941
0.6114 0.02646
0.64639 0.026856
0.65771 0.035889
0.62226 0.028017
0.6562 0.035311
0.6018 0.026688
0.61951 0.028909
0.6919 0.041951
0.61336 0.028594
0.61691 0.029474
0.71852 0.040812
0.81269 0.039852
0.56009 0.029527
0.58823 0.030422
0.69623 0.041665
0.62698 0.0311
0.47087 0.033897
0.41069 0.034254
0.63515 0.031571
0.64742 0.02179
0.66925 0.037625
0.66179 0.027341
0.73372 0.040322
0.69819 0.04047
0.90978 0.038792
0.71159 0.040474
0.79298 0.038044
0.79399 0.038035
0.69591 0.041711
0.66763 0.0387
0.67889 0.041407
0.83361 0.040713
0.68822 0.04167
0.9466 0.039329
0.93472 0.040092
0.94857 0.03934
0.70344 0.036225
0.90701 0.039686
0.73199 0.039609
0.95888 0.040352
0.95361 0.040526
0.95914 0.040372
0.67649 0.037137
0.9602 0.04041
0.72304 0.036177
0.81156 0.039396
0.96038 0.040413
0.70785 0.033992
0.84468 0.040651
0.73151 0.037003
0.95877 0.040209
0.95821 0.040118
0.67408 0.027078
0.84159 0.040244
0.74711 0.040184
0.9554 0.039483
0.95607 0.040006
0.95528 0.039522
0.67805 0.023555
0.95383 0.039129
0.73213 0.034047
0.94686 0.036951
0.9522 0.038802
0.94761 0.037052
0.69307 0.027013
0.77356 0.037498
0.72635 0.031277
0.90869 0.036927
0.93325 0.03932
0.71567 0.027525
0.75468 0.039412
0.70692 0.024498
0.78715 0.036031
0.90492 0.039793
0.89545 0.038667
0.71716 0.024406
0.87422 0.03908
0.75553 0.037295
0.80844 0.038021
0.7321 0.025235
0.80949 0.038073
0.76624 0.035029
0.84092 0.038383
0.83828 0.038324
0.74412 0.026056
0.84413 0.039588
0.74969 0.02641
0.85944 0.038112
0.84372 0.03944
0.86145 0.037762
0.75705 0.028149
0.8751 0.039069
0.76869 0.028723
0.8841 0.039243
0.88288 0.039268
0.76715 0.02384
0.89545 0.037986
0.77964 0.024409
0.81761 0.039327
0.89179 0.038417
0.89504 0.034568
0.79187 0.026172
0.89911 0.031772
0.79891 0.027327
0.82513 0.035537
0.90167 0.032159
0.91015 0.034101
0.80199 0.024737
0.91432 0.03456
0.81056 0.025078
0.9213 0.033642
0.9148 0.034299
0.92629 0.032861
0.81833 0.022033
0.92983 0.033577
0.83757 0.02758
0.93589 0.033148
0.93725 0.03298
0.84081 0.023669
0.90201 0.026418
0.84418 0.023823
0.95249 0.034176
0.94865 0.032186
0.95572 0.034746
0.85136 0.022057
0.96243 0.036911
0.87478 0.025333
0.96368 0.036172
0.96254 0.036902
0.88345 0.022006
0.92849 0.026597
0.91406 0.024421
0.93299 0.026467
0.96588 0.035
0.96736 0.035141
0.91948 0.022655
0.9724 0.035076
0.94248 0.023893
0.97317 0.034963
0.9724 0.035075
0.97302 0.034982
0.9621 0.023639
0.97635 0.034896
0.97228 0.023238
0.97467 0.027779
0.9755 0.034892
0.97785 0.03474
