340
0.025565 0.020369
0.045259 0.022673
0.092055 0.021008
0.036189 0.02623
0.045017 0.026182
0.11207 0.02045
0.10319 0.024422
0.12701 0.023364
0.072222 0.027894
0.055577 0.026384
0.065038 0.027209
0.15951 0.022453
0.076783 0.028825
0.17215 0.022751
0.083039 0.032075
0.080762 0.030465
0.08327 0.032232
0.18344 0.022288
0.096572 0.032673
0.18807 0.024614
0.11473 0.033905
0.12532 0.030746
0.19341 0.026397
0.15101 0.031682
0.20316 0.026752
0.15479 0.033226
0.15081 0.031633
0.15366 0.032642
0.20231 0.029406
0.15533 0.033612
0.22034 0.025264
0.15883 0.034813
0.15526 0.033585
0.1595 0.03525
0.21567 0.029754
0.20294 0.03345
0.23871 0.02183
0.16389 0.037365
0.1637 0.03654
0.16434 0.03705
0.24341 0.029184
0.2125 0.034691
0.25978 0.021395
0.22331 0.033648
0.16564 0.03848
0.26439 0.027446
0.2181 0.035662
0.27271 0.029415
0.24009 0.03585
0.27299 0.034291
0.25905 0.035902
0.28239 0.022361
0.17908 0.03812
0.13234 0.03565
0.20459 0.035837
0.28538 0.022974
0.23084 0.03561
0.28395 0.032928
0.26349 0.037556
0.22242 0.036251
0.25865 0.038289
0.30037 0.022171
0.26683 0.038162
0.29227 0.03224
0.26879 0.038598
0.26795 0.038419
0.31496 0.025689
0.27258 0.039307
0.30433 0.031105
0.28645 0.037766
0.27261 0.039316
0.26853 0.038695
0.33646 0.027066
0.28871 0.037121
0.33859 0.028471
0.28905 0.037924
0.12376 0.037493
0.34674 0.026808
0.10323 0.038799
0.34929 0.02763
0.30945 0.035284
0.10699 0.038814
0.09846 0.038304
0.34408 0.035753
0.073692 0.032632
0.35367 0.032502
0.316 0.036187
0.081535 0.037242
0.056855 0.030402
0.3562 0.03359
0.042639 0.031054
0.36404 0.026835
0.042944 0.033427
0.040456 0.03244
0.36006 0.036339
0.047637 0.034025
0.36158 0.036619
0.16139 0.039371
0.051782 0.034372
0.36645 0.035039
0.080685 0.037745
0.37449 0.029693
0.072052 0.034335
0.052085 0.034621
0.36835 0.036393
0.050305 0.034809
0.37879 0.028499
0.050208 0.034838
0.050202 0.034811
0.049925 0.034823
0.3752 0.036829
0.072636 0.035392
0.30655 0.039389
0.053978 0.034972
0.050682 0.034847
0.38079 0.036419
0.2317 0.036527
0.38768 0.033013
0.076943 0.037243
0.11819 0.038538
0.24821 0.038421
0.39415 0.024064
0.33656 0.038434
0.41026 0.022515
0.40367 0.028025
0.33248 0.036396
0.40021 0.035001
0.35545 0.038125
0.40539 0.037711
0.31397 0.03757
0.12735 0.037289
0.40631 0.037752
0.42993 0.025726
0.40724 0.038216
0.3782 0.037129
0.44563 0.031751
0.43038 0.02818
0.41545 0.032304
0.44195 0.031869
0.42621 0.030653
0.40075 0.040664
0.45749 0.020409
0.4523 0.021452
0.5245 0.020089
0.53161 0.020209
0.41237 0.025228
0.5096 0.023689
0.41802 0.024759
0.50589 0.025648
0.41794 0.0248
0.41727 0.025554
0.4697 0.025778
0.50996 0.028125
0.45741 0.028945
0.48004 0.024627
0.50504 0.027213
0.5294 0.021696
0.44099 0.034865
0.49732 0.027951
0.51619 0.02574
0.51429 0.027882
0.45016 0.035533
0.47828 0.029762
0.52523 0.022912
0.52737 0.023942
0.4714 0.035161
0.52028 0.026561
0.54571 0.02179
0.54786 0.026704
0.56338 0.021565
0.57822 0.02925
0.54919 0.029715
0.58266 0.030203
0.53684 0.037836
0.57736 0.03118
0.54029 0.025097
0.51489 0.03948
0.57697 0.031116
0.56262 0.03069
0.53978 0.027354
0.53674 0.0219
0.56301 0.031446
0.54567 0.03883
0.47363 0.039546
0.46104 0.039523
0.54773 0.038723
0.43922 0.038689
0.53506 0.022437
0.4795 0.036995
0.4242 0.038897
0.41998 0.040044
0.53831 0.026424
0.59385 0.02162
0.58794 0.031453
0.60971 0.027808
0.6144 0.037867
0.59505 0.034004
0.61327 0.037708
0.58293 0.032119
0.59404 0.035901
0.65805 0.038771
0.5904 0.035517
0.59284 0.037163
0.68958 0.037511
0.78106 0.041041
0.55882 0.035212
0.57873 0.039505
0.66337 0.038839
0.59827 0.039217
0.49695 0.039433
0.44631 0.038359
0.60271 0.038689
0.61063 0.02206
0.62642 0.037636
0.62345 0.027928
0.7089 0.039416
0.66597 0.038149
0.8926 0.038974
0.68039 0.038401
0.76391 0.039122
0.76475 0.039385
0.66296 0.03885
0.62396 0.038001
0.63944 0.037433
0.80189 0.040767
0.65297 0.038429
0.93253 0.034915
0.91802 0.037457
0.9357 0.03456
0.6717 0.034942
0.88994 0.038929
0.70689 0.038465
0.95287 0.034622
0.94404 0.034361
0.95334 0.034658
0.63674 0.034279
0.95517 0.034769
0.69444 0.033182
0.77976 0.041049
0.95545 0.034784
0.67627 0.03288
0.81582 0.038785
0.70564 0.035791
0.95266 0.034511
0.95169 0.034401
0.63597 0.025983
0.81171 0.038796
0.72333 0.040108
0.94698 0.033728
0.94813 0.03415
0.9468 0.033749
0.64132 0.0229
0.94439 0.033402
0.7055 0.03303
0.93333 0.032982
0.94171 0.033338
0.93448 0.032943
0.65927 0.026044
0.74647 0.038986
0.6974 0.029456
0.8918 0.03685
0.91647 0.036848
0.68393 0.026688
0.73126 0.039687
0.67503 0.024162
0.75868 0.036464
0.88784 0.038392
0.87619 0.034961
0.68581 0.023849
0.84894 0.033357
0.73111 0.037655
0.77651 0.040154
0.7044 0.024802
0.77754 0.040164
0.74003 0.036624
0.81066 0.037133
0.80727 0.037181
0.71604 0.025886
0.81503 0.038197
0.72214 0.026291
0.83012 0.035612
0.81447 0.038072
0.83193 0.034613
0.72955 0.028344
0.85012 0.033311
0.74004 0.029639
0.86208 0.03435
0.8605 0.034249
0.73875 0.024257
0.87632 0.034495
0.75011 0.024598
0.78635 0.038912
0.87188 0.034611
0.87644 0.031748
0.76223 0.026407
0.88189 0.030205
0.76908 0.02802
0.7946 0.035961
0.885 0.030951
0.89345 0.034317
0.77179 0.025169
0.89735 0.035161
0.77921 0.025491
0.90427 0.033362
0.89784 0.034843
0.90956 0.031924
0.78691 0.022001
0.91342 0.0321
0.80623 0.027142
0.92051 0.031242
0.92213 0.030934
0.80997 0.023427
0.88597 0.025839
0.81386 0.023582
0.94228 0.029987
0.93667 0.029074
0.94721 0.030379
0.82089 0.021961
0.95759 0.032315
0.8508 0.023693
0.95906 0.031826
0.95773 0.032313
0.86271 0.021513
0.91235 0.025956
0.89765 0.024604
0.91755 0.02562
0.96172 0.031055
0.96365 0.031227
0.90281 0.022644
0.97014 0.03134
0.92867 0.023088
0.97114 0.031255
0.97015 0.03134
0.97094 0.03127
0.9562 0.022629
0.97526 0.031205
0.96974 0.022435
0.97291 0.025852
0.97416 0.031202
0.9772 0.031087
