340
0.024714 0.020435
0.041274 0.02322
0.083707 0.021032
0.033716 0.027423
0.04107 0.027444
0.10393 0.020468
0.095061 0.024386
0.11753 0.023743
0.065132 0.028207
0.049791 0.027557
0.057715 0.027848
0.14744 0.022357
0.069483 0.029188
0.16208 0.02244
0.075116 0.032907
0.07307 0.031195
0.075325 0.03307
0.17418 0.022308
0.088039 0.03246
0.17844 0.024903
0.10635 0.035008
0.1159 0.031892
0.1834 0.026988
0.13889 0.032328
0.19223 0.027554
0.14208 0.033483
0.13872 0.032313
0.14114 0.03297
0.19131 0.030503
0.14249 0.033822
0.20721 0.025836
0.14549 0.034521
0.14244 0.033802
0.14607 0.034849
0.20296 0.031084
0.19104 0.035061
0.22489 0.021754
0.15086 0.036073
0.1508 0.035319
0.15149 0.035685
0.22988 0.028999
0.19903 0.0368
0.24593 0.021455
0.20807 0.035162
0.15284 0.036775
0.25051 0.027644
0.20352 0.037857
0.25875 0.029636
0.22461 0.035128
0.25904 0.034653
0.24531 0.036654
0.26803 0.022378
0.16975 0.037297
0.12181 0.037367
0.19206 0.037829
0.27098 0.022972
0.2147 0.036589
0.26911 0.033045
0.24982 0.038112
0.20655 0.038245
0.24496 0.039189
0.28666 0.022089
0.25311 0.038507
0.27771 0.031736
0.25503 0.038814
0.2542 0.038691
0.30144 0.025792
0.2587 0.039776
0.29089 0.030867
0.27099 0.03792
0.25874 0.039786
0.25478 0.038931
0.32275 0.027118
0.27336 0.037154
0.3249 0.028519
0.2736 0.037856
0.11411 0.039304
0.33291 0.026789
0.094708 0.038785
0.33545 0.027586
0.29568 0.035262
0.098908 0.038953
0.08957 0.038097
0.33069 0.035747
0.066456 0.033108
0.34016 0.03241
0.30226 0.036518
0.073717 0.038506
0.05087 0.032209
0.34282 0.033567
0.039098 0.033307
0.35046 0.026942
0.039272 0.036195
0.037311 0.034947
0.34693 0.036479
0.043052 0.037027
0.34846 0.03683
0.14717 0.038495
0.046373 0.037583
0.35309 0.035396
0.07296 0.038967
0.3606 0.029924
0.064928 0.035072
0.046615 0.037883
0.3549 0.036853
0.0451 0.038088
0.36458 0.028371
0.045022 0.038115
0.045019 0.038085
0.044793 0.03808
0.3614 0.037144
0.0655 0.03615
0.29243 0.039067
0.048199 0.03817
0.045409 0.038153
0.36655 0.035981
0.2153 0.03732
0.37391 0.031337
0.069552 0.038028
0.10944 0.040166
0.23478 0.038615
0.38225 0.023146
0.32324 0.038576
0.40342 0.021936
0.39488 0.026137
0.31892 0.036561
0.39042 0.031434
0.34231 0.038041
0.39854 0.033603
0.30013 0.037923
0.11724 0.03927
0.39981 0.033646
0.42686 0.025285
0.4012 0.034018
0.3642 0.037179
0.44326 0.031694
0.42734 0.027581
0.41077 0.029897
0.43983 0.031676
0.42314 0.029513
0.39167 0.035644
0.4549 0.020407
0.4497 0.02147
0.52486 0.020091
0.53146 0.020223
0.40612 0.024084
0.50896 0.023375
0.41334 0.023918
0.50479 0.025221
0.41324 0.023949
0.41238 0.024538
0.46713 0.025882
0.50937 0.027427
0.45482 0.028909
0.47711 0.024487
0.50383 0.026683
0.5294 0.021789
0.43928 0.034597
0.4959 0.027519
0.51636 0.025404
0.51421 0.027284
0.44798 0.035703
0.47539 0.029555
0.52553 0.022982
0.52752 0.024115
0.4688 0.035271
0.52085 0.026428
0.54485 0.021873
0.5469 0.026991
0.56149 0.021602
0.57663 0.028621
0.54817 0.030112
0.58149 0.029188
0.53719 0.039007
0.57571 0.030493
0.53964 0.025375
0.51601 0.038201
0.57532 0.030464
0.56075 0.030978
0.5391 0.02776
0.53621 0.022013
0.56115 0.03174
0.54553 0.039788
0.47095 0.039318
0.45867 0.039682
0.54743 0.039593
0.4381 0.038238
0.53465 0.022589
0.47654 0.036662
0.42387 0.03693
0.42003 0.037297
0.53767 0.026792
0.59455 0.021449
0.58771 0.029886
0.61086 0.028054
0.6157 0.038361
0.59639 0.032753
0.61464 0.038202
0.58171 0.030899
0.59533 0.034358
0.66261 0.035119
0.5908 0.03341
0.59394 0.035316
0.69839 0.03855
0.79297 0.039319
0.55756 0.035879
0.57654 0.038193
0.66921 0.035131
0.60086 0.038261
0.4952 0.0384
0.44439 0.038339
0.60492 0.038509
0.61174 0.022118
0.62763 0.038085
0.62431 0.028128
0.71656 0.038221
0.67255 0.034561
0.90171 0.037702
0.69041 0.037523
0.77642 0.03946
0.77721 0.039764
0.66868 0.035143
0.62529 0.038485
0.64015 0.036416
0.82027 0.038164
0.65627 0.034903
0.94095 0.037154
0.92685 0.03861
0.9437 0.037284
0.67966 0.032368
0.89783 0.037669
0.71438 0.037661
0.95676 0.038155
0.95 0.037938
0.95714 0.038173
0.6374 0.033909
0.95868 0.038204
0.70274 0.033766
0.79132 0.03958
0.95894 0.038205
0.68518 0.031417
0.83639 0.037894
0.71326 0.035219
0.9566 0.03803
0.95586 0.037946
0.63642 0.025884
0.83123 0.03747
0.73322 0.037819
0.95226 0.037295
0.95313 0.037848
0.95212 0.037315
0.6416 0.022673
0.95027 0.036754
0.7134 0.032533
0.94163 0.035
0.94823 0.036474
0.94263 0.03513
0.66361 0.024865
0.75984 0.037793
0.70562 0.029638
0.90067 0.035618
0.92547 0.038142
0.69284 0.026583
0.74277 0.037166
0.68333 0.023602
0.77178 0.036552
0.89529 0.037812
0.88413 0.0379
0.69464 0.023886
0.86575 0.038809
0.74254 0.035376
0.78827 0.039363
0.71256 0.024644
0.78921 0.039188
0.75325 0.035024
0.82993 0.03579
0.82643 0.035432
0.72529 0.0253
0.83537 0.03731
0.73209 0.025592
0.85158 0.037064
0.83468 0.037053
0.85325 0.036583
0.74058 0.027222
0.86658 0.038913
0.7528 0.028686
0.87392 0.039854
0.87295 0.039771
0.75137 0.023816
0.88433 0.03728
0.76341 0.024498
0.79992 0.035253
0.88042 0.038805
0.88499 0.033869
0.77542 0.026513
0.88995 0.03064
0.7822 0.028197
0.8118 0.032703
0.89324 0.030883
0.9029 0.033314
0.7849 0.025146
0.90727 0.034301
0.79213 0.02512
0.91437 0.03353
0.90782 0.033977
0.91953 0.032623
0.80118 0.021591
0.92304 0.032976
0.82515 0.026374
0.92929 0.032035
0.93084 0.031732
0.82914 0.02312
0.89452 0.02573
0.83355 0.023326
0.94866 0.032312
0.94439 0.030757
0.95249 0.033066
0.8408 0.021888
0.96085 0.035053
0.86686 0.025197
0.96206 0.034384
0.96096 0.035044
0.875 0.022066
0.92217 0.026367
0.90757 0.024293
0.92669 0.026023
0.96432 0.033323
0.96597 0.033442
0.91293 0.022587
0.97154 0.033376
0.93725 0.023379
0.9724 0.033274
0.97155 0.033375
0.97223 0.033291
0.95994 0.023225
0.97593 0.033215
0.9713 0.022874
0.97399 0.026901
0.97499 0.033211
0.9776 0.033076
