340
0.023983 0.020515
0.038542 0.023291
0.07912 0.021082
0.031503 0.028392
0.038217 0.027629
0.098595 0.020426
0.090253 0.024587
0.11544 0.023709
0.06306 0.029479
0.047462 0.027014
0.056756 0.027772
0.1443 0.022311
0.066841 0.030957
0.15822 0.022569
0.072864 0.03416
0.070558 0.032917
0.073087 0.034248
0.16907 0.02242
0.086692 0.03321
0.1741 0.024575
0.10489 0.032362
0.11555 0.03156
0.17867 0.026538
0.13574 0.031554
0.18824 0.027057
0.14003 0.032566
0.13558 0.031525
0.1386 0.032179
0.18678 0.029894
0.14065 0.032838
0.2054 0.025455
0.14431 0.033586
0.14058 0.032821
0.14499 0.033881
0.20008 0.030017
0.18753 0.033666
0.2218 0.021826
0.1493 0.035662
0.14897 0.034989
0.14966 0.035418
0.22638 0.027912
0.19645 0.034088
0.2467 0.021343
0.21106 0.033064
0.15143 0.036583
0.25105 0.027434
0.20424 0.035118
0.26006 0.028653
0.22779 0.033363
0.26139 0.033022
0.24824 0.033926
0.27054 0.02215
0.1679 0.039849
0.12753 0.036154
0.19188 0.038015
0.27401 0.022861
0.22054 0.035543
0.27224 0.032008
0.25403 0.036715
0.21242 0.035885
0.24951 0.03616
0.28949 0.021899
0.25805 0.037522
0.28036 0.03132
0.26005 0.038022
0.25922 0.037825
0.30656 0.025118
0.26333 0.038919
0.29371 0.029403
0.27519 0.037578
0.26337 0.038938
0.26005 0.038419
0.32783 0.026276
0.27694 0.036833
0.33051 0.027274
0.27747 0.039535
0.1222 0.03827
0.34195 0.025899
0.099674 0.040145
0.34491 0.027116
0.30013 0.032302
0.10238 0.040234
0.094169 0.039906
0.3392 0.032498
0.065707 0.035174
0.35049 0.033286
0.30884 0.034107
0.074633 0.040163
0.047676 0.031314
0.35234 0.035609
0.035469 0.034059
0.35797 0.028811
0.0356 0.037266
0.033885 0.036289
0.35556 0.041311
0.038883 0.037644
0.35666 0.042774
0.14924 0.039858
0.041785 0.037776
0.35971 0.038675
0.074578 0.041447
0.36544 0.031494
0.064708 0.036575
0.042014 0.038203
0.3608 0.041756
0.040592 0.038797
0.36976 0.03055
0.040518 0.038866
0.040515 0.038813
0.040312 0.038867
0.36647 0.040276
0.065605 0.037899
0.29361 0.038005
0.043771 0.038527
0.040867 0.038836
0.37479 0.040627
0.22535 0.037629
0.37873 0.037837
0.071382 0.041535
0.11538 0.040957
0.23817 0.037678
0.38054 0.026238
0.33451 0.042178
0.39273 0.022969
0.38715 0.030514
0.33214 0.041949
0.38591 0.041412
0.35277 0.046959
0.39165 0.04136
0.30577 0.037859
0.12887 0.039721
0.39277 0.040691
0.40652 0.033675
0.39408 0.04098
0.37165 0.042437
0.42103 0.04213
0.40951 0.039224
0.40238 0.038782
0.41812 0.042925
0.40927 0.042357
0.45575 0.04575
0.41605 0.020801
0.41407 0.023169
0.48568 0.020037
0.50564 0.020069
0.39478 0.026772
0.4555 0.022147
0.3994 0.028119
0.44912 0.024053
0.39935 0.02816
0.39915 0.029159
0.42478 0.028515
0.45736 0.024518
0.42198 0.036071
0.43267 0.028676
0.44825 0.025388
0.49924 0.020623
0.43054 0.042061
0.4447 0.028569
0.46848 0.022744
0.46659 0.023786
0.45147 0.03357
0.44287 0.033844
0.48754 0.021191
0.49339 0.021538
0.44276 0.034958
0.47724 0.02289
0.55178 0.020852
0.55785 0.023579
0.57719 0.02132
0.59219 0.027932
0.5638 0.025708
0.59595 0.028867
0.55994 0.030374
0.58998 0.029674
0.53374 0.021582
0.54491 0.029401
0.58964 0.029625
0.58091 0.031183
0.53304 0.022253
0.52072 0.020546
0.5815 0.032345
0.57137 0.034734
0.54486 0.034778
0.54351 0.036532
0.57172 0.037788
0.54684 0.043341
0.51553 0.020696
0.5398 0.031849
0.54337 0.045076
0.54486 0.051392
0.52623 0.02188
0.61347 0.021361
0.60073 0.029816
0.62364 0.030072
0.61495 0.037743
0.60589 0.031912
0.61356 0.03745
0.59439 0.030661
0.60228 0.033722
0.6627 0.040096
0.59911 0.033696
0.59906 0.035203
0.69952 0.037935
0.78425 0.041282
0.57637 0.03733
0.58016 0.040643
0.67042 0.040878
0.59594 0.038937
0.55737 0.045608
0.55194 0.048198
0.59695 0.039863
0.62846 0.022703
0.63251 0.036834
0.63631 0.027991
0.72031 0.038407
0.67322 0.039696
0.89863 0.042021
0.69042 0.038027
0.77516 0.041051
0.77569 0.041032
0.67004 0.040871
0.62825 0.039303
0.64251 0.036707
0.81497 0.041717
0.65638 0.03739
0.93811 0.035918
0.91998 0.043104
0.94183 0.035029
0.67984 0.035887
0.88645 0.038562
0.7183 0.03646
0.95756 0.037476
0.94957 0.035085
0.95801 0.037634
0.64707 0.032458
0.95944 0.038142
0.70559 0.03377
0.78452 0.04028
0.95969 0.038224
0.68663 0.033126
0.8259 0.038498
0.71723 0.034222
0.95737 0.037194
0.95634 0.036794
0.65229 0.025481
0.8223 0.038604
0.73466 0.037387
0.95225 0.034511
0.95304 0.035548
0.95209 0.034503
0.6591 0.022899
0.95026 0.033414
0.71747 0.031779
0.93988 0.032845
0.9482 0.032782
0.9412 0.032637
0.67356 0.027794
0.75542 0.041055
0.70959 0.029698
0.90002 0.039853
0.92042 0.040537
0.6975 0.026743
0.74437 0.038326
0.6878 0.024287
0.77305 0.037225
0.88041 0.036502
0.86791 0.036688
0.69909 0.023909
0.85191 0.038165
0.74566 0.0357
0.78602 0.037502
0.71668 0.024432
0.78722 0.037495
0.7539 0.036261
0.82334 0.035833
0.8204 0.036463
0.73035 0.02497
0.82778 0.035269
0.73715 0.025285
0.8442 0.036129
0.82721 0.035308
0.84561 0.036242
0.74649 0.02782
0.85432 0.036399
0.7564 0.030077
0.86476 0.035147
0.86302 0.035476
0.75507 0.024443
0.87568 0.033859
0.76594 0.02522
0.79793 0.036981
0.87155 0.034035
0.88851 0.034009
0.77567 0.026694
0.89572 0.035241
0.7833 0.025873
0.80973 0.033984
0.89732 0.035519
0.90365 0.037168
0.78702 0.024202
0.9079 0.037087
0.7958 0.025032
0.91383 0.035629
0.90847 0.036879
0.91816 0.03479
0.80322 0.022046
0.92145 0.034065
0.82274 0.026904
0.92805 0.032212
0.92968 0.031704
0.82659 0.023126
0.89945 0.028694
0.8316 0.022896
0.94967 0.029432
0.94429 0.028568
0.95376 0.030772
0.84188 0.021493
0.96265 0.034749
0.86976 0.023502
0.96404 0.03454
0.96277 0.034779
0.88517 0.021693
0.92086 0.027333
0.90921 0.02557
0.92554 0.026453
0.96631 0.034212
0.96774 0.034827
0.91352 0.023176
0.97261 0.036002
0.93525 0.023198
0.97337 0.035883
0.97262 0.036001
0.97322 0.035903
0.96308 0.023207
0.97646 0.035811
0.97273 0.023437
0.97498 0.028258
0.97564 0.035807
0.97791 0.035646
