340
0.024752 0.020432
0.042118 0.02281
0.095311 0.020738
0.033722 0.027059
0.041731 0.026511
0.12443 0.020264
0.11118 0.023035
0.15416 0.021961
0.071299 0.026982
0.05238 0.026102
0.063011 0.026221
0.2028 0.021566
0.076791 0.027613
0.22267 0.021804
0.085427 0.029565
0.082076 0.028685
0.085758 0.029629
0.23824 0.021739
0.10572 0.029005
0.24511 0.023438
0.13478 0.027178
0.15487 0.026092
0.25108 0.025062
0.19102 0.027467
0.26298 0.026074
0.19748 0.02835
0.19078 0.027439
0.19528 0.028022
0.26133 0.028379
0.19856 0.028568
0.28131 0.025635
0.20443 0.029311
0.19844 0.028553
0.20557 0.02957
0.27576 0.029557
0.26209 0.031669
0.29511 0.022512
0.21252 0.030881
0.21178 0.030404
0.21292 0.030708
0.29791 0.03225
0.27149 0.033074
0.31191 0.021623
0.28523 0.035116
0.21572 0.031579
0.31589 0.028584
0.27878 0.035368
0.3234 0.029672
0.29583 0.041618
0.32313 0.034619
0.31048 0.037815
0.33352 0.022258
0.23744 0.034243
0.17997 0.029752
0.26617 0.036094
0.33688 0.023032
0.29105 0.040922
0.33452 0.032603
0.31392 0.040898
0.28515 0.038823
0.30966 0.04127
0.35024 0.02216
0.31731 0.040801
0.34236 0.032793
0.31902 0.04076
0.3183 0.040788
0.36556 0.027519
0.32198 0.040834
0.35404 0.030785
0.33561 0.038722
0.322 0.040842
0.31878 0.041078
0.37769 0.029615
0.33749 0.038336
0.37914 0.030965
0.33715 0.040476
0.17073 0.029947
0.3875 0.027307
0.12531 0.032459
0.38997 0.028322
0.36061 0.035862
0.13007 0.032228
0.11602 0.032846
0.38393 0.036926
0.074572 0.030792
0.3947 0.035235
0.36734 0.041873
0.087639 0.03367
0.052516 0.029846
0.3967 0.038007
0.038332 0.031925
0.40174 0.030376
0.038388 0.034649
0.036394 0.03377
0.39964 0.043786
0.04224 0.035075
0.40054 0.044821
0.21406 0.033908
0.045516 0.035281
0.40288 0.042667
0.087442 0.034512
0.40745 0.034296
0.07288 0.031992
0.045748 0.035655
0.40358 0.045767
0.044157 0.036118
0.41068 0.032588
0.044073 0.036174
0.044072 0.036129
0.043847 0.036168
0.40745 0.044149
0.074057 0.032789
0.35292 0.040369
0.047665 0.035991
0.044458 0.03616
0.41219 0.043317
0.29205 0.044896
0.41684 0.040335
0.082439 0.034476
0.15696 0.030734
0.29898 0.045911
0.42086 0.026529
0.3772 0.04833
0.43311 0.02262
0.42677 0.030429
0.37589 0.048843
0.42244 0.041594
0.39686 0.045851
0.42668 0.041171
0.36609 0.044855
0.18409 0.032087
0.42778 0.0405
0.44841 0.028818
0.42877 0.040438
0.40993 0.044925
0.45965 0.035547
0.44862 0.032564
0.4382 0.03455
0.45653 0.035612
0.44562 0.035358
0.42097 0.055339
0.46854 0.020491
0.4652 0.021897
0.52215 0.020128
0.52709 0.0203
0.43524 0.025706
0.5109 0.024086
0.44108 0.026033
0.5071 0.026107
0.441 0.026073
0.44035 0.02691
0.48047 0.02613
0.51124 0.029071
0.46849 0.030766
0.48884 0.027284
0.5062 0.027805
0.52562 0.022528
0.45511 0.039506
0.49902 0.030077
0.51647 0.027349
0.51488 0.029708
0.46304 0.040342
0.48766 0.034642
0.52268 0.02421
0.52422 0.025829
0.48189 0.036394
0.51932 0.028981
0.53755 0.022785
0.5391 0.031184
0.5457 0.023589
0.55359 0.035485
0.53947 0.037347
0.55593 0.036875
0.52994 0.045784
0.55245 0.039037
0.53305 0.027109
0.51548 0.045243
0.55222 0.039045
0.54444 0.044785
0.53263 0.03022
0.5304 0.022638
0.54444 0.046359
0.53662 0.051632
0.48325 0.044236
0.46948 0.043401
0.53794 0.05375
0.45311 0.044466
0.52928 0.023396
0.48869 0.044668
0.4431 0.046054
0.44143 0.046902
0.53151 0.028884
0.56317 0.022741
0.55879 0.038791
0.57095 0.037707
0.57523 0.053068
0.56243 0.043264
0.57442 0.052961
0.55547 0.039885
0.56139 0.045687
0.59781 0.055573
0.55926 0.044837
0.56044 0.047229
0.61905 0.040716
0.70232 0.044717
0.5424 0.053436
0.55009 0.053635
0.60062 0.051418
0.56381 0.052321
0.49659 0.048548
0.45934 0.044281
0.56656 0.053232
0.57139 0.024561
0.58282 0.049117
0.57782 0.034031
0.63904 0.040843
0.60167 0.048077
0.85733 0.030061
0.61242 0.043008
0.69422 0.041638
0.69473 0.041791
0.60045 0.051707
0.58161 0.051681
0.59046 0.053396
0.73997 0.032502
0.59555 0.054844
0.93493 0.032154
0.90895 0.032879
0.9391 0.032097
0.60488 0.041177
0.83113 0.03178
0.63651 0.03841
0.95628 0.035862
0.94751 0.033443
0.95677 0.036021
0.58784 0.0457
0.95828 0.03653
0.62345 0.034856
0.70202 0.04375
0.95854 0.036614
0.60843 0.037103
0.75746 0.032698
0.63489 0.035678
0.95606 0.035599
0.95493 0.035204
0.58526 0.031121
0.75254 0.032089
0.65051 0.041174
0.95033 0.03302
0.9513 0.033977
0.95016 0.033009
0.58776 0.025408
0.94804 0.031978
0.63458 0.032979
0.93649 0.030008
0.9457 0.03121
0.93793 0.030029
0.59735 0.030602
0.67478 0.040158
0.62654 0.030222
0.86121 0.029034
0.90911 0.031636
0.61514 0.028077
0.65877 0.04036
0.60758 0.025621
0.6891 0.036069
0.82321 0.032121
0.80897 0.033774
0.61656 0.024579
0.79037 0.034165
0.65899 0.037523
0.70164 0.040051
0.63326 0.024823
0.70237 0.039283
0.66787 0.036549
0.75348 0.030414
0.74907 0.030298
0.64494 0.026239
0.75948 0.030719
0.6501 0.026637
0.78081 0.032297
0.75872 0.030663
0.78264 0.032423
0.65774 0.028436
0.79333 0.032983
0.66821 0.029799
0.80576 0.032484
0.80375 0.032729
0.66671 0.024347
0.81835 0.030954
0.67795 0.024757
0.71174 0.034235
0.81349 0.031512
0.83674 0.028101
0.68996 0.026261
0.85181 0.02725
0.69656 0.02709
0.72927 0.027988
0.85548 0.027207
0.87024 0.027804
0.69977 0.024628
0.8802 0.027896
0.70874 0.024431
0.8933 0.027563
0.88149 0.02782
0.90259 0.027834
0.71788 0.021399
0.90911 0.027994
0.75153 0.024453
0.91875 0.027811
0.92109 0.027706
0.75709 0.022145
0.8612 0.023957
0.76392 0.02212
0.94693 0.028385
0.9409 0.02707
0.9516 0.029689
0.7775 0.021132
0.96153 0.033524
0.81241 0.022877
0.96301 0.033372
0.96166 0.033556
0.83246 0.021063
0.9072 0.024082
0.88273 0.022587
0.91455 0.023922
0.96541 0.033133
0.96695 0.033742
0.89184 0.02152
0.97216 0.034889
0.92914 0.022293
0.97296 0.034778
0.97216 0.034888
0.9728 0.034797
0.96181 0.022943
0.97624 0.034712
0.97219 0.023198
0.9746 0.027683
0.97536 0.034708
0.97778 0.034557
