340
0.02515 0.020399
0.043949 0.022605
0.10135 0.020678
0.034872 0.026523
0.043531 0.026034
0.13316 0.020245
0.11875 0.022775
0.16416 0.022012
0.075385 0.026472
0.054994 0.025667
0.066445 0.025771
0.20242 0.022391
0.081307 0.027049
0.21493 0.022962
0.090645 0.028842
0.087016 0.028034
0.091004 0.028901
0.22456 0.022893
0.11275 0.028209
0.22827 0.02575
0.14428 0.026786
0.16484 0.026276
0.23187 0.028443
0.19464 0.030724
0.23944 0.028912
0.19845 0.032433
0.19447 0.030671
0.19723 0.0318
0.23749 0.03261
0.19902 0.032835
0.25349 0.026146
0.20242 0.034396
0.19896 0.032804
0.20301 0.03487
0.24796 0.031818
0.23519 0.0381
0.26842 0.02231
0.20668 0.037279
0.20651 0.036447
0.20704 0.037019
0.27178 0.031646
0.24112 0.03853
0.28489 0.021886
0.2546 0.035701
0.20815 0.038684
0.28818 0.030063
0.2469 0.038627
0.2943 0.031387
0.26852 0.039307
0.29364 0.037253
0.28378 0.040591
0.30331 0.022635
0.21839 0.043692
0.18635 0.032959
0.23407 0.043197
0.3061 0.023549
0.26106 0.038637
0.30397 0.034741
0.28653 0.044072
0.25239 0.039352
0.28319 0.044001
0.31719 0.022598
0.28866 0.044098
0.31048 0.035504
0.28985 0.044074
0.28934 0.044101
0.33036 0.027425
0.29217 0.044145
0.31975 0.032841
0.30474 0.041842
0.2922 0.044151
0.28966 0.044341
0.34472 0.027876
0.30634 0.04151
0.34665 0.029034
0.30604 0.043448
0.1796 0.031874
0.35639 0.026604
0.13411 0.031546
0.359 0.02774
0.3241 0.037807
0.13928 0.03144
0.12404 0.031786
0.35274 0.034608
0.078915 0.029998
0.3637 0.034071
0.32899 0.040603
0.09304 0.032628
0.05514 0.029144
0.36543 0.036371
0.039867 0.031039
0.37164 0.028897
0.039928 0.03356
0.037767 0.032737
0.36794 0.040807
0.04408 0.033974
0.36888 0.041314
0.20566 0.042109
0.047606 0.034181
0.37192 0.039184
0.092826 0.033406
0.37869 0.031462
0.077091 0.031113
0.047855 0.034529
0.37261 0.041194
0.046143 0.03495
0.38299 0.029909
0.046053 0.035002
0.046052 0.03496
0.045809 0.034995
0.37804 0.039272
0.07836 0.031848
0.3178 0.04332
0.049919 0.034852
0.046467 0.034991
0.38466 0.038319
0.26161 0.040397
0.39091 0.036114
0.087409 0.03339
0.16677 0.031178
0.27351 0.042856
0.39581 0.025214
0.34247 0.04125
0.41095 0.022147
0.40321 0.028413
0.34006 0.041577
0.39821 0.037294
0.36499 0.042673
0.40362 0.037081
0.32705 0.042858
0.18852 0.036752
0.40499 0.036584
0.42991 0.026779
0.40624 0.036577
0.38148 0.039513
0.44474 0.032763
0.43031 0.029669
0.41746 0.031801
0.44122 0.032498
0.42673 0.031969
0.39638 0.047421
0.4549 0.020416
0.45095 0.02161
0.52148 0.020104
0.52769 0.020241
0.41354 0.024666
0.50805 0.023454
0.42051 0.02483
0.50356 0.02501
0.42042 0.024864
0.41965 0.025551
0.46906 0.025118
0.50845 0.027664
0.45483 0.029109
0.47923 0.025561
0.50251 0.02635
0.52585 0.022039
0.44021 0.035506
0.49358 0.027651
0.51462 0.026109
0.51275 0.028111
0.44889 0.037227
0.47719 0.031367
0.52215 0.023429
0.52409 0.024723
0.47021 0.033542
0.51799 0.027396
0.54084 0.022095
0.54294 0.028323
0.55226 0.022552
0.56364 0.030746
0.5441 0.032853
0.56703 0.031648
0.53234 0.040134
0.56222 0.033244
0.53517 0.025516
0.51295 0.040601
0.56191 0.033256
0.55166 0.03775
0.53464 0.027952
0.53183 0.022084
0.55179 0.038919
0.54189 0.043683
0.47076 0.039972
0.45595 0.039834
0.54383 0.045124
0.43844 0.03942
0.53044 0.022702
0.47657 0.039312
0.42482 0.040537
0.4227 0.041299
0.53323 0.026966
0.57747 0.021847
0.57124 0.032881
0.5892 0.03161
0.59591 0.041625
0.57667 0.035741
0.59466 0.041585
0.5665 0.033739
0.57523 0.037504
0.63224 0.045982
0.57213 0.037051
0.5739 0.038664
0.65257 0.040809
0.74686 0.047547
0.54968 0.044463
0.5598 0.043984
0.63516 0.044543
0.57888 0.041921
0.48655 0.041058
0.44531 0.040091
0.58284 0.042266
0.58984 0.022987
0.6075 0.038863
0.5998 0.029107
0.67075 0.041155
0.636 0.042776
0.84628 0.029415
0.64579 0.041902
0.73232 0.042087
0.7332 0.042318
0.63498 0.044654
0.60564 0.04049
0.62013 0.041667
0.76182 0.04411
0.62893 0.044386
0.93071 0.031103
0.90236 0.031838
0.93527 0.031059
0.63878 0.038893
0.81871 0.031689
0.66875 0.039284
0.95403 0.034518
0.94446 0.032308
0.95457 0.034662
0.61547 0.036774
0.95622 0.035124
0.65754 0.035312
0.74581 0.046831
0.9565 0.0352
0.64225 0.036083
0.76969 0.043799
0.66756 0.036665
0.95379 0.034278
0.95257 0.033919
0.61123 0.027188
0.76716 0.042587
0.68386 0.04006
0.94754 0.031927
0.9486 0.032804
0.94736 0.031916
0.6151 0.023512
0.94504 0.030967
0.66756 0.033819
0.93241 0.029145
0.94248 0.03026
0.93399 0.029166
0.62958 0.027978
0.70954 0.039973
0.66062 0.030703
0.85044 0.028413
0.90254 0.030695
0.64916 0.027847
0.69277 0.039627
0.64147 0.025249
0.72401 0.03705
0.811 0.032489
0.79784 0.036214
0.65061 0.024497
0.7847 0.041074
0.69295 0.037018
0.74311 0.044493
0.6667 0.025162
0.74367 0.044414
0.7022 0.036101
0.76641 0.039507
0.76417 0.039348
0.67812 0.026099
0.76935 0.040505
0.68375 0.026353
0.77932 0.041324
0.76899 0.04035
0.78016 0.04098
0.69154 0.028171
0.78648 0.038424
0.70237 0.029544
0.79535 0.035181
0.79388 0.035788
0.70082 0.024217
0.80635 0.031696
0.71229 0.024853
0.74943 0.043854
0.80174 0.032921
0.82456 0.027843
0.72362 0.026645
0.84038 0.026834
0.73002 0.027941
0.75312 0.037259
0.84431 0.026762
0.86016 0.027204
0.73293 0.02545
0.87102 0.027248
0.74005 0.02656
0.88529 0.026927
0.87243 0.027177
0.89545 0.027186
0.7454 0.022619
0.90254 0.027348
0.76249 0.028036
0.91302 0.027172
0.91556 0.027068
0.76555 0.023949
0.85042 0.023685
0.76894 0.023998
0.94383 0.027676
0.93725 0.026465
0.94893 0.028875
0.77593 0.022088
0.95976 0.032367
0.80067 0.023267
0.96138 0.032224
0.95991 0.032395
0.82008 0.021048
0.90046 0.02375
0.87377 0.022374
0.90845 0.023606
0.96402 0.032
0.9657 0.032553
0.8837 0.021393
0.97141 0.033592
0.92436 0.022096
0.97229 0.03349
0.97142 0.033591
0.97211 0.033508
0.96008 0.022691
0.97588 0.03343
0.97144 0.022919
0.97409 0.027014
0.97492 0.033426
0.97757 0.033289
