340
0.023559 0.020577
0.036565 0.024184
0.069283 0.02124
0.030276 0.029609
0.036274 0.029653
0.082813 0.020676
0.077259 0.026784
0.092867 0.026787
0.053192 0.031685
0.0428 0.030034
0.048978 0.030844
0.10732 0.02453
0.056543 0.032403
0.11486 0.024693
0.062046 0.034146
0.059909 0.033487
0.06226 0.034211
0.12077 0.024837
0.075734 0.037864
0.12308 0.029545
0.088128 0.040443
0.094696 0.04123
0.12544 0.034227
0.10527 0.043456
0.12974 0.036039
0.10761 0.045188
0.10519 0.043406
0.10685 0.044498
0.12934 0.042469
0.10795 0.045713
0.1369 0.033069
0.10972 0.046983
0.10792 0.045681
0.11012 0.047522
0.13484 0.043841
0.12994 0.051895
0.14355 0.024465
0.1128 0.050692
0.11243 0.049351
0.11293 0.050151
0.14556 0.039414
0.13335 0.05369
0.15368 0.023251
0.13933 0.05191
0.11416 0.052067
0.15555 0.037835
0.13632 0.05669
0.15936 0.03971
0.14617 0.053028
0.16003 0.049716
0.15464 0.053833
0.16408 0.024407
0.12348 0.065053
0.10289 0.051853
0.13097 0.064
0.16585 0.025723
0.14302 0.058114
0.16506 0.044458
0.15714 0.059669
0.13957 0.058782
0.15525 0.058893
0.17354 0.024155
0.15882 0.060643
0.16926 0.042935
0.15964 0.061245
0.1593 0.061019
0.18083 0.03146
0.16103 0.062153
0.17527 0.041171
0.16697 0.055492
0.16105 0.062183
0.15964 0.062121
0.19147 0.030249
0.16787 0.053968
0.1931 0.031146
0.16848 0.059465
0.10137 0.05474
0.20185 0.02663
0.086265 0.052409
0.20458 0.027281
0.17809 0.048437
0.08815 0.053037
0.082301 0.050743
0.19875 0.035382
0.054942 0.037866
0.21036 0.031181
0.18159 0.051456
0.063004 0.040187
0.043507 0.036286
0.21241 0.032522
0.035177 0.037286
0.22107 0.026946
0.036359 0.041463
0.034211 0.039642
0.21733 0.036639
0.039631 0.043128
0.2195 0.038222
0.11418 0.061337
0.041578 0.044252
0.22398 0.035174
0.062737 0.04207
0.23018 0.029709
0.05384 0.04004
0.041816 0.044985
0.22553 0.038153
0.041227 0.045803
0.23476 0.028694
0.041214 0.045974
0.041186 0.04582
0.041083 0.045897
0.2313 0.036895
0.054488 0.041286
0.17607 0.061571
0.042862 0.046135
0.041416 0.046019
0.2397 0.036757
0.14495 0.063124
0.24618 0.033239
0.059495 0.044168
0.0987 0.058219
0.15045 0.063014
0.24897 0.024711
0.19243 0.054779
0.26395 0.02281
0.25764 0.028756
0.19101 0.056416
0.25653 0.037959
0.2103 0.045944
0.26398 0.039908
0.1803 0.06151
0.10531 0.059963
0.26531 0.039513
0.29973 0.032987
0.26735 0.040734
0.2345 0.042601
0.31336 0.038088
0.30204 0.036922
0.2889 0.042108
0.30957 0.040204
0.30081 0.041264
0.34873 0.038869
0.31199 0.020635
0.30972 0.022553
0.43212 0.020019
0.50232 0.020029
0.26695 0.026807
0.36489 0.02107
0.27798 0.029696
0.35373 0.02276
0.27781 0.029737
0.2772 0.030849
0.32353 0.026333
0.36904 0.022085
0.31729 0.032202
0.33432 0.026917
0.35253 0.023798
0.47635 0.020258
0.32656 0.037099
0.3481 0.026743
0.39589 0.021193
0.39154 0.021609
0.35624 0.028516
0.34418 0.031407
0.43564 0.020593
0.44984 0.020623
0.34336 0.03235
0.415 0.021384
0.67194 0.020408
0.68379 0.022105
0.71007 0.021212
0.72437 0.028358
0.69259 0.02389
0.72801 0.029372
0.68704 0.026498
0.7224 0.030168
0.61604 0.02062
0.65644 0.024256
0.72206 0.030108
0.71427 0.031004
0.61426 0.020889
0.55525 0.020229
0.71539 0.03224
0.70552 0.031977
0.65794 0.026738
0.65584 0.027447
0.70791 0.034798
0.67164 0.03081
0.5419 0.020268
0.64046 0.024773
0.66339 0.031907
0.68279 0.039939
0.59477 0.020681
0.7443 0.021411
0.73283 0.03044
0.7557 0.02929
0.75003 0.037314
0.73823 0.032544
0.74814 0.037104
0.72692 0.031231
0.73526 0.034453
0.79596 0.047541
0.73221 0.03443
0.73253 0.035963
0.81883 0.056184
0.86293 0.058456
0.71271 0.035903
0.71832 0.041008
0.80166 0.048467
0.73068 0.040093
0.69924 0.039553
0.69485 0.041016
0.73192 0.04165
0.76009 0.022409
0.77235 0.035481
0.7694 0.027132
0.82777 0.05946
0.80394 0.046481
0.92501 0.059537
0.81493 0.053305
0.85909 0.058386
0.85932 0.058398
0.80133 0.048437
0.77047 0.039846
0.78329 0.038489
0.88892 0.061481
0.79194 0.042418
0.95218 0.057241
0.94204 0.05766
0.95336 0.057253
0.80871 0.043568
0.91944 0.060139
0.82692 0.05508
0.95804 0.057224
0.9557 0.057268
0.9582 0.057218
0.78363 0.033664
0.95873 0.057159
0.8215 0.047968
0.86306 0.055727
0.95883 0.057117
0.81245 0.041952
0.89265 0.060026
0.82658 0.049985
0.95805 0.056532
0.95772 0.056382
0.78541 0.026321
0.89142 0.058479
0.83459 0.051607
0.95685 0.053135
0.95684 0.055576
0.95679 0.053251
0.79085 0.02352
0.95642 0.051576
0.82695 0.044693
0.95319 0.050562
0.95583 0.051147
0.95362 0.050626
0.80277 0.029949
0.84972 0.050351
0.82356 0.039815
0.92686 0.053191
0.94255 0.050651
0.81776 0.03279
0.84076 0.046804
0.81253 0.02723
0.85897 0.048169
0.91682 0.057991
0.91112 0.06149
0.81861 0.027508
0.90384 0.06137
0.84214 0.042242
0.86483 0.048381
0.82725 0.029212
0.86549 0.048018
0.84893 0.041801
0.89208 0.052468
0.89096 0.052287
0.83382 0.029557
0.89376 0.052781
0.83746 0.028968
0.90047 0.055755
0.89355 0.052732
0.90115 0.056121
0.84363 0.030886
0.90524 0.058179
0.85114 0.033662
0.91001 0.057718
0.90921 0.058127
0.85043 0.025965
0.9152 0.053783
0.85812 0.027841
0.87488 0.042513
0.91326 0.054996
0.9217 0.050569
0.86426 0.030603
0.92524 0.048563
0.86891 0.02902
0.88701 0.040316
0.92602 0.04811
0.93074 0.046024
0.87128 0.02625
0.93424 0.04346
0.87764 0.026673
0.93872 0.042268
0.93468 0.043293
0.94171 0.041698
0.88372 0.022669
0.94381 0.041314
0.89568 0.033418
0.94813 0.040806
0.94912 0.04082
0.8982 0.026468
0.92853 0.035014
0.90058 0.026223
0.95722 0.042115
0.95547 0.041408
0.95847 0.042755
0.90527 0.023387
0.96243 0.043546
0.91628 0.02943
0.96394 0.041709
0.96253 0.043469
0.92231 0.023974
0.94405 0.031076
0.93587 0.027756
0.94711 0.030531
0.96651 0.03902
0.96785 0.038659
0.93904 0.024529
0.97256 0.038166
0.95262 0.026792
0.97335 0.03803
0.97257 0.038165
0.97319 0.038053
0.96509 0.024736
0.97645 0.037949
0.9736 0.023901
0.97558 0.029374
0.97562 0.037944
0.97791 0.03776
