340
0.025335 0.020385
0.044632 0.022584
0.094046 0.021027
0.035406 0.02636
0.044215 0.025981
0.11157 0.020538
0.10472 0.025127
0.12481 0.024257
0.074423 0.027611
0.055659 0.025856
0.066354 0.026314
0.15059 0.022378
0.079463 0.028746
0.16468 0.022694
0.086264 0.032043
0.08371 0.030466
0.08651 0.032186
0.17511 0.022552
0.10028 0.034022
0.17948 0.024975
0.11528 0.035886
0.12432 0.033343
0.18386 0.027179
0.14146 0.033164
0.19276 0.028064
0.14461 0.03373
0.14132 0.033163
0.14362 0.033444
0.19091 0.03118
0.14502 0.033994
0.20721 0.025932
0.14828 0.034573
0.14496 0.033981
0.14884 0.034901
0.20188 0.031323
0.1887 0.035714
0.22359 0.021943
0.15329 0.036394
0.15332 0.035615
0.15398 0.036061
0.22741 0.029434
0.19613 0.037203
0.24534 0.021346
0.20781 0.035115
0.15533 0.037416
0.25001 0.027113
0.2012 0.037821
0.25862 0.028002
0.2219 0.036359
0.25744 0.032131
0.24288 0.034811
0.27153 0.021886
0.16822 0.040691
0.12989 0.041014
0.18773 0.039532
0.27549 0.022575
0.21367 0.0371
0.27258 0.030592
0.24669 0.036879
0.20562 0.03867
0.24172 0.037131
0.29024 0.02212
0.24985 0.036822
0.28168 0.031534
0.25161 0.036794
0.25085 0.036816
0.30524 0.026828
0.25502 0.036809
0.29377 0.030712
0.27394 0.035741
0.25505 0.036813
0.25131 0.03697
0.32074 0.027528
0.27635 0.035652
0.32272 0.028502
0.276 0.036947
0.12544 0.042513
0.3331 0.025752
0.10819 0.044761
0.33625 0.026597
0.29831 0.035444
0.11017 0.045331
0.10431 0.042852
0.32858 0.033258
0.077438 0.032146
0.34259 0.031901
0.30373 0.038925
0.087182 0.037736
0.055805 0.029456
0.34569 0.033977
0.040557 0.030867
0.35128 0.028184
0.040617 0.033351
0.038406 0.032489
0.35036 0.038399
0.044757 0.033867
0.35159 0.039047
0.14938 0.039526
0.048272 0.034166
0.35435 0.038097
0.086877 0.038771
0.35894 0.031449
0.075749 0.033273
0.04852 0.034521
0.35575 0.040001
0.046812 0.034894
0.36253 0.029715
0.046722 0.034943
0.046721 0.034901
0.046479 0.034929
0.36035 0.039464
0.076788 0.034316
0.29243 0.039259
0.050577 0.03495
0.047135 0.034944
0.36484 0.03789
0.21396 0.038452
0.37122 0.033722
0.083197 0.037464
0.11928 0.044802
0.22805 0.038108
0.37714 0.024049
0.31712 0.0399
0.39639 0.02187
0.38742 0.026604
0.31449 0.039838
0.38203 0.033155
0.34685 0.038913
0.38935 0.03357
0.30157 0.040272
0.1275 0.044307
0.39078 0.03341
0.41755 0.026303
0.39215 0.033633
0.36266 0.039471
0.43235 0.032111
0.41797 0.029005
0.40363 0.030481
0.42888 0.031954
0.41424 0.030997
0.38094 0.039247
0.44378 0.0204
0.43953 0.021508
0.51201 0.020096
0.51871 0.020222
0.39925 0.02408
0.49757 0.023403
0.40699 0.02433
0.49319 0.025087
0.40689 0.024359
0.40603 0.024964
0.45746 0.025244
0.49798 0.027529
0.44372 0.028768
0.46786 0.025067
0.4922 0.026492
0.51668 0.021876
0.42756 0.034883
0.48377 0.027503
0.50462 0.025749
0.5026 0.027729
0.43677 0.036167
0.46589 0.030482
0.51273 0.023159
0.51481 0.024349
0.45817 0.033893
0.50825 0.026869
0.53307 0.021614
0.53561 0.025935
0.5528 0.021312
0.57308 0.026623
0.53722 0.02874
0.57847 0.027409
0.52428 0.038505
0.57087 0.027988
0.52693 0.024909
0.50441 0.039428
0.57038 0.027957
0.55146 0.02903
0.52636 0.02713
0.52332 0.021913
0.55169 0.029643
0.53351 0.037911
0.45831 0.039062
0.44497 0.039399
0.53573 0.037622
0.42548 0.038753
0.52181 0.022484
0.46502 0.037431
0.41244 0.038671
0.40945 0.038837
0.52484 0.026344
0.59451 0.021216
0.58514 0.028338
0.61239 0.028402
0.62229 0.037611
0.59358 0.030354
0.62096 0.037267
0.57771 0.028718
0.59143 0.031482
0.66321 0.039638
0.58667 0.031074
0.58942 0.032195
0.68754 0.039218
0.78661 0.040248
0.54692 0.033128
0.56742 0.033989
0.66718 0.038824
0.59728 0.034405
0.47865 0.039041
0.43204 0.03904
0.60351 0.034908
0.61325 0.022182
0.63467 0.036152
0.62556 0.027749
0.707 0.038946
0.6684 0.037695
0.87285 0.041104
0.68057 0.039185
0.7693 0.040681
0.7701 0.04052
0.66693 0.038867
0.63303 0.037596
0.6489 0.038678
0.80917 0.038086
0.65879 0.039569
0.92817 0.031145
0.90192 0.034436
0.93277 0.030915
0.67259 0.035077
0.86936 0.046364
0.70494 0.037823
0.9522 0.033748
0.94212 0.031892
0.95276 0.033876
0.64369 0.034862
0.9545 0.034284
0.69298 0.034282
0.78539 0.039865
0.9548 0.034351
0.67692 0.033336
0.82031 0.038752
0.70392 0.035429
0.95194 0.033525
0.95065 0.033204
0.6385 0.026271
0.81662 0.037719
0.72114 0.037741
0.94536 0.03144
0.94648 0.03225
0.94517 0.031434
0.64329 0.0231
0.94273 0.030582
0.70406 0.032764
0.92988 0.029094
0.94003 0.029959
0.93148 0.029074
0.66021 0.026305
0.75059 0.040335
0.69669 0.029984
0.87289 0.037857
0.90204 0.033025
0.6845 0.027161
0.73255 0.03808
0.67592 0.024298
0.76231 0.038361
0.86796 0.046687
0.86348 0.046315
0.68607 0.024144
0.84694 0.042493
0.73259 0.036036
0.78206 0.03882
0.70334 0.024757
0.78283 0.038575
0.74252 0.03631
0.81531 0.035653
0.81224 0.035244
0.71572 0.0256
0.81942 0.036725
0.72181 0.025741
0.83633 0.039754
0.81892 0.036572
0.83772 0.039983
0.73057 0.027629
0.8476 0.041825
0.74178 0.029569
0.85794 0.043839
0.85674 0.043633
0.74022 0.024146
0.86368 0.044489
0.75138 0.025158
0.79038 0.037673
0.86179 0.044356
0.86403 0.038686
0.7617 0.027127
0.86719 0.03482
0.76765 0.027854
0.79662 0.032617
0.86882 0.034608
0.8754 0.034518
0.77056 0.025061
0.88067 0.033047
0.77908 0.025323
0.88906 0.03025
0.88137 0.032608
0.89664 0.029294
0.78609 0.021949
0.90201 0.028949
0.80944 0.026203
0.9114 0.027942
0.91369 0.027719
0.8134 0.023141
0.87041 0.027628
0.81761 0.023277
0.94146 0.027427
0.93475 0.026352
0.94682 0.028485
0.82585 0.021873
0.95823 0.031631
0.8469 0.025763
0.95995 0.031474
0.95838 0.031655
0.85594 0.022258
0.90038 0.024649
0.88192 0.024098
0.90729 0.02416
0.96279 0.031227
0.9646 0.031721
0.88787 0.022111
0.97075 0.032616
0.92178 0.022182
0.97169 0.032522
0.97075 0.032616
0.9715 0.032538
0.95856 0.02253
0.97556 0.032466
0.97078 0.022709
0.97363 0.02651
0.97453 0.032462
0.97738 0.032335
