340
0.025364 0.020383
0.044906 0.022517
0.10318 0.020698
0.035491 0.026276
0.044475 0.025828
0.13198 0.020303
0.1198 0.023088
0.15299 0.023427
0.077235 0.026364
0.056311 0.025501
0.068076 0.025628
0.17756 0.022722
0.083242 0.02698
0.19043 0.022704
0.092595 0.028872
0.088961 0.028006
0.092955 0.028938
0.20136 0.022504
0.11408 0.028809
0.20575 0.024946
0.14061 0.029607
0.15331 0.03072
0.20997 0.027283
0.17008 0.034769
0.21871 0.028353
0.17258 0.035768
0.16996 0.034749
0.17181 0.035348
0.21701 0.03155
0.1729 0.036095
0.2322 0.026825
0.17538 0.036829
0.17286 0.036078
0.17579 0.037187
0.22757 0.032454
0.21532 0.036178
0.24573 0.022364
0.17896 0.038513
0.17907 0.037631
0.1795 0.038069
0.2489 0.031534
0.22271 0.038096
0.263 0.021774
0.23319 0.037482
0.18035 0.039453
0.26649 0.02945
0.22761 0.039511
0.27293 0.030654
0.24425 0.039909
0.272 0.036159
0.2611 0.039372
0.28268 0.022403
0.1934 0.040379
0.16202 0.040665
0.21479 0.04007
0.28575 0.023202
0.23779 0.040362
0.2834 0.033409
0.26396 0.042339
0.23166 0.041289
0.2602 0.042322
0.29833 0.022257
0.26629 0.04236
0.29072 0.033764
0.2676 0.042343
0.26704 0.042364
0.31376 0.026536
0.27014 0.042403
0.30137 0.031066
0.28427 0.039754
0.27016 0.042409
0.26738 0.042576
0.32904 0.027737
0.28609 0.039348
0.331 0.028783
0.28577 0.041037
0.15826 0.040413
0.34124 0.026019
0.13244 0.034458
0.3442 0.027
0.3069 0.035148
0.13663 0.03528
0.12417 0.033522
0.33673 0.033683
0.080843 0.029872
0.34979 0.032972
0.31332 0.038041
0.094994 0.032742
0.056462 0.028877
0.3522 0.035318
0.040691 0.030645
0.35788 0.028668
0.040755 0.033077
0.038507 0.032271
0.35531 0.039839
0.045042 0.033501
0.35619 0.040311
0.17592 0.042926
0.048682 0.033723
0.35867 0.038753
0.09478 0.033522
0.3648 0.031205
0.078982 0.03095
0.04894 0.034061
0.35935 0.040608
0.047171 0.034458
0.36915 0.029102
0.047079 0.034507
0.047077 0.034467
0.046827 0.034499
0.36386 0.039013
0.080282 0.031691
0.29945 0.040139
0.051071 0.034387
0.047506 0.034499
0.36997 0.036487
0.23803 0.042022
0.37841 0.032752
0.089354 0.033349
0.15194 0.039481
0.2492 0.042157
0.38522 0.024002
0.32683 0.040757
0.40331 0.021974
0.39489 0.027024
0.32483 0.040641
0.38969 0.033598
0.35241 0.040769
0.39659 0.03445
0.31111 0.039701
0.16101 0.044802
0.39795 0.034258
0.42359 0.026498
0.39923 0.03447
0.36681 0.038479
0.43819 0.032239
0.424 0.029278
0.41025 0.030965
0.43476 0.032149
0.42039 0.031387
0.38829 0.039651
0.44954 0.020397
0.44522 0.021506
0.51399 0.020098
0.52053 0.020226
0.40606 0.024292
0.49987 0.023437
0.41345 0.02452
0.49549 0.02511
0.41336 0.024551
0.41254 0.025184
0.46321 0.025751
0.50029 0.02761
0.44947 0.028693
0.47191 0.026012
0.49449 0.026514
0.51856 0.021913
0.43353 0.035147
0.48605 0.027819
0.50677 0.025858
0.50481 0.027856
0.44279 0.036215
0.4703 0.032442
0.5147 0.023237
0.51673 0.024444
0.46455 0.035418
0.51032 0.027032
0.53482 0.021671
0.53736 0.02633
0.55191 0.021632
0.56876 0.027703
0.53898 0.029496
0.5734 0.028512
0.52486 0.038629
0.56686 0.029368
0.52865 0.024937
0.50529 0.039921
0.56644 0.029349
0.55084 0.031278
0.52808 0.027176
0.52504 0.021933
0.55101 0.032036
0.53462 0.038556
0.46543 0.041427
0.45188 0.039264
0.53695 0.038745
0.43154 0.039127
0.52352 0.022516
0.46998 0.040654
0.41867 0.039378
0.41581 0.039627
0.52656 0.026398
0.58763 0.021355
0.5792 0.029444
0.6035 0.029625
0.61197 0.040384
0.58686 0.031543
0.61092 0.04004
0.57275 0.030031
0.58496 0.032836
0.65242 0.03899
0.58062 0.032502
0.58316 0.033686
0.67655 0.040249
0.77017 0.042191
0.54711 0.035802
0.56391 0.036597
0.65701 0.038631
0.5905 0.036079
0.4794 0.041399
0.43814 0.039247
0.59631 0.03682
0.60425 0.022505
0.62175 0.037922
0.61481 0.028896
0.69507 0.042586
0.65825 0.037633
0.84669 0.032097
0.67005 0.040209
0.7511 0.038007
0.75229 0.038059
0.65674 0.038647
0.62004 0.039783
0.63536 0.037987
0.78817 0.042534
0.64715 0.038418
0.9284 0.030681
0.89918 0.031655
0.93314 0.030621
0.66206 0.035388
0.83122 0.041452
0.69332 0.040716
0.95273 0.033866
0.94271 0.031788
0.95329 0.034001
0.63037 0.034843
0.95502 0.034436
0.68132 0.035086
0.76883 0.041479
0.95532 0.034508
0.66602 0.033946
0.79709 0.043714
0.69207 0.037743
0.95248 0.033637
0.9512 0.033299
0.62634 0.026593
0.79406 0.042257
0.70526 0.04225
0.94594 0.031412
0.94705 0.032247
0.94575 0.031402
0.63085 0.023105
0.94332 0.030502
0.69181 0.034678
0.93016 0.02879
0.94064 0.029832
0.93181 0.028806
0.64888 0.026
0.72692 0.042184
0.68443 0.030722
0.85005 0.030123
0.89936 0.030529
0.67283 0.027546
0.714 0.042154
0.66469 0.024474
0.74101 0.035552
0.82872 0.043447
0.82427 0.046193
0.6743 0.024367
0.81477 0.045732
0.71407 0.039504
0.76539 0.039389
0.69067 0.025426
0.76612 0.039375
0.72162 0.039018
0.79293 0.039533
0.79047 0.038955
0.7007 0.027005
0.7963 0.040967
0.70551 0.027164
0.80812 0.04407
0.79588 0.040767
0.80905 0.04407
0.71261 0.029314
0.81549 0.044275
0.72181 0.031255
0.82185 0.044244
0.82108 0.044418
0.72061 0.024939
0.82622 0.04216
0.73017 0.025314
0.77344 0.03973
0.82453 0.04318
0.83255 0.033806
0.74167 0.026027
0.84167 0.029643
0.7491 0.026629
0.77798 0.034948
0.8449 0.028971
0.85822 0.028151
0.75266 0.024453
0.86833 0.027699
0.76165 0.025218
0.88202 0.027037
0.86966 0.027569
0.89223 0.02713
0.76845 0.022114
0.89936 0.027233
0.7881 0.027706
0.91011 0.026981
0.91272 0.026869
0.79123 0.02391
0.85004 0.024435
0.79461 0.024104
0.94206 0.027353
0.93519 0.026205
0.94739 0.028488
0.80128 0.022326
0.95873 0.031794
0.81948 0.025679
0.96043 0.031653
0.95888 0.03182
0.82947 0.021899
0.89726 0.0237
0.87094 0.022493
0.90543 0.023527
0.9632 0.031431
0.96497 0.031953
0.88042 0.021422
0.97097 0.032927
0.92179 0.022025
0.97189 0.03283
0.97098 0.032926
0.97171 0.032847
0.95905 0.022566
0.97566 0.032773
0.971 0.022776
0.97379 0.026671
0.97466 0.032769
0.97745 0.032639
