340
0.025735 0.020358
0.046002 0.022604
0.094218 0.020974
0.036684 0.026055
0.045754 0.026022
0.11495 0.020435
0.10575 0.024268
0.13035 0.023277
0.073724 0.027651
0.056582 0.026215
0.066316 0.027
0.16323 0.022459
0.078427 0.028548
0.17577 0.022802
0.084891 0.031684
0.082536 0.03013
0.08513 0.031835
0.18671 0.022387
0.09889 0.032241
0.19111 0.024867
0.11771 0.033458
0.12862 0.030457
0.1962 0.02688
0.15471 0.031641
0.20508 0.027516
0.15852 0.033215
0.15451 0.031591
0.15737 0.032621
0.20433 0.03044
0.15905 0.033605
0.22008 0.026367
0.16255 0.034841
0.15899 0.033578
0.16322 0.035287
0.21607 0.03151
0.20477 0.034958
0.23457 0.02215
0.16758 0.03746
0.16739 0.036628
0.16802 0.037148
0.2385 0.030305
0.21296 0.03703
0.25463 0.021368
0.22178 0.036736
0.16932 0.038604
0.2595 0.027207
0.21766 0.038703
0.2682 0.029131
0.23373 0.038667
0.26839 0.033887
0.25333 0.035652
0.27798 0.022281
0.18256 0.03873
0.13581 0.035317
0.20612 0.037712
0.28108 0.022865
0.22697 0.039625
0.27911 0.032534
0.25826 0.037064
0.2208 0.039824
0.25265 0.03803
0.2971 0.021993
0.26189 0.037473
0.28798 0.031449
0.26394 0.037785
0.26306 0.037659
0.31308 0.025408
0.26787 0.038737
0.30154 0.03022
0.28109 0.037276
0.2679 0.038747
0.26366 0.037892
0.33411 0.02758
0.28353 0.036608
0.33609 0.02907
0.28378 0.037294
0.12701 0.037009
0.34369 0.027238
0.10579 0.038145
0.34611 0.028092
0.30708 0.034108
0.10968 0.038153
0.10084 0.037677
0.34137 0.036776
0.075239 0.032241
0.35034 0.033226
0.31454 0.035522
0.083335 0.036688
0.057893 0.030124
0.35273 0.034508
0.043316 0.030761
0.36 0.027508
0.043629 0.033072
0.041077 0.032104
0.35633 0.037727
0.048441 0.033671
0.3577 0.03814
0.16509 0.039443
0.05269 0.034008
0.36214 0.03669
0.082456 0.037177
0.36933 0.03085
0.073549 0.033896
0.053002 0.034249
0.36381 0.03831
0.051177 0.03444
0.37301 0.029333
0.051077 0.034468
0.051071 0.034442
0.050787 0.034455
0.36993 0.038813
0.07415 0.034919
0.30362 0.037819
0.054943 0.034583
0.051563 0.034475
0.3748 0.03804
0.22742 0.040709
0.38143 0.033601
0.078592 0.036701
0.12129 0.037974
0.24073 0.039983
0.38783 0.024012
0.33471 0.039756
0.40431 0.022402
0.39749 0.027817
0.3309 0.037615
0.39373 0.034766
0.35206 0.039316
0.39935 0.037166
0.31227 0.036592
0.1307 0.036842
0.40032 0.037158
0.42429 0.025846
0.40135 0.037557
0.37257 0.039081
0.43951 0.032286
0.42473 0.028364
0.40993 0.031914
0.43606 0.032343
0.42069 0.030733
0.39422 0.04014
0.45078 0.020422
0.44583 0.021525
0.52275 0.020085
0.53018 0.0202
0.40654 0.025025
0.50701 0.023459
0.41248 0.024653
0.50306 0.025196
0.4124 0.024691
0.41169 0.025415
0.46292 0.025682
0.50739 0.027633
0.4507 0.029229
0.47357 0.024261
0.50216 0.026606
0.52786 0.021623
0.43521 0.035438
0.49359 0.026993
0.514 0.025431
0.51198 0.027446
0.44385 0.036347
0.47176 0.029096
0.52351 0.022776
0.52575 0.023765
0.46467 0.034785
0.51834 0.02623
0.54499 0.021692
0.54729 0.026325
0.56369 0.021491
0.57919 0.029111
0.54869 0.029157
0.58361 0.030194
0.53564 0.036985
0.57829 0.030981
0.53925 0.02484
0.51261 0.038411
0.57788 0.030905
0.5629 0.030179
0.53871 0.026986
0.53553 0.021809
0.56331 0.030902
0.54495 0.0378
0.46697 0.038786
0.45417 0.039865
0.54715 0.037667
0.43361 0.039362
0.53378 0.022324
0.47301 0.035709
0.41943 0.038924
0.41566 0.039775
0.53718 0.02611
0.59457 0.021671
0.58879 0.031636
0.60966 0.028347
0.61404 0.039054
0.59575 0.034484
0.61298 0.038899
0.58388 0.032119
0.59476 0.036408
0.65605 0.038969
0.5912 0.035878
0.59359 0.037661
0.68679 0.037424
0.78922 0.037257
0.55892 0.034437
0.57972 0.039244
0.66127 0.039014
0.59891 0.040023
0.49317 0.037058
0.44024 0.039215
0.60311 0.039668
0.61051 0.022202
0.62536 0.038653
0.62254 0.028403
0.7071 0.036855
0.66382 0.038307
0.89316 0.038186
0.67792 0.03844
0.77052 0.037882
0.7714 0.038138
0.66087 0.039027
0.62303 0.039071
0.6377 0.038047
0.81556 0.040154
0.65103 0.038644
0.93196 0.03513
0.91808 0.038203
0.93504 0.034698
0.6695 0.035073
0.89008 0.038111
0.70475 0.036288
0.95226 0.034399
0.9433 0.034311
0.95274 0.034431
0.63515 0.034865
0.95458 0.034525
0.69198 0.032739
0.78732 0.037547
0.95488 0.034537
0.67406 0.032945
0.82973 0.039942
0.70361 0.034035
0.95204 0.034292
0.95106 0.034192
0.63442 0.026238
0.82506 0.039265
0.72498 0.036972
0.94629 0.033617
0.94745 0.034009
0.9461 0.033641
0.63952 0.02299
0.94366 0.033347
0.70384 0.031561
0.93271 0.033154
0.94095 0.03334
0.93384 0.033091
0.65726 0.026105
0.75266 0.036999
0.69533 0.028913
0.89217 0.036068
0.91664 0.037619
0.68173 0.026679
0.73497 0.036529
0.6729 0.024187
0.76537 0.035359
0.88765 0.038242
0.87658 0.037766
0.68364 0.023838
0.85732 0.03813
0.73473 0.034804
0.78376 0.037449
0.70299 0.024285
0.78484 0.037264
0.7458 0.034503
0.82391 0.037372
0.82075 0.037038
0.71666 0.024987
0.82881 0.039213
0.72381 0.025313
0.84276 0.039678
0.82819 0.038984
0.84429 0.03852
0.73269 0.02695
0.85824 0.038017
0.74533 0.028384
0.86662 0.039131
0.86549 0.039036
0.74384 0.023682
0.87669 0.037177
0.75634 0.02426
0.79696 0.034669
0.87354 0.038383
0.87686 0.03387
0.76928 0.025994
0.88141 0.031127
0.77665 0.027463
0.808 0.033941
0.8847 0.031355
0.89392 0.033783
0.77957 0.024664
0.89831 0.034937
0.78767 0.024582
0.90508 0.033661
0.89882 0.034664
0.90989 0.032522
0.79783 0.021552
0.91353 0.032727
0.81965 0.027049
0.92014 0.031667
0.92169 0.031312
0.82332 0.023436
0.88581 0.025954
0.82739 0.023718
0.94152 0.02998
0.93595 0.029147
0.94651 0.030291
0.83408 0.022139
0.95704 0.032093
0.85776 0.024982
0.95854 0.031604
0.95719 0.032091
0.86644 0.022013
0.91236 0.026277
0.89814 0.024533
0.91729 0.025866
0.96125 0.030829
0.96322 0.030985
0.90334 0.022677
0.96989 0.031053
0.92809 0.023155
0.97091 0.03097
0.96989 0.031052
0.97071 0.030984
0.95563 0.022584
0.97514 0.03092
0.96948 0.022374
0.97273 0.025703
0.97401 0.030917
0.97713 0.030806
