340
0.025432 0.020378
0.044681 0.022728
0.090546 0.02103
0.035804 0.026373
0.044444 0.02631
0.1101 0.020461
0.10143 0.024526
0.1247 0.023442
0.071125 0.028052
0.054803 0.026508
0.064082 0.027352
0.15667 0.022483
0.075597 0.029007
0.16914 0.022785
0.081726 0.032333
0.079498 0.030686
0.081952 0.032494
0.1803 0.022309
0.094963 0.032963
0.1849 0.02465
0.1127 0.03424
0.12305 0.030995
0.19021 0.026437
0.14826 0.031824
0.1999 0.026781
0.152 0.033384
0.14806 0.031775
0.15088 0.032792
0.19906 0.029448
0.15253 0.033775
0.21703 0.025261
0.15599 0.034992
0.15247 0.033748
0.15665 0.035436
0.21238 0.029765
0.19968 0.033508
0.23548 0.021803
0.16099 0.03758
0.16081 0.036745
0.16143 0.037262
0.24027 0.028993
0.20922 0.034723
0.25716 0.021334
0.22002 0.033626
0.16272 0.038711
0.26202 0.027069
0.2148 0.035665
0.27087 0.028794
0.23687 0.035591
0.27117 0.033335
0.2564 0.035225
0.28131 0.022135
0.17599 0.03831
0.1299 0.035997
0.20133 0.0359
0.2847 0.022663
0.22758 0.035541
0.2831 0.031631
0.26107 0.036692
0.21912 0.036229
0.25599 0.037522
0.30183 0.021838
0.26462 0.037177
0.29255 0.03069
0.26671 0.037535
0.26581 0.037389
0.31954 0.025123
0.27075 0.038039
0.30665 0.029257
0.28603 0.035846
0.27078 0.038046
0.26643 0.037633
0.34057 0.027694
0.28862 0.035153
0.3424 0.029258
0.28903 0.035845
0.12152 0.037901
0.34975 0.027556
0.10147 0.039243
0.35206 0.028402
0.3134 0.032804
0.10514 0.039266
0.096811 0.038727
0.34729 0.037377
0.072566 0.032888
0.35578 0.033508
0.32197 0.034797
0.080255 0.037608
0.056057 0.030606
0.35792 0.034521
0.042111 0.031289
0.36586 0.027039
0.042411 0.033712
0.039969 0.032712
0.36116 0.037164
0.047015 0.034306
0.3627 0.037333
0.15852 0.039609
0.05108 0.034651
0.36785 0.035323
0.079423 0.03812
0.37624 0.029641
0.070959 0.034623
0.051378 0.034905
0.3697 0.036555
0.049632 0.035096
0.38051 0.028367
0.049537 0.035126
0.049531 0.035099
0.049259 0.035112
0.37672 0.03671
0.071531 0.035703
0.31025 0.03599
0.053235 0.035264
0.050001 0.035135
0.38248 0.036084
0.22845 0.036441
0.38977 0.032532
0.075754 0.037599
0.11607 0.03898
0.24522 0.03792
0.39649 0.023803
0.3412 0.040132
0.41445 0.022236
0.40692 0.027173
0.33751 0.037755
0.40322 0.033626
0.35686 0.039447
0.40952 0.035664
0.31958 0.035635
0.12503 0.037687
0.41062 0.035657
0.43502 0.025904
0.41176 0.036063
0.37979 0.036885
0.45005 0.032504
0.43546 0.028442
0.42065 0.031398
0.44658 0.03253
0.43144 0.030623
0.4042 0.038737
0.46117 0.020414
0.45624 0.021506
0.5287 0.020099
0.53479 0.020245
0.41685 0.024724
0.51425 0.023579
0.42318 0.024492
0.51041 0.025592
0.42309 0.024528
0.42235 0.025213
0.47376 0.025542
0.51463 0.027884
0.46109 0.029065
0.4846 0.024509
0.50954 0.02715
0.53289 0.021998
0.44573 0.035641
0.50195 0.027957
0.52111 0.025927
0.51909 0.027985
0.45435 0.03627
0.48272 0.029488
0.52933 0.023273
0.53116 0.024542
0.47584 0.034576
0.5251 0.027051
0.54694 0.022038
0.54885 0.027593
0.56284 0.021626
0.57798 0.028748
0.55007 0.030972
0.5827 0.029467
0.54118 0.041197
0.5769 0.03061
0.54214 0.025871
0.52081 0.039698
0.57651 0.030568
0.56193 0.031167
0.54169 0.02848
0.53917 0.022205
0.56223 0.031924
0.5477 0.041975
0.47852 0.038858
0.46506 0.039447
0.54925 0.041581
0.44428 0.039565
0.53773 0.022839
0.48472 0.03656
0.43061 0.038673
0.42685 0.039354
0.5405 0.027432
0.5952 0.021535
0.58851 0.030381
0.61009 0.029228
0.61442 0.041069
0.5966 0.033478
0.6135 0.040893
0.58273 0.031229
0.59541 0.035044
0.65242 0.0391
0.59109 0.033948
0.59395 0.035916
0.68434 0.038868
0.77402 0.037854
0.55809 0.036271
0.57682 0.038389
0.65794 0.03858
0.60071 0.039408
0.50068 0.039549
0.45081 0.039538
0.60482 0.040123
0.61086 0.022433
0.62437 0.040553
0.62176 0.029263
0.70198 0.038408
0.66082 0.037614
0.89586 0.03944
0.67671 0.038632
0.7556 0.038972
0.75643 0.039045
0.65749 0.038638
0.62232 0.041049
0.63527 0.039708
0.80162 0.037622
0.64758 0.039337
0.93446 0.035545
0.92053 0.038107
0.9375 0.035176
0.66699 0.034229
0.89326 0.039367
0.69978 0.037745
0.95398 0.035245
0.9455 0.034973
0.95443 0.035283
0.63308 0.036356
0.95618 0.035398
0.68864 0.033944
0.77256 0.037998
0.95645 0.035413
0.67183 0.032587
0.81759 0.037039
0.69878 0.035331
0.95377 0.03513
0.95284 0.035015
0.63254 0.026896
0.8129 0.036845
0.71817 0.039426
0.94833 0.034314
0.94943 0.034754
0.94815 0.034335
0.637 0.023276
0.94584 0.033972
0.69906 0.032669
0.93523 0.033531
0.94327 0.033905
0.93633 0.033491
0.65378 0.026113
0.74005 0.040671
0.6916 0.029783
0.89508 0.037257
0.91904 0.037464
0.67927 0.026892
0.72629 0.040093
0.67024 0.024027
0.75102 0.037294
0.89121 0.038793
0.87978 0.035164
0.68101 0.024018
0.85256 0.033202
0.72627 0.037987
0.76909 0.037485
0.69847 0.024711
0.77026 0.037363
0.73456 0.037855
0.81175 0.035309
0.80789 0.035067
0.71113 0.025427
0.81669 0.036467
0.71768 0.026063
0.83308 0.034735
0.81606 0.036328
0.835 0.033855
0.72519 0.028481
0.85376 0.033179
0.73514 0.030359
0.86579 0.034374
0.86422 0.034251
0.73392 0.024562
0.87991 0.034693
0.74433 0.025047
0.78109 0.03556
0.87551 0.034764
0.88003 0.031909
0.75545 0.026442
0.88539 0.030384
0.76266 0.027448
0.79253 0.032909
0.88843 0.031167
0.8967 0.034675
0.76574 0.024673
0.90051 0.035571
0.77418 0.024676
0.90722 0.033772
0.90099 0.035248
0.91234 0.032323
0.78343 0.021638
0.91608 0.032525
0.80694 0.026229
0.92293 0.031673
0.92448 0.031361
0.81113 0.023056
0.88938 0.025958
0.81549 0.023231
0.94382 0.030412
0.93843 0.029458
0.94854 0.030822
0.82329 0.021805
0.9585 0.032839
0.85445 0.023659
0.95991 0.032329
0.95864 0.032837
0.86641 0.021516
0.91504 0.026162
0.9008 0.024729
0.92008 0.025828
0.96246 0.031524
0.96431 0.031703
0.90581 0.022723
0.97054 0.03182
0.93076 0.023217
0.9715 0.031731
0.97055 0.031819
0.97131 0.031746
0.95716 0.022741
0.97545 0.031679
0.97016 0.022538
0.9732 0.026099
0.9744 0.031676
0.97732 0.031556
