340
0.023143 0.020653
0.034362 0.024584
0.066798 0.021157
0.029074 0.031025
0.034136 0.0306
0.085318 0.020425
0.076919 0.024693
0.10276 0.023555
0.051167 0.031329
0.040332 0.030665
0.04626 0.03058
0.12953 0.022348
0.054523 0.032013
0.14381 0.022683
0.058498 0.035279
0.057135 0.033608
0.058641 0.035424
0.15424 0.022709
0.070811 0.034355
0.15803 0.025452
0.089806 0.032109
0.10243 0.031065
0.16196 0.028036
0.12035 0.033196
0.16991 0.028784
0.12341 0.033642
0.1202 0.033201
0.12252 0.033393
0.16851 0.032226
0.12376 0.033891
0.18352 0.026174
0.12653 0.034355
0.12371 0.03388
0.127 0.034672
0.17885 0.032008
0.16735 0.037267
0.19988 0.021844
0.13125 0.036344
0.1314 0.035576
0.13207 0.036039
0.204 0.028777
0.17459 0.038643
0.22389 0.021185
0.1848 0.035725
0.13347 0.037403
0.22925 0.026225
0.17957 0.03898
0.23908 0.027041
0.19832 0.035674
0.23773 0.030655
0.22108 0.03311
0.25358 0.021705
0.1479 0.040931
0.11006 0.039328
0.16722 0.040997
0.25792 0.022346
0.19035 0.037305
0.25472 0.029596
0.22545 0.034832
0.1834 0.039568
0.21977 0.035207
0.2741 0.021895
0.22906 0.034724
0.26468 0.0305
0.23107 0.034684
0.23021 0.034708
0.29179 0.025351
0.23496 0.034718
0.27806 0.029377
0.25615 0.0343
0.235 0.034722
0.23073 0.034839
0.31276 0.026354
0.25877 0.034274
0.315 0.02741
0.25837 0.035448
0.10505 0.039103
0.32546 0.02569
0.076783 0.040359
0.32857 0.02645
0.28281 0.032968
0.079697 0.039897
0.072302 0.040639
0.32112 0.032692
0.051442 0.037752
0.33485 0.031226
0.28901 0.035093
0.05662 0.042468
0.039841 0.037256
0.33822 0.032938
0.031661 0.039117
0.34473 0.027402
0.031326 0.043531
0.030239 0.041868
0.34328 0.036552
0.033336 0.044683
0.34466 0.037307
0.12678 0.039051
0.034968 0.045372
0.34787 0.036979
0.05595 0.043548
0.35323 0.030998
0.049723 0.040166
0.035016 0.045957
0.34942 0.038972
0.034141 0.046443
0.35672 0.029506
0.034089 0.046513
0.034096 0.04645
0.033977 0.046482
0.35438 0.038979
0.049971 0.041581
0.27593 0.037073
0.035892 0.046708
0.034285 0.046533
0.35843 0.037842
0.19072 0.038629
0.365 0.033939
0.053431 0.043548
0.096433 0.038354
0.20489 0.036792
0.37118 0.024007
0.30908 0.035923
0.39041 0.021944
0.38167 0.02663
0.30506 0.035179
0.37597 0.033097
0.33912 0.037384
0.38354 0.033666
0.28606 0.036533
0.10787 0.041064
0.38494 0.033532
0.4108 0.026413
0.38627 0.033812
0.35628 0.039231
0.4257 0.032
0.41121 0.029155
0.39733 0.030888
0.42214 0.031934
0.40755 0.031331
0.37455 0.039073
0.43717 0.020393
0.43279 0.021473
0.51176 0.020089
0.51904 0.020205
0.39319 0.024239
0.49601 0.023086
0.40048 0.024497
0.49114 0.024587
0.40038 0.024527
0.39955 0.025156
0.45103 0.025104
0.49647 0.026831
0.4371 0.028596
0.46217 0.024506
0.49003 0.025846
0.51683 0.021733
0.42092 0.034888
0.48065 0.026621
0.50374 0.02526
0.50155 0.027053
0.43059 0.035791
0.45986 0.029488
0.51254 0.022913
0.5148 0.024014
0.452 0.033437
0.50767 0.026314
0.53451 0.021493
0.53724 0.025476
0.55607 0.021192
0.57845 0.026
0.53897 0.028049
0.5844 0.026722
0.52504 0.037147
0.576 0.027231
0.52789 0.024554
0.50351 0.03777
0.57546 0.027203
0.55459 0.028203
0.52728 0.026613
0.52401 0.021772
0.55484 0.02876
0.53498 0.036564
0.45252 0.038405
0.43976 0.039112
0.53736 0.036257
0.41889 0.038819
0.52238 0.0223
0.45915 0.035896
0.40574 0.03938
0.40276 0.039561
0.52564 0.02588
0.60204 0.021094
0.59174 0.027577
0.62218 0.027471
0.63318 0.03573
0.60102 0.029328
0.6317 0.035406
0.58356 0.027907
0.59866 0.030377
0.67692 0.0379
0.59341 0.03006
0.59644 0.031053
0.70433 0.039973
0.8122 0.040566
0.54959 0.03196
0.57219 0.032661
0.68164 0.037475
0.60512 0.032907
0.4749 0.036566
0.42587 0.038872
0.61214 0.033243
0.62314 0.02194
0.64676 0.035193
0.63694 0.026969
0.72114 0.0399
0.68324 0.036495
0.91157 0.038353
0.69711 0.039161
0.79237 0.035894
0.79341 0.035907
0.68132 0.037499
0.645 0.036397
0.6606 0.037749
0.83289 0.038979
0.67176 0.037819
0.94606 0.038522
0.93501 0.043218
0.94815 0.037871
0.68801 0.034217
0.90813 0.039189
0.71929 0.038823
0.95995 0.03981
0.95355 0.038828
0.96031 0.039917
0.65586 0.034335
0.96143 0.040262
0.70836 0.035148
0.81106 0.039809
0.96163 0.040315
0.69237 0.03279
0.84516 0.039695
0.71826 0.036344
0.95976 0.039523
0.95892 0.03923
0.65099 0.026026
0.84085 0.038685
0.73414 0.038559
0.95537 0.037546
0.95623 0.038528
0.95525 0.03758
0.65583 0.02299
0.95355 0.036681
0.71824 0.033517
0.94592 0.03492
0.95171 0.035974
0.94675 0.034835
0.67396 0.025699
0.76597 0.035377
0.71122 0.030726
0.90932 0.036054
0.93386 0.041584
0.69974 0.027288
0.74432 0.037704
0.69093 0.02409
0.78293 0.033469
0.90527 0.038646
0.8939 0.036881
0.70133 0.024251
0.86966 0.041064
0.74459 0.035654
0.80777 0.037547
0.71739 0.025049
0.80857 0.037576
0.75557 0.033717
0.83935 0.036472
0.83619 0.036053
0.72926 0.025857
0.84391 0.03779
0.73508 0.026002
0.86068 0.040465
0.84333 0.037605
0.86199 0.040583
0.74334 0.027606
0.87021 0.040535
0.75553 0.028072
0.88114 0.037913
0.87963 0.038242
0.75357 0.023587
0.89381 0.036177
0.76783 0.023866
0.8157 0.038653
0.88931 0.036543
0.89305 0.033153
0.78212 0.025217
0.89766 0.030828
0.79016 0.025945
0.82126 0.0337
0.90032 0.031086
0.91046 0.033685
0.79398 0.023939
0.91583 0.034485
0.80454 0.02467
0.92168 0.033872
0.91622 0.034243
0.92631 0.033914
0.81198 0.021937
0.92988 0.034392
0.83368 0.026596
0.93467 0.033105
0.93573 0.032778
0.83738 0.023304
0.90044 0.025875
0.84139 0.023464
0.95192 0.031811
0.94769 0.030264
0.95557 0.032823
0.84932 0.021968
0.9635 0.036099
0.86988 0.025445
0.96472 0.035689
0.96361 0.036115
0.87998 0.02181
0.92706 0.027196
0.91334 0.024424
0.93146 0.026756
0.96684 0.035031
0.96826 0.035481
0.91843 0.022689
0.97297 0.03615
0.94 0.023685
0.97369 0.036029
0.97298 0.036149
0.97355 0.036049
0.96329 0.023497
0.97662 0.035957
0.9728 0.023468
0.97503 0.028333
0.97584 0.035953
0.97801 0.03579
