340
0.025286 0.020388
0.044046 0.02279
0.089267 0.021041
0.035377 0.026536
0.043813 0.026452
0.10855 0.020469
0.10003 0.024594
0.12286 0.023517
0.070058 0.028142
0.053967 0.026627
0.063092 0.027456
0.15429 0.022508
0.074481 0.029107
0.16664 0.022813
0.080542 0.032469
0.07834 0.030804
0.080766 0.032631
0.17769 0.022327
0.093637 0.033124
0.18226 0.02468
0.11109 0.034508
0.12125 0.031232
0.18755 0.02647
0.14597 0.031969
0.19719 0.026818
0.14967 0.033522
0.14577 0.031921
0.14856 0.032928
0.19635 0.029499
0.15019 0.033917
0.21422 0.025302
0.15362 0.035146
0.15013 0.03389
0.15428 0.035593
0.20959 0.029829
0.19697 0.033582
0.23248 0.021825
0.15857 0.037758
0.15839 0.036915
0.15901 0.037436
0.23722 0.029112
0.20645 0.034815
0.25385 0.021353
0.21718 0.033739
0.16028 0.038899
0.25863 0.027163
0.212 0.035778
0.26739 0.028885
0.23386 0.035783
0.26769 0.033471
0.2531 0.035453
0.27773 0.022138
0.17342 0.038469
0.12795 0.036369
0.19861 0.03599
0.28114 0.022659
0.22467 0.035697
0.27953 0.03163
0.25769 0.036917
0.21629 0.036361
0.25269 0.037786
0.29844 0.021774
0.26121 0.03739
0.28905 0.030574
0.26328 0.037741
0.26239 0.037598
0.31722 0.024565
0.26727 0.038228
0.30355 0.02882
0.28249 0.035804
0.2673 0.038234
0.263 0.037843
0.34258 0.026194
0.28509 0.035078
0.34487 0.027411
0.2855 0.035761
0.11975 0.038278
0.35411 0.026239
0.10007 0.039528
0.35701 0.027237
0.31072 0.031864
0.10367 0.039579
0.095465 0.038972
0.35272 0.033879
0.071484 0.033031
0.36316 0.032504
0.32009 0.032971
0.079088 0.037802
0.055196 0.030794
0.36595 0.033969
0.041528 0.031553
0.37113 0.02769
0.041821 0.03403
0.03943 0.033019
0.36994 0.037394
0.046333 0.034614
0.37134 0.038071
0.15612 0.039808
0.050318 0.034944
0.37509 0.037698
0.078265 0.03832
0.38062 0.031528
0.069894 0.034786
0.05061 0.035201
0.37697 0.039587
0.048898 0.035407
0.3837 0.030155
0.048805 0.035437
0.048799 0.03541
0.048533 0.035425
0.38222 0.040202
0.070459 0.035877
0.30738 0.035086
0.05243 0.035554
0.04926 0.035445
0.38596 0.039681
0.22553 0.036609
0.39118 0.035708
0.074636 0.037794
0.11441 0.039353
0.2421 0.038182
0.39643 0.024497
0.34498 0.036093
0.41309 0.022294
0.40581 0.027664
0.33941 0.034396
0.40195 0.035089
0.36686 0.038481
0.40816 0.036238
0.3173 0.033928
0.12318 0.038076
0.40925 0.036199
0.43382 0.025696
0.41038 0.036603
0.38411 0.040617
0.44993 0.031741
0.43428 0.028138
0.41911 0.031449
0.44622 0.031835
0.43021 0.030312
0.40262 0.040507
0.46128 0.020424
0.4562 0.021484
0.52771 0.020108
0.5332 0.02026
0.41542 0.024808
0.51383 0.023549
0.42163 0.024479
0.50986 0.025403
0.42154 0.024516
0.42077 0.025211
0.47275 0.025968
0.51421 0.027838
0.46121 0.029278
0.48307 0.024524
0.50896 0.026905
0.53149 0.022158
0.44567 0.03478
0.50112 0.027674
0.52087 0.026155
0.51882 0.02818
0.45515 0.035858
0.48112 0.029641
0.52828 0.023578
0.52993 0.024997
0.47458 0.035465
0.52446 0.027507
0.5456 0.021872
0.54774 0.026863
0.56218 0.021692
0.5762 0.029013
0.54915 0.030086
0.58076 0.029537
0.53929 0.040876
0.57489 0.030981
0.54025 0.025716
0.52224 0.040676
0.57455 0.030956
0.56155 0.031525
0.53975 0.028302
0.53715 0.022224
0.56193 0.032342
0.54785 0.040247
0.47676 0.039619
0.46584 0.040607
0.54979 0.039993
0.44456 0.038513
0.53585 0.022908
0.483 0.036532
0.42986 0.038139
0.42592 0.038938
0.53845 0.027381
0.59382 0.021447
0.58657 0.030172
0.61004 0.028322
0.61319 0.039252
0.59411 0.0326
0.61211 0.038982
0.58033 0.031312
0.5924 0.034086
0.65447 0.039655
0.58821 0.033453
0.59062 0.03495
0.68169 0.039862
0.77834 0.037645
0.55904 0.036225
0.57332 0.039664
0.66008 0.039743
0.59658 0.037827
0.50056 0.038923
0.45175 0.038602
0.60159 0.038313
0.6109 0.02219
0.62485 0.039629
0.62291 0.028749
0.69942 0.039054
0.66247 0.039028
0.89892 0.039819
0.67498 0.040559
0.75895 0.037381
0.75993 0.037524
0.65962 0.039752
0.6226 0.039972
0.63663 0.03942
0.8057 0.037822
0.64956 0.039359
0.9364 0.036172
0.92298 0.038708
0.93932 0.035802
0.66741 0.035942
0.89637 0.039723
0.69774 0.038262
0.9551 0.035929
0.94699 0.035626
0.95553 0.035968
0.63433 0.03607
0.95721 0.03609
0.68677 0.034262
0.77683 0.037734
0.95747 0.036106
0.67148 0.034198
0.82151 0.037197
0.697 0.035739
0.9549 0.035808
0.95402 0.035688
0.63389 0.026771
0.81686 0.037008
0.71272 0.038942
0.94969 0.03495
0.95075 0.035413
0.94953 0.034972
0.63843 0.023237
0.94731 0.034583
0.69742 0.033021
0.93714 0.03408
0.94486 0.034502
0.9382 0.034043
0.6552 0.026357
0.74044 0.03762
0.69019 0.029887
0.89816 0.037587
0.92154 0.038025
0.67816 0.027449
0.72173 0.037674
0.67024 0.024581
0.75368 0.035471
0.89434 0.039121
0.8831 0.035378
0.6797 0.0243
0.85618 0.033326
0.72244 0.035788
0.77328 0.037095
0.69706 0.024838
0.77448 0.037028
0.7336 0.034829
0.81572 0.035458
0.81191 0.035214
0.70913 0.02568
0.82062 0.036621
0.71537 0.025862
0.83687 0.034864
0.81999 0.036481
0.83877 0.033976
0.72356 0.027486
0.85737 0.033305
0.73566 0.028655
0.86927 0.034535
0.86772 0.034407
0.73419 0.023792
0.88323 0.034901
0.74648 0.024385
0.78547 0.035602
0.87888 0.034958
0.88334 0.032078
0.75901 0.025901
0.88862 0.030545
0.76672 0.027074
0.79672 0.033095
0.89161 0.031349
0.89975 0.034967
0.76987 0.024506
0.90348 0.035907
0.77852 0.024622
0.91003 0.03411
0.90395 0.03558
0.91502 0.032664
0.78777 0.021651
0.91867 0.032903
0.81096 0.026289
0.92529 0.032078
0.92679 0.031767
0.81512 0.023086
0.89255 0.026058
0.81943 0.023261
0.94538 0.030861
0.94022 0.029851
0.9499 0.031303
0.82716 0.021821
0.95943 0.033416
0.85805 0.023694
0.96078 0.032884
0.95956 0.033415
0.86988 0.021533
0.91766 0.026344
0.90377 0.024832
0.92255 0.02602
0.96322 0.032044
0.96499 0.032232
0.90865 0.022788
0.97095 0.032356
0.93283 0.023344
0.97187 0.032263
0.97096 0.032355
0.97169 0.032279
0.95815 0.022864
0.97565 0.032208
0.97059 0.022653
0.9735 0.026376
0.97464 0.032205
0.97743 0.03208
