340
0.023812 0.020538
0.037212 0.023664
0.081546 0.020915
0.03109 0.029004
0.037044 0.028484
0.10426 0.020427
0.094397 0.023912
0.11895 0.023516
0.060722 0.027689
0.045287 0.027951
0.053054 0.027719
0.14997 0.022314
0.065585 0.028357
0.16482 0.022412
0.071844 0.031504
0.069588 0.029993
0.072075 0.031647
0.17703 0.02229
0.086446 0.031017
0.18133 0.024871
0.10687 0.033776
0.11718 0.031137
0.1863 0.026952
0.14127 0.031977
0.19517 0.027528
0.14452 0.033152
0.14108 0.03196
0.14357 0.032637
0.19424 0.030467
0.14494 0.033489
0.2102 0.025818
0.14798 0.034224
0.14489 0.033469
0.14857 0.034556
0.20593 0.031049
0.19397 0.035009
0.22793 0.021747
0.15344 0.035827
0.15338 0.035084
0.15408 0.035448
0.23295 0.02896
0.202 0.036746
0.24908 0.021447
0.21106 0.035117
0.15545 0.036531
0.25368 0.027607
0.2065 0.037801
0.26196 0.029594
0.22766 0.035067
0.26226 0.03459
0.24845 0.036571
0.27127 0.02237
0.17256 0.037144
0.12348 0.036445
0.195 0.037768
0.27424 0.022963
0.21771 0.036532
0.27235 0.033001
0.25298 0.038023
0.20953 0.03819
0.2481 0.039093
0.28993 0.022092
0.25629 0.038421
0.28099 0.031724
0.25822 0.038729
0.25739 0.038605
0.30466 0.025831
0.26191 0.039692
0.29415 0.030898
0.27424 0.037869
0.26195 0.039702
0.25797 0.038845
0.32574 0.027222
0.27662 0.037117
0.32785 0.02865
0.27686 0.037818
0.11525 0.038017
0.33573 0.026918
0.093991 0.036743
0.33823 0.02774
0.29893 0.035332
0.098749 0.037074
0.088172 0.035986
0.33354 0.036028
0.062105 0.032171
0.34284 0.032693
0.30547 0.036634
0.07015 0.036508
0.046052 0.032712
0.34543 0.033896
0.03487 0.035422
0.35287 0.027134
0.03466 0.038742
0.033276 0.037587
0.34943 0.036914
0.037586 0.03907
0.35092 0.037286
0.14969 0.038155
0.040735 0.039094
0.35543 0.035833
0.06928 0.036938
0.36273 0.030224
0.060299 0.034143
0.040944 0.039376
0.35719 0.037338
0.039331 0.039878
0.36659 0.028632
0.039247 0.039921
0.039249 0.039889
0.039028 0.039925
0.36351 0.037665
0.060901 0.035096
0.29569 0.039133
0.042564 0.0394
0.039636 0.039891
0.3685 0.036488
0.21832 0.03726
0.37563 0.031688
0.065433 0.036394
0.11021 0.038654
0.23787 0.03853
0.38372 0.023235
0.32621 0.038851
0.40441 0.021966
0.39602 0.026271
0.32197 0.03678
0.39168 0.031724
0.34494 0.038473
0.3996 0.033864
0.30336 0.038035
0.11863 0.038091
0.40084 0.033895
0.42778 0.02523
0.40221 0.034259
0.36622 0.037714
0.44457 0.031242
0.42826 0.027497
0.41168 0.029989
0.44096 0.031297
0.424 0.029457
0.3929 0.036026
0.45678 0.020384
0.45132 0.021396
0.5267 0.02009
0.53338 0.020223
0.40708 0.024139
0.5109 0.023425
0.41422 0.023942
0.5068 0.025358
0.41412 0.023973
0.41328 0.024571
0.46992 0.025446
0.5113 0.027529
0.4567 0.028397
0.48066 0.02448
0.50586 0.026876
0.5313 0.021785
0.44039 0.034137
0.49812 0.027898
0.51817 0.025434
0.51607 0.027342
0.4496 0.034965
0.47884 0.02941
0.52739 0.022966
0.5294 0.024083
0.47216 0.034288
0.52265 0.026429
0.54656 0.021907
0.5486 0.027137
0.56323 0.021619
0.57792 0.028952
0.54984 0.03034
0.5826 0.029625
0.53871 0.039063
0.57697 0.030878
0.54151 0.025438
0.51732 0.038309
0.5766 0.030839
0.56246 0.031084
0.54103 0.027848
0.53819 0.022029
0.56282 0.031856
0.5467 0.040068
0.47501 0.038401
0.46112 0.038439
0.5486 0.039941
0.43918 0.037702
0.53661 0.022604
0.48094 0.036596
0.42475 0.036814
0.42085 0.037262
0.53966 0.026858
0.59492 0.021564
0.5884 0.030474
0.6097 0.029033
0.61313 0.040222
0.59646 0.033764
0.61225 0.04016
0.58275 0.031423
0.59537 0.03543
0.65735 0.037497
0.59114 0.034323
0.59401 0.036389
0.69032 0.038142
0.79122 0.038674
0.55883 0.035933
0.5775 0.038929
0.66311 0.037407
0.60042 0.039816
0.49748 0.039323
0.44583 0.037594
0.60399 0.040288
0.61049 0.022375
0.62423 0.038606
0.62193 0.0285
0.70959 0.036694
0.66603 0.036689
0.90726 0.038038
0.68227 0.038033
0.77402 0.038588
0.77485 0.038891
0.66264 0.03743
0.62169 0.039288
0.63743 0.037389
0.81937 0.037563
0.65185 0.037345
0.94521 0.037876
0.93171 0.03926
0.94782 0.038059
0.67224 0.033708
0.90392 0.037988
0.70722 0.036256
0.96023 0.039855
0.95384 0.039173
0.96057 0.0399
0.63474 0.034426
0.96188 0.040034
0.69473 0.033244
0.78951 0.038917
0.96209 0.04005
0.67715 0.032192
0.83613 0.036899
0.70599 0.034061
0.96007 0.039707
0.95937 0.039566
0.63404 0.026062
0.83076 0.036743
0.72782 0.036267
0.95591 0.038624
0.95678 0.039279
0.95578 0.038638
0.63923 0.022865
0.954 0.037919
0.70614 0.031574
0.94566 0.035652
0.95205 0.037468
0.94663 0.035801
0.65823 0.025625
0.75655 0.036745
0.69772 0.02917
0.90607 0.035925
0.93028 0.038587
0.68473 0.026658
0.73827 0.035856
0.67548 0.023896
0.76914 0.035751
0.90156 0.038121
0.89059 0.037099
0.68654 0.023881
0.86943 0.036239
0.73803 0.034198
0.78636 0.03867
0.70524 0.024301
0.78733 0.038515
0.7495 0.034053
0.82941 0.035189
0.82577 0.034876
0.71914 0.024842
0.83507 0.036396
0.72659 0.025102
0.85278 0.035379
0.83435 0.036184
0.85462 0.034874
0.73588 0.026653
0.87044 0.036266
0.74902 0.02812
0.87958 0.037722
0.87836 0.037528
0.74749 0.023561
0.89068 0.036533
0.76034 0.024247
0.79841 0.034774
0.88715 0.037551
0.89077 0.033341
0.77296 0.026216
0.89524 0.030823
0.78008 0.027866
0.81065 0.032335
0.89855 0.031091
0.90804 0.033618
0.78287 0.024948
0.91238 0.034761
0.79035 0.024948
0.9192 0.033949
0.91289 0.03449
0.92402 0.032983
0.79972 0.021542
0.92749 0.033329
0.82444 0.026148
0.93354 0.032437
0.93503 0.032132
0.82858 0.023003
0.89959 0.025847
0.83317 0.023167
0.95212 0.033089
0.94793 0.031268
0.9558 0.034069
0.84078 0.021761
0.96349 0.036681
0.86996 0.024479
0.96451 0.036007
0.96359 0.036678
0.87937 0.021858
0.92633 0.026555
0.91221 0.024459
0.93074 0.026197
0.96642 0.034943
0.96786 0.035163
0.91743 0.022673
0.97268 0.03522
0.94106 0.023517
0.97342 0.035104
0.97269 0.035219
0.97327 0.035124
0.96237 0.023562
0.97648 0.035037
0.97236 0.02327
0.97472 0.027853
0.97566 0.035033
0.97792 0.034879
