340
0.020959 0.02214
0.024515 0.035306
0.034636 0.022969
0.022906 0.054889
0.024599 0.054596
0.041398 0.021215
0.038439 0.033561
0.047631 0.030699
0.029655 0.056846
0.02646 0.054742
0.028317 0.055724
0.057182 0.025433
0.030749 0.057453
0.06468 0.024273
0.032647 0.059328
0.031895 0.05879
0.032726 0.05937
0.07197 0.023509
0.038608 0.058001
0.075388 0.026601
0.044855 0.056047
0.048529 0.055524
0.081015 0.029399
0.055811 0.056988
0.088227 0.030171
0.059332 0.059328
0.055707 0.056927
0.057938 0.058301
0.091171 0.03457
0.060157 0.060255
0.098471 0.028532
0.063584 0.061367
0.060089 0.06021
0.064428 0.061992
0.099464 0.035807
0.096203 0.041469
0.10761 0.02315
0.06862 0.064602
0.068691 0.062499
0.069293 0.06339
0.11188 0.034109
0.10086 0.043985
0.12127 0.02241
0.10747 0.044572
0.070761 0.064657
0.12368 0.033255
0.10572 0.04862
0.12835 0.034664
0.11427 0.04704
0.12817 0.043263
0.12176 0.047843
0.13536 0.023419
0.088344 0.060881
0.056666 0.07119
0.10125 0.055167
0.1377 0.024529
0.11271 0.051899
0.13494 0.039355
0.12257 0.053171
0.11012 0.052303
0.12118 0.052689
0.14687 0.023585
0.12344 0.054214
0.14066 0.038777
0.12366 0.055078
0.12356 0.054749
0.155 0.030635
0.12402 0.056514
0.14799 0.038475
0.13458 0.047998
0.124 0.056573
0.12286 0.056892
0.16598 0.030413
0.1364 0.047
0.16767 0.031483
0.13415 0.051056
0.056199 0.075126
0.17585 0.027419
0.045585 0.075398
0.17828 0.028274
0.15087 0.044786
0.047081 0.075353
0.042554 0.075435
0.17349 0.036712
0.029761 0.074744
0.18313 0.032766
0.15498 0.047695
0.032379 0.074608
0.026412 0.075617
0.1848 0.034249
0.023974 0.082081
0.19265 0.027724
0.02387 0.098485
0.023499 0.091525
0.18924 0.038685
0.024531 0.10402
0.19151 0.040302
0.065133 0.077246
0.024981 0.10761
0.19577 0.037081
0.031962 0.079829
0.20089 0.031675
0.029054 0.082478
0.025071 0.11062
0.19748 0.040818
0.025049 0.11459
0.20446 0.030547
0.025081 0.1153
0.025043 0.11469
0.025038 0.11508
0.20233 0.040418
0.029069 0.085924
0.14217 0.05386
0.025455 0.1147
0.025133 0.11534
0.20771 0.03983
0.11338 0.059491
0.21365 0.033963
0.030242 0.089463
0.05446 0.0812
0.11575 0.06088
0.21673 0.024646
0.16735 0.054359
0.23252 0.023126
0.22636 0.028701
0.1652 0.054721
0.22603 0.037652
0.18324 0.051616
0.23424 0.042351
0.14781 0.054397
0.057892 0.082021
0.23504 0.042444
0.26432 0.033521
0.23651 0.045361
0.20432 0.050846
0.2754 0.041691
0.26656 0.038006
0.25081 0.043433
0.27256 0.044422
0.26539 0.042496
0.28987 0.044613
0.27522 0.020751
0.27329 0.022981
0.41311 0.020038
0.50104 0.020101
0.23493 0.028099
0.33446 0.020699
0.24341 0.031797
0.31774 0.022002
0.24328 0.031869
0.24275 0.033332
0.28475 0.027468
0.34124 0.021402
0.27875 0.034578
0.29411 0.027001
0.31606 0.022809
0.48134 0.020694
0.28273 0.040903
0.31004 0.025204
0.37221 0.021299
0.36823 0.021697
0.32111 0.025909
0.30111 0.029855
0.41474 0.021202
0.45312 0.021399
0.29863 0.031138
0.40273 0.021924
0.70513 0.020425
0.71593 0.022212
0.74302 0.021133
0.75733 0.029048
0.72466 0.023876
0.7604 0.030195
0.71905 0.026683
0.75556 0.030991
0.66025 0.021176
0.68942 0.024522
0.75525 0.030906
0.74748 0.030606
0.65835 0.021688
0.60709 0.020869
0.74862 0.031943
0.73807 0.031176
0.69086 0.026989
0.68886 0.027995
0.7411 0.033807
0.70507 0.03126
0.56267 0.02111
0.67617 0.026733
0.69684 0.032083
0.7162 0.041109
0.62693 0.022321
0.7757 0.021557
0.76417 0.03151
0.78559 0.032465
0.78232 0.041719
0.76945 0.033544
0.78025 0.040542
0.75926 0.032208
0.7659 0.035933
0.82418 0.049112
0.76245 0.036077
0.76231 0.037854
0.84484 0.056286
0.88337 0.060042
0.74632 0.035119
0.7517 0.041751
0.82901 0.05138
0.76003 0.043992
0.73314 0.03863
0.72893 0.040707
0.75971 0.050182
0.78839 0.023432
0.7944 0.040665
0.7944 0.029919
0.85488 0.057995
0.83057 0.048838
0.95235 0.083815
0.84044 0.054357
0.88175 0.059599
0.88186 0.059681
0.82876 0.051319
0.79226 0.051752
0.80381 0.037962
0.90837 0.063676
0.81824 0.040692
0.97182 0.10984
0.96743 0.1013
0.97214 0.1102
0.83433 0.044712
0.94697 0.078326
0.85284 0.053528
0.97328 0.11089
0.97273 0.11071
0.97332 0.11089
0.80593 0.03279
0.97343 0.11073
0.8462 0.04738
0.88419 0.055702
0.97345 0.11058
0.83755 0.042215
0.91181 0.061833
0.85142 0.048614
0.97303 0.10829
0.97288 0.1077
0.80891 0.025537
0.91102 0.06025
0.85916 0.049336
0.97096 0.097454
0.97228 0.10471
0.97101 0.097761
0.81554 0.023102
0.96969 0.092815
0.85197 0.043275
0.96705 0.088303
0.96905 0.091285
0.96735 0.088671
0.82805 0.030084
0.87475 0.048366
0.84864 0.038701
0.94681 0.071836
0.95842 0.080253
0.84279 0.032395
0.86618 0.044281
0.8375 0.027227
0.88316 0.046865
0.9414 0.070729
0.93638 0.069069
0.84371 0.027248
0.92489 0.062166
0.86821 0.039697
0.88821 0.046969
0.85292 0.028551
0.88895 0.046488
0.87546 0.039259
0.91263 0.053728
0.91167 0.053583
0.85997 0.028609
0.91406 0.053921
0.86409 0.027978
0.92039 0.056367
0.91388 0.053887
0.92125 0.056741
0.87118 0.029518
0.92698 0.059385
0.87922 0.031934
0.93352 0.062548
0.93252 0.062116
0.87901 0.025206
0.93834 0.063007
0.88779 0.026878
0.90079 0.040834
0.93668 0.062729
0.94251 0.063648
0.89462 0.029335
0.94449 0.062896
0.90007 0.028161
0.91322 0.040449
0.94493 0.062626
0.94771 0.061332
0.90273 0.025744
0.94963 0.058264
0.90949 0.026409
0.95226 0.057458
0.94989 0.058112
0.95397 0.057171
0.91564 0.022668
0.95519 0.05693
0.92515 0.033897
0.95776 0.056649
0.95839 0.056714
0.92972 0.026772
0.94865 0.044347
0.932 0.026603
0.96376 0.058679
0.96262 0.057616
0.96459 0.05963
0.93645 0.023774
0.96737 0.061057
0.94473 0.032824
0.9685 0.058031
0.96745 0.060855
0.94972 0.026037
0.95936 0.041006
0.95683 0.033854
0.96135 0.040419
0.97047 0.05415
0.97145 0.053579
0.95958 0.028334
0.97481 0.052779
0.96607 0.033482
0.97536 0.05258
0.97481 0.052778
0.97525 0.052614
0.97264 0.029638
0.97753 0.052461
0.97684 0.0279
0.97755 0.038982
0.97696 0.052454
0.97855 0.052186
