340
0.024356 0.020471
0.040279 0.023065
0.088499 0.02084
0.03258 0.027699
0.039923 0.027101
0.11335 0.020317
0.10221 0.023578
0.13795 0.02236
0.066976 0.027665
0.049686 0.026657
0.059427 0.02681
0.17935 0.021771
0.071976 0.028412
0.19696 0.022016
0.079778 0.030706
0.076781 0.029673
0.080071 0.030783
0.21117 0.021821
0.097608 0.030488
0.21785 0.023402
0.12191 0.028692
0.13855 0.027332
0.22415 0.024736
0.169 0.028562
0.23763 0.024827
0.17467 0.029489
0.16878 0.028534
0.17273 0.029141
0.23551 0.026838
0.17561 0.029726
0.26437 0.023336
0.1808 0.030523
0.17551 0.029709
0.18181 0.030811
0.25575 0.026303
0.23661 0.029396
0.29168 0.021107
0.18799 0.03228
0.18733 0.031744
0.18835 0.032083
0.29919 0.024921
0.25003 0.029073
0.32686 0.021305
0.27375 0.027839
0.19083 0.033044
0.33102 0.027983
0.26247 0.029297
0.33875 0.029912
0.3015 0.028424
0.33892 0.034975
0.328 0.03404
0.3481 0.022459
0.21044 0.035007
0.15944 0.031471
0.24304 0.03198
0.35119 0.023265
0.28958 0.029394
0.34899 0.033721
0.33226 0.038687
0.27603 0.029517
0.32878 0.036739
0.36417 0.022198
0.33505 0.040095
0.35607 0.033242
0.33638 0.040775
0.33583 0.040523
0.37912 0.026256
0.33859 0.041659
0.368 0.030904
0.34996 0.040292
0.33862 0.041675
0.33627 0.041191
0.39743 0.026857
0.35164 0.039623
0.39976 0.028034
0.35132 0.042213
0.1517 0.031917
0.40997 0.026188
0.11408 0.034964
0.41276 0.027256
0.37361 0.034497
0.11804 0.03476
0.10629 0.035265
0.40748 0.033684
0.069956 0.031886
0.41869 0.03362
0.38129 0.037222
0.08173 0.035351
0.049811 0.030742
0.42112 0.036283
0.036806 0.033007
0.42591 0.02968
0.036858 0.035978
0.035029 0.035019
0.4247 0.04276
0.040391 0.036442
0.42567 0.04407
0.18936 0.035685
0.043394 0.036666
0.42775 0.041857
0.081556 0.036292
0.4319 0.033846
0.068415 0.033181
0.043606 0.037074
0.42861 0.045525
0.042147 0.037579
0.43509 0.032413
0.042071 0.037641
0.04207 0.037591
0.041863 0.037635
0.43204 0.044185
0.069487 0.034074
0.36646 0.040602
0.045364 0.037441
0.042424 0.037626
0.43624 0.043743
0.2975 0.030877
0.44052 0.040345
0.077109 0.036131
0.14028 0.032921
0.31668 0.033549
0.44521 0.026787
0.40301 0.042688
0.4564 0.023325
0.45097 0.031408
0.40056 0.042684
0.44653 0.042701
0.42223 0.044794
0.45169 0.043242
0.37849 0.041171
0.16297 0.034072
0.45287 0.042799
0.467 0.035107
0.45395 0.043234
0.43426 0.045552
0.47517 0.048357
0.46788 0.041613
0.4617 0.041049
0.47328 0.048084
0.46663 0.045366
0.44656 0.060933
0.47741 0.020914
0.47567 0.023555
0.51407 0.020146
0.51834 0.02034
0.45815 0.027635
0.50443 0.024892
0.4622 0.029133
0.50117 0.027765
0.46215 0.029182
0.46175 0.030317
0.484 0.030799
0.50476 0.030825
0.47885 0.039994
0.4891 0.032274
0.5004 0.030079
0.51706 0.022873
0.47331 0.054014
0.49582 0.034598
0.5092 0.028553
0.508 0.031347
0.4785 0.056009
0.4915 0.044503
0.51453 0.024821
0.51586 0.026648
0.48874 0.048201
0.51166 0.030374
0.52784 0.023152
0.52935 0.032623
0.53486 0.024005
0.54125 0.036964
0.52995 0.039513
0.54319 0.03826
0.52301 0.050681
0.53982 0.041451
0.52374 0.027996
0.51271 0.05149
0.53962 0.041476
0.53363 0.049486
0.52347 0.03148
0.52132 0.022961
0.53337 0.051656
0.5279 0.059084
0.49198 0.059507
0.48311 0.060282
0.52881 0.062276
0.47316 0.062469
0.52031 0.023822
0.49562 0.058617
0.46798 0.063604
0.4673 0.064548
0.52234 0.029965
0.55116 0.022804
0.54546 0.040223
0.55637 0.037864
0.55187 0.056054
0.54775 0.045162
0.55128 0.056123
0.54234 0.04225
0.54615 0.04854
0.57832 0.050698
0.54468 0.047974
0.54465 0.050852
0.60747 0.04214
0.70134 0.029681
0.53159 0.061823
0.53473 0.063831
0.58476 0.047419
0.54432 0.057491
0.50123 0.061529
0.47682 0.062346
0.54539 0.058917
0.55921 0.024561
0.56312 0.048522
0.5643 0.033611
0.62713 0.040839
0.58717 0.044847
0.87167 0.031741
0.60122 0.043124
0.68203 0.031056
0.68309 0.030859
0.5844 0.047642
0.55979 0.051698
0.56916 0.050023
0.76929 0.032107
0.57522 0.050363
0.93914 0.033679
0.91636 0.034764
0.94285 0.033539
0.59256 0.039781
0.8496 0.0341
0.6246 0.038502
0.95838 0.03748
0.95045 0.034875
0.95883 0.037652
0.57074 0.043746
0.9602 0.038202
0.61197 0.036087
0.7019 0.029211
0.96043 0.038293
0.59745 0.036846
0.78645 0.033364
0.62311 0.035862
0.95818 0.037192
0.95717 0.036763
0.57293 0.03042
0.7817 0.032497
0.63901 0.04184
0.95301 0.034381
0.95388 0.035432
0.95285 0.034369
0.57629 0.025058
0.95093 0.033247
0.62303 0.033153
0.94051 0.031241
0.94881 0.032434
0.94179 0.031242
0.58643 0.029837
0.65813 0.04083
0.61529 0.030871
0.87502 0.030501
0.9165 0.033338
0.60514 0.028511
0.6465 0.041011
0.59767 0.02555
0.67773 0.029815
0.84299 0.034506
0.83108 0.036522
0.60639 0.024874
0.81559 0.036898
0.64692 0.03776
0.7051 0.027886
0.6219 0.024921
0.70778 0.027843
0.65512 0.036221
0.78262 0.030801
0.77831 0.030517
0.63361 0.02632
0.78836 0.031368
0.63864 0.026721
0.80754 0.034319
0.78765 0.031276
0.80909 0.034558
0.64616 0.028544
0.81807 0.035534
0.65658 0.029535
0.8284 0.034989
0.82673 0.035287
0.65511 0.024275
0.83893 0.033107
0.66687 0.02413
0.73196 0.027551
0.83486 0.033786
0.85428 0.029683
0.68265 0.023478
0.86695 0.028525
0.69874 0.022695
0.75765 0.026954
0.87009 0.028432
0.88281 0.029045
0.70701 0.021887
0.89141 0.029138
0.7268 0.022223
0.90274 0.028716
0.89252 0.029047
0.91082 0.029007
0.74351 0.020943
0.9165 0.029163
0.78071 0.024587
0.92493 0.028917
0.92698 0.028789
0.7861 0.022254
0.87501 0.0246
0.79249 0.02229
0.94993 0.029285
0.94448 0.027893
0.95415 0.030696
0.80471 0.021301
0.96315 0.034874
0.83395 0.023447
0.9645 0.034698
0.96327 0.034908
0.85071 0.021272
0.91483 0.024684
0.89359 0.022992
0.92124 0.024485
0.9667 0.034422
0.9681 0.035082
0.90148 0.021753
0.97285 0.036327
0.93405 0.022601
0.97358 0.036205
0.97285 0.036326
0.97344 0.036226
0.96341 0.023236
0.97657 0.036132
0.97288 0.023506
0.97508 0.028425
0.97577 0.036128
0.97798 0.035963
