340
0.022294 0.020895
0.03068 0.0264
0.053665 0.021536
0.026677 0.034904
0.030572 0.034779
0.065508 0.020743
0.060497 0.027754
0.074864 0.027254
0.042128 0.036771
0.034848 0.035012
0.039106 0.035862
0.088398 0.024844
0.044532 0.037402
0.095397 0.02495
0.048538 0.038908
0.046972 0.0384
0.048698 0.038954
0.10108 0.024986
0.059986 0.040581
0.10334 0.029744
0.071893 0.041981
0.078304 0.042594
0.10628 0.034367
0.088631 0.045094
0.11077 0.035937
0.091004 0.046889
0.088545 0.045041
0.090217 0.046172
0.11126 0.042451
0.091381 0.047441
0.11759 0.032721
0.093176 0.048747
0.091347 0.047408
0.093618 0.049311
0.1168 0.043576
0.113 0.052224
0.12416 0.0243
0.096544 0.052545
0.096001 0.05115
0.096583 0.051962
0.12685 0.038678
0.11637 0.05397
0.1347 0.02315
0.12182 0.052021
0.097999 0.05388
0.13664 0.037311
0.11932 0.057091
0.14032 0.039187
0.12816 0.053345
0.14072 0.050075
0.13581 0.054509
0.14534 0.024303
0.10806 0.066709
0.087936 0.054097
0.11491 0.065161
0.14716 0.025592
0.12546 0.058739
0.14559 0.044344
0.13791 0.061066
0.12238 0.05936
0.13631 0.060081
0.15504 0.024067
0.13928 0.062336
0.14969 0.04267
0.13993 0.063133
0.13966 0.062833
0.16232 0.031224
0.14101 0.06436
0.15572 0.040767
0.14642 0.056211
0.14102 0.0644
0.1399 0.064271
0.17333 0.030188
0.14737 0.054527
0.17493 0.031117
0.14722 0.060512
0.087219 0.057162
0.18361 0.026745
0.071925 0.054387
0.18628 0.027375
0.15778 0.048016
0.073983 0.054942
0.067675 0.052944
0.18027 0.03555
0.043852 0.045308
0.19177 0.030933
0.16081 0.050648
0.049712 0.046613
0.035767 0.044229
0.19368 0.032053
0.030224 0.046392
0.2035 0.026244
0.031225 0.052304
0.029681 0.049893
0.19875 0.035386
0.033537 0.054379
0.20146 0.036533
0.099321 0.064054
0.034921 0.055797
0.20713 0.03361
0.049663 0.049111
0.21383 0.029184
0.043257 0.04854
0.035109 0.056818
0.20937 0.036452
0.034718 0.05804
0.21858 0.028584
0.034712 0.058284
0.034689 0.058068
0.034619 0.058188
0.21646 0.036279
0.043808 0.050162
0.15297 0.062503
0.035863 0.058355
0.034853 0.058329
0.22406 0.037318
0.12738 0.064569
0.22943 0.033683
0.047506 0.052868
0.085493 0.060779
0.13222 0.06486
0.23201 0.024766
0.17226 0.053958
0.24783 0.022589
0.24091 0.028295
0.17013 0.055175
0.23899 0.037192
0.18996 0.046711
0.24697 0.038364
0.15677 0.061492
0.091725 0.06292
0.24843 0.038003
0.2874 0.031261
0.25047 0.039334
0.22067 0.043534
0.30248 0.037284
0.28984 0.034892
0.27293 0.039627
0.29827 0.038787
0.288 0.038596
0.33284 0.043125
0.30109 0.020601
0.29873 0.02238
0.41995 0.020021
0.50073 0.020039
0.2511 0.026315
0.34921 0.021027
0.26276 0.029074
0.3387 0.023174
0.26259 0.029117
0.26187 0.030178
0.31294 0.026591
0.35382 0.021885
0.30663 0.031982
0.32265 0.027979
0.33764 0.024419
0.48018 0.020284
0.31653 0.038369
0.33397 0.027999
0.38458 0.021124
0.37999 0.021477
0.34097 0.029458
0.3307 0.033673
0.42292 0.020676
0.4367 0.020602
0.33003 0.034834
0.40391 0.021429
0.68692 0.020443
0.69868 0.022018
0.72729 0.021074
0.74414 0.027503
0.70819 0.023584
0.74814 0.028913
0.70207 0.02609
0.74183 0.028932
0.64552 0.02095
0.67376 0.025412
0.74143 0.028852
0.73193 0.029497
0.64284 0.021329
0.57656 0.020404
0.73312 0.030523
0.72231 0.030874
0.67497 0.028431
0.67329 0.029533
0.72484 0.033307
0.68668 0.031774
0.53979 0.020394
0.66217 0.027206
0.67952 0.034092
0.6983 0.03922
0.60568 0.021186
0.76284 0.02169
0.75306 0.030942
0.77219 0.03118
0.76755 0.041009
0.75824 0.034281
0.76613 0.040757
0.74703 0.030473
0.75597 0.035842
0.81339 0.04755
0.75312 0.035033
0.75367 0.036756
0.83567 0.056891
0.87458 0.061837
0.72983 0.033876
0.73613 0.038184
0.81895 0.04912
0.75241 0.040453
0.71638 0.037829
0.71203 0.039399
0.75401 0.043419
0.77588 0.022878
0.78518 0.037057
0.78374 0.028095
0.84421 0.061
0.82076 0.046976
0.9421 0.070695
0.8316 0.053924
0.87187 0.061384
0.87203 0.061439
0.81865 0.049065
0.78291 0.042604
0.79623 0.037576
0.89905 0.059684
0.80778 0.041135
0.95926 0.073012
0.95294 0.072985
0.96 0.072833
0.82492 0.043794
0.93836 0.068397
0.84315 0.055972
0.9629 0.072011
0.96146 0.072467
0.963 0.071976
0.79719 0.032856
0.96333 0.071795
0.83744 0.048318
0.87511 0.058454
0.9634 0.071711
0.8284 0.041945
0.90351 0.057434
0.84248 0.050557
0.96296 0.070937
0.96276 0.070758
0.79944 0.025833
0.90249 0.056193
0.84965 0.052065
0.9624 0.066064
0.96226 0.069662
0.96236 0.06624
0.80549 0.023246
0.9622 0.063866
0.84267 0.044947
0.96014 0.062775
0.96185 0.063317
0.96042 0.062819
0.81804 0.029747
0.8644 0.050744
0.83925 0.039767
0.94234 0.062058
0.95311 0.062613
0.83327 0.032674
0.85573 0.046776
0.82787 0.027173
0.87291 0.049555
0.93564 0.063224
0.93048 0.06342
0.83403 0.027445
0.91908 0.058124
0.85727 0.041967
0.87779 0.049926
0.8427 0.029195
0.8784 0.049475
0.86407 0.041626
0.90445 0.050669
0.90326 0.050609
0.84923 0.029475
0.90624 0.050791
0.85291 0.028854
0.91407 0.052875
0.90601 0.050768
0.91501 0.053211
0.85921 0.030686
0.9212 0.055659
0.86669 0.033564
0.92794 0.057896
0.92693 0.057703
0.86618 0.025911
0.93291 0.057163
0.87387 0.027917
0.88804 0.042533
0.9312 0.057321
0.93778 0.056588
0.87975 0.030761
0.94031 0.055488
0.88442 0.029104
0.90109 0.039899
0.94089 0.055181
0.94442 0.053675
0.88677 0.026271
0.9469 0.050905
0.89317 0.026595
0.9501 0.050022
0.94722 0.050756
0.95217 0.049654
0.8994 0.022622
0.95362 0.049358
0.91116 0.033103
0.95662 0.048944
0.95731 0.048966
0.91415 0.026332
0.94223 0.039034
0.91661 0.026124
0.96291 0.050455
0.96172 0.049543
0.96376 0.051284
0.92146 0.023406
0.96671 0.052148
0.93193 0.030675
0.96788 0.049575
0.96679 0.052038
0.93696 0.02479
0.95372 0.035116
0.94769 0.030201
0.95593 0.034505
0.96987 0.04587
0.97089 0.045346
0.95004 0.026051
0.97443 0.044611
0.95994 0.029352
0.97501 0.044427
0.97443 0.044609
0.9749 0.044459
0.969 0.026455
0.97734 0.044318
0.97528 0.025288
0.97674 0.032706
0.97672 0.044312
0.97844 0.044065
