340
0.025366 0.020383
0.044394 0.022756
0.089912 0.021037
0.035611 0.026446
0.044158 0.026374
0.10931 0.020465
0.10072 0.024564
0.12377 0.023477
0.070623 0.028106
0.054422 0.026565
0.063626 0.027406
0.15549 0.022495
0.075066 0.029067
0.1679 0.0228
0.081154 0.032418
0.078942 0.030759
0.081379 0.032579
0.17901 0.022319
0.094299 0.033061
0.18359 0.024667
0.11188 0.034375
0.12213 0.031105
0.18889 0.026456
0.14713 0.031889
0.19855 0.026802
0.15085 0.033451
0.14693 0.031841
0.14973 0.032856
0.1977 0.029477
0.15138 0.033844
0.21562 0.025281
0.15482 0.035068
0.15131 0.033816
0.15548 0.035514
0.21098 0.029798
0.19832 0.03355
0.23399 0.021812
0.1598 0.037671
0.15961 0.036831
0.16023 0.037351
0.23875 0.029039
0.20783 0.034771
0.25555 0.021339
0.2186 0.03368
0.16152 0.038808
0.26039 0.027088
0.2134 0.035721
0.26923 0.028796
0.23537 0.035669
0.26954 0.033336
0.2548 0.035289
0.27968 0.022121
0.17471 0.038396
0.12892 0.036163
0.19997 0.03595
0.28311 0.022639
0.22613 0.035611
0.28149 0.031539
0.25944 0.036741
0.2177 0.036292
0.25438 0.037597
0.30052 0.021776
0.26299 0.037211
0.29107 0.030513
0.26508 0.03756
0.26418 0.037418
0.31915 0.024677
0.26911 0.038045
0.30558 0.02886
0.28447 0.03569
0.26915 0.038051
0.2648 0.03766
0.34315 0.02687
0.28709 0.034977
0.34515 0.028297
0.2875 0.035657
0.12062 0.038078
0.35324 0.027033
0.10076 0.039402
0.35578 0.028081
0.3127 0.032008
0.10439 0.039434
0.096134 0.038872
0.35114 0.03577
0.072055 0.032974
0.36037 0.03373
0.32192 0.033361
0.079693 0.037728
0.055665 0.030696
0.36264 0.035217
0.041848 0.031408
0.3688 0.028129
0.042144 0.033855
0.039726 0.03285
0.36559 0.038762
0.046706 0.034446
0.36681 0.039307
0.15734 0.039709
0.050734 0.034785
0.37071 0.038123
0.078867 0.038243
0.37747 0.031142
0.070458 0.03472
0.051029 0.035041
0.37218 0.039657
0.049299 0.035238
0.38115 0.029495
0.049205 0.035267
0.049199 0.035241
0.048929 0.035254
0.37757 0.039282
0.071027 0.035807
0.30938 0.035196
0.052869 0.035399
0.049665 0.035276
0.38258 0.038103
0.22699 0.036516
0.3896 0.033651
0.075222 0.037717
0.11523 0.039162
0.24367 0.038016
0.39583 0.023967
0.34442 0.037998
0.4142 0.02215
0.40629 0.026972
0.34 0.035751
0.40262 0.033574
0.36225 0.040147
0.40959 0.034919
0.31921 0.034272
0.1241 0.037866
0.41079 0.034925
0.43513 0.02594
0.41209 0.03535
0.37995 0.039238
0.44973 0.033009
0.43557 0.028502
0.42092 0.031107
0.44646 0.032937
0.43162 0.030603
0.40402 0.03851
0.46054 0.020412
0.45573 0.021529
0.52797 0.020094
0.53448 0.020223
0.41673 0.024565
0.51328 0.023693
0.42323 0.024402
0.50964 0.025886
0.42314 0.024436
0.42239 0.025099
0.47372 0.025371
0.51364 0.028117
0.46046 0.029013
0.48471 0.024536
0.50881 0.027514
0.53245 0.021838
0.44568 0.036115
0.50162 0.028281
0.51984 0.025867
0.51787 0.028003
0.4536 0.036668
0.48288 0.029484
0.52864 0.023074
0.5306 0.024216
0.47633 0.034233
0.5241 0.026803
0.54835 0.021733
0.55062 0.026427
0.5655 0.021769
0.57816 0.030247
0.55212 0.029464
0.58223 0.030977
0.54258 0.038658
0.57731 0.032456
0.54264 0.025132
0.51897 0.039573
0.577 0.032415
0.56508 0.032
0.54211 0.027433
0.53917 0.021961
0.56551 0.032895
0.55145 0.038958
0.47991 0.038588
0.46428 0.038991
0.55345 0.038882
0.4444 0.040095
0.53763 0.022543
0.48567 0.036663
0.43168 0.038651
0.4282 0.039099
0.5407 0.026558
0.59321 0.021664
0.58722 0.031887
0.60825 0.028457
0.61158 0.039366
0.5938 0.034445
0.61053 0.039123
0.5822 0.033019
0.59257 0.036341
0.6512 0.039589
0.58907 0.035811
0.59123 0.037561
0.68446 0.038698
0.77581 0.037489
0.56312 0.036604
0.57751 0.041726
0.65636 0.038813
0.59627 0.040056
0.501 0.040392
0.45026 0.040343
0.60039 0.039869
0.6091 0.022214
0.62293 0.039445
0.62105 0.028689
0.70261 0.040082
0.65918 0.037717
0.89735 0.039645
0.6762 0.038402
0.75646 0.03774
0.7574 0.037854
0.65594 0.038891
0.6207 0.039844
0.63463 0.039288
0.80361 0.037633
0.64674 0.039686
0.93538 0.035844
0.9217 0.038404
0.93836 0.035472
0.66612 0.03411
0.89477 0.03956
0.70095 0.039073
0.9545 0.035559
0.9462 0.035275
0.95495 0.035598
0.63247 0.035894
0.95666 0.035716
0.6887 0.033849
0.77431 0.037598
0.95693 0.035732
0.67128 0.032401
0.81954 0.037099
0.69961 0.03633
0.9543 0.035442
0.95339 0.035325
0.63223 0.026692
0.81486 0.036898
0.7138 0.040718
0.94897 0.034607
0.95005 0.035057
0.9488 0.034629
0.63685 0.023227
0.94653 0.034255
0.69941 0.033502
0.93613 0.033792
0.94402 0.034183
0.93721 0.033752
0.65337 0.026253
0.73865 0.038467
0.69137 0.029832
0.89658 0.037435
0.92023 0.037743
0.67896 0.026815
0.72141 0.039051
0.6698 0.023964
0.75137 0.035947
0.89274 0.038973
0.88141 0.035281
0.68072 0.023977
0.85436 0.033266
0.72195 0.036998
0.77074 0.037016
0.69828 0.02499
0.77194 0.036931
0.73227 0.035656
0.81371 0.035355
0.80987 0.035103
0.70947 0.026233
0.81864 0.036524
0.71513 0.0264
0.83496 0.034802
0.81801 0.036383
0.83687 0.033918
0.72266 0.028045
0.85554 0.033245
0.73409 0.029118
0.86751 0.03446
0.86595 0.034334
0.7327 0.024001
0.88154 0.034807
0.74442 0.024566
0.78304 0.03537
0.87717 0.03487
0.88166 0.032002
0.75651 0.026023
0.88697 0.030473
0.76416 0.027114
0.79451 0.032884
0.88998 0.031268
0.89818 0.034832
0.76733 0.024504
0.90195 0.03575
0.77599 0.024581
0.90857 0.03395
0.90242 0.035425
0.91362 0.032498
0.78538 0.021623
0.91731 0.032715
0.80891 0.026242
0.92405 0.031871
0.92558 0.031559
0.8131 0.023065
0.89093 0.026013
0.81745 0.023242
0.94455 0.030621
0.93927 0.029643
0.94918 0.031043
0.82521 0.021812
0.95894 0.033104
0.85623 0.023677
0.96032 0.032584
0.95907 0.033102
0.86812 0.021525
0.91629 0.026254
0.90224 0.024784
0.92125 0.025923
0.96282 0.031762
0.96463 0.031946
0.90718 0.022757
0.97074 0.032065
0.93174 0.023278
0.97167 0.031975
0.97074 0.032064
0.97149 0.03199
0.95763 0.022797
0.97554 0.031921
0.97036 0.022591
0.97334 0.026226
0.97451 0.031918
0.97737 0.031796
