340
0.022725 0.020753
0.032455 0.025157
0.064602 0.021081
0.027904 0.032713
0.032298 0.031943
0.083102 0.020521
0.075601 0.024873
0.095664 0.02426
0.048445 0.031263
0.037681 0.031503
0.043464 0.030916
0.12197 0.022406
0.051861 0.031744
0.1361 0.022516
0.056023 0.034724
0.05457 0.033179
0.056174 0.034856
0.14804 0.022341
0.069773 0.033241
0.15241 0.024803
0.086617 0.036145
0.094872 0.033398
0.15697 0.027297
0.11312 0.033227
0.16537 0.028451
0.11618 0.033774
0.11295 0.033227
0.11534 0.033494
0.16419 0.031662
0.11651 0.034037
0.1787 0.026578
0.11909 0.034603
0.11647 0.034025
0.11953 0.034942
0.17452 0.032499
0.16372 0.036393
0.19359 0.022004
0.12336 0.036786
0.12353 0.035993
0.12412 0.036451
0.19748 0.029548
0.17088 0.038986
0.21562 0.02126
0.17991 0.036889
0.1253 0.037755
0.22076 0.026469
0.17563 0.039874
0.23047 0.027078
0.19307 0.037062
0.22915 0.030742
0.21332 0.034099
0.24512 0.021664
0.13945 0.038964
0.099793 0.040686
0.16408 0.039918
0.24958 0.022274
0.18544 0.039084
0.24629 0.029347
0.21737 0.035661
0.17871 0.040762
0.21235 0.036438
0.26645 0.021801
0.22081 0.035308
0.25655 0.030095
0.22276 0.035136
0.22192 0.035216
0.28519 0.025025
0.22655 0.034952
0.27061 0.028882
0.24777 0.033896
0.22659 0.034954
0.22244 0.035317
0.30734 0.026084
0.25046 0.033822
0.30968 0.027123
0.25005 0.034966
0.094686 0.042315
0.32049 0.025569
0.079284 0.041567
0.32363 0.026347
0.27562 0.032246
0.082334 0.042389
0.073227 0.039851
0.31607 0.03233
0.049012 0.037599
0.32997 0.031112
0.28222 0.034195
0.054453 0.04161
0.037506 0.038662
0.33338 0.032808
0.030346 0.041859
0.33996 0.027329
0.03015 0.046773
0.029143 0.045038
0.3385 0.036389
0.031977 0.047671
0.33989 0.037137
0.11935 0.039392
0.033458 0.048117
0.34313 0.036814
0.053824 0.042652
0.34854 0.030896
0.047386 0.040238
0.033518 0.048739
0.3447 0.038788
0.032746 0.049431
0.35206 0.029424
0.032702 0.049517
0.032707 0.049447
0.0326 0.049505
0.3497 0.038808
0.0477 0.041602
0.26837 0.036199
0.034327 0.04938
0.032878 0.049501
0.35379 0.037695
0.18594 0.040427
0.36041 0.033843
0.051281 0.042986
0.090066 0.043765
0.19981 0.038326
0.36662 0.023985
0.30348 0.035176
0.38596 0.021931
0.37717 0.026593
0.29928 0.034407
0.37145 0.033032
0.33429 0.03721
0.37904 0.033587
0.27907 0.03558
0.096799 0.042789
0.38045 0.033453
0.4073 0.025866
0.38179 0.033729
0.35162 0.039064
0.42367 0.030904
0.40775 0.028365
0.39293 0.030559
0.41975 0.030853
0.40373 0.03051
0.37002 0.038982
0.43631 0.02037
0.43148 0.021354
0.5118 0.020086
0.5193 0.020199
0.38877 0.024182
0.49562 0.023014
0.39611 0.024303
0.49065 0.024489
0.39601 0.024334
0.39517 0.024953
0.45037 0.025149
0.4961 0.026671
0.43623 0.028089
0.46143 0.024519
0.48952 0.025725
0.51703 0.02168
0.4184 0.033544
0.47994 0.026544
0.50355 0.025122
0.50129 0.026875
0.42906 0.034346
0.45912 0.029529
0.51261 0.022828
0.51493 0.023893
0.45133 0.033551
0.5076 0.026139
0.53533 0.021438
0.53816 0.025271
0.55777 0.021144
0.58106 0.02578
0.53996 0.027745
0.58723 0.026485
0.52552 0.036568
0.57852 0.026962
0.52847 0.024395
0.50332 0.037308
0.57795 0.026934
0.55624 0.027874
0.52783 0.026384
0.52444 0.021713
0.55649 0.028409
0.53581 0.035954
0.45185 0.038556
0.43916 0.038252
0.53829 0.035648
0.41618 0.037128
0.52276 0.022224
0.45841 0.03597
0.40176 0.03812
0.3985 0.038533
0.52613 0.02568
0.60551 0.021054
0.59483 0.027312
0.62638 0.027256
0.63766 0.035384
0.60444 0.028989
0.63615 0.035053
0.58636 0.027627
0.60199 0.030004
0.68288 0.036703
0.59656 0.029706
0.5997 0.03066
0.71123 0.039993
0.82115 0.039517
0.55102 0.031475
0.57455 0.03218
0.68792 0.036186
0.6087 0.032429
0.47417 0.03647
0.42386 0.037148
0.616 0.032777
0.62737 0.021886
0.65148 0.034977
0.64152 0.026832
0.72874 0.038974
0.68967 0.035239
0.92047 0.038728
0.70438 0.038539
0.79931 0.035977
0.80029 0.035911
0.68758 0.036215
0.6497 0.036155
0.66562 0.037043
0.84174 0.039096
0.67742 0.036762
0.95118 0.044426
0.9436 0.045577
0.95257 0.04399
0.69487 0.033152
0.91722 0.03946
0.72663 0.03807
0.96004 0.044217
0.95601 0.044265
0.96029 0.044251
0.6607 0.033907
0.96135 0.044337
0.71545 0.035074
0.81975 0.038763
0.96154 0.044347
0.69963 0.032076
0.85274 0.04003
0.72559 0.035744
0.95996 0.04399
0.95946 0.043844
0.65576 0.025908
0.84894 0.039046
0.74358 0.038524
0.95738 0.04274
0.9578 0.043589
0.9573 0.042793
0.66067 0.022901
0.95629 0.042102
0.72576 0.033016
0.95139 0.040541
0.95514 0.041605
0.95194 0.040552
0.67976 0.025342
0.77388 0.035305
0.71863 0.030571
0.91863 0.036321
0.94248 0.044043
0.70737 0.027149
0.75307 0.038288
0.69811 0.023833
0.79055 0.033768
0.91464 0.038847
0.90431 0.037296
0.70893 0.024203
0.88173 0.039656
0.75318 0.036172
0.81583 0.036501
0.72508 0.024873
0.81676 0.036537
0.76356 0.033883
0.84773 0.036751
0.84483 0.03624
0.73761 0.02571
0.85181 0.038159
0.74359 0.025999
0.86893 0.038624
0.85129 0.037986
0.87078 0.038506
0.75155 0.027849
0.88239 0.039373
0.7634 0.028171
0.89314 0.038374
0.89187 0.038587
0.76147 0.023644
0.90419 0.036578
0.77575 0.023848
0.8251 0.03793
0.90021 0.037087
0.90333 0.033498
0.78996 0.025326
0.9076 0.03102
0.79775 0.026028
0.83036 0.033376
0.91023 0.031227
0.91998 0.03395
0.80147 0.023921
0.92485 0.034914
0.81247 0.024418
0.93061 0.03445
0.92526 0.034676
0.93518 0.034565
0.82043 0.021838
0.93861 0.035687
0.84259 0.026644
0.94342 0.035439
0.94437 0.035307
0.84622 0.02335
0.91037 0.025948
0.85013 0.023536
0.95585 0.036017
0.95305 0.034286
0.95827 0.036804
0.85787 0.021941
0.96418 0.039501
0.8803 0.025098
0.96544 0.038733
0.96429 0.039497
0.89053 0.021835
0.93634 0.027563
0.9232 0.024539
0.94057 0.027529
0.96758 0.037508
0.96887 0.037749
0.92805 0.022786
0.9733 0.038184
0.94794 0.024684
0.97399 0.038048
0.97331 0.038183
0.97386 0.038071
0.96516 0.024216
0.97679 0.037967
0.9736 0.023905
0.97558 0.029383
0.97605 0.037962
0.97811 0.037779
