340
0.024757 0.020431
0.041457 0.023173
0.086049 0.020972
0.033839 0.027341
0.041252 0.027336
0.10725 0.020446
0.097858 0.02418
0.12144 0.02358
0.065725 0.027771
0.050171 0.027419
0.058231 0.027656
0.15242 0.022313
0.070523 0.028551
0.16726 0.022418
0.076613 0.031799
0.074473 0.030195
0.076834 0.031956
0.17943 0.0223
0.090532 0.0319
0.18371 0.024894
0.10977 0.034301
0.11971 0.031371
0.18866 0.026989
0.14371 0.031985
0.19748 0.027568
0.14696 0.033154
0.14353 0.031969
0.14601 0.032641
0.19655 0.030523
0.14739 0.03349
0.21243 0.025844
0.15043 0.034217
0.14733 0.03347
0.15103 0.034547
0.20819 0.031104
0.19629 0.03509
0.23013 0.021746
0.1559 0.035828
0.15584 0.035085
0.15654 0.035451
0.23515 0.028934
0.20427 0.036831
0.2514 0.021431
0.21329 0.03518
0.15791 0.036538
0.25605 0.027516
0.20875 0.037888
0.26444 0.029472
0.22986 0.035062
0.26474 0.034403
0.25077 0.036386
0.27388 0.022338
0.17498 0.037205
0.12596 0.036614
0.19731 0.037863
0.27688 0.022923
0.21991 0.036571
0.27497 0.032824
0.25535 0.03781
0.21177 0.038272
0.25041 0.038883
0.2928 0.022063
0.2587 0.038196
0.28373 0.03156
0.26065 0.038497
0.25981 0.038376
0.3077 0.025775
0.26439 0.03944
0.29708 0.030761
0.27689 0.037624
0.26442 0.03945
0.26039 0.038612
0.32883 0.027274
0.2793 0.03688
0.33092 0.028729
0.27954 0.037572
0.11785 0.038456
0.33873 0.027038
0.09742 0.037909
0.3412 0.027895
0.30192 0.035159
0.10191 0.038064
0.092029 0.03729
0.33656 0.03627
0.066864 0.032331
0.34568 0.03301
0.30852 0.036476
0.074585 0.036821
0.051116 0.031963
0.3482 0.034281
0.039161 0.033095
0.35541 0.02738
0.039272 0.035913
0.037323 0.034712
0.35207 0.037451
0.043092 0.036688
0.35352 0.037855
0.15214 0.038143
0.046459 0.037204
0.35789 0.036409
0.073671 0.037289
0.36491 0.030655
0.064864 0.034247
0.046684 0.037491
0.3596 0.037994
0.04521 0.037707
0.3686 0.029021
0.045128 0.037736
0.045125 0.037704
0.044898 0.037702
0.36566 0.03842
0.065346 0.035221
0.29864 0.038899
0.048198 0.037753
0.045513 0.037771
0.37042 0.037256
0.22051 0.037298
0.37723 0.032274
0.069808 0.036723
0.11298 0.039269
0.24008 0.038427
0.38493 0.023409
0.3293 0.038995
0.40456 0.022057
0.39657 0.026599
0.3251 0.036844
0.39246 0.03237
0.34772 0.038975
0.39995 0.034555
0.3064 0.037853
0.12112 0.038428
0.40114 0.034577
0.42702 0.025422
0.40245 0.034945
0.36824 0.038507
0.44327 0.031544
0.42748 0.027771
0.41153 0.030414
0.43975 0.031626
0.42337 0.029817
0.39361 0.036896
0.45522 0.020391
0.44988 0.021427
0.52462 0.020089
0.53138 0.02022
0.40712 0.024325
0.5088 0.023439
0.41397 0.024106
0.50472 0.025388
0.41387 0.024139
0.41306 0.024763
0.46817 0.025502
0.5092 0.027559
0.45513 0.028556
0.47882 0.024525
0.50378 0.026916
0.52927 0.021763
0.4392 0.034554
0.49609 0.027965
0.51604 0.025426
0.51394 0.027344
0.44819 0.035318
0.47701 0.029504
0.52531 0.022939
0.52735 0.02404
0.4704 0.034424
0.52052 0.026396
0.54483 0.021857
0.54693 0.026933
0.56207 0.021555
0.57745 0.028482
0.54822 0.030032
0.5824 0.029076
0.53678 0.038695
0.57646 0.030317
0.53962 0.025319
0.51519 0.038295
0.57606 0.030285
0.56127 0.030649
0.53913 0.027679
0.53625 0.021991
0.56165 0.031388
0.54498 0.03953
0.47322 0.038579
0.45947 0.038735
0.54693 0.03937
0.43802 0.038237
0.53465 0.022558
0.47909 0.036763
0.42409 0.03745
0.42033 0.037939
0.53774 0.026719
0.59557 0.021457
0.5886 0.029817
0.61156 0.028405
0.61643 0.039452
0.5973 0.032804
0.61541 0.039242
0.58258 0.03077
0.59619 0.034367
0.65577 0.039878
0.59161 0.033387
0.59474 0.035279
0.68618 0.036925
0.79067 0.038531
0.55749 0.035349
0.57702 0.037944
0.66072 0.039709
0.60187 0.038368
0.49546 0.039491
0.44451 0.038051
0.60597 0.038745
0.61241 0.022224
0.62705 0.039591
0.62419 0.028756
0.7075 0.035839
0.66324 0.038872
0.90337 0.038415
0.67711 0.038362
0.77332 0.038422
0.77416 0.038723
0.66033 0.039739
0.62489 0.039914
0.63852 0.039148
0.8188 0.037788
0.65105 0.039743
0.94184 0.036763
0.92781 0.038802
0.94468 0.036797
0.66883 0.035352
0.90009 0.038414
0.70499 0.035356
0.95818 0.038129
0.95123 0.0376
0.95855 0.038165
0.63611 0.035772
0.95999 0.038267
0.69158 0.032221
0.78894 0.038761
0.96021 0.03828
0.67331 0.033029
0.83521 0.037455
0.70377 0.033253
0.958 0.037996
0.95724 0.037878
0.63538 0.026618
0.82996 0.037132
0.72659 0.035911
0.95348 0.037066
0.95443 0.037654
0.95334 0.037081
0.6402 0.023173
0.9514 0.036446
0.70402 0.030913
0.94234 0.034656
0.94928 0.036062
0.94338 0.034753
0.65691 0.026382
0.75569 0.036603
0.69507 0.028512
0.9022 0.036274
0.92634 0.038201
0.68092 0.026581
0.73724 0.035632
0.67217 0.024228
0.7684 0.035609
0.89777 0.038586
0.88716 0.037696
0.6829 0.023762
0.86686 0.037057
0.73699 0.033996
0.78577 0.038514
0.70311 0.024049
0.78674 0.038361
0.74858 0.033932
0.82864 0.035521
0.82508 0.035153
0.71772 0.024671
0.83417 0.036904
0.72535 0.02498
0.85108 0.036284
0.83347 0.036664
0.85281 0.035735
0.73481 0.026551
0.86783 0.037076
0.7481 0.028048
0.87654 0.038483
0.87538 0.038296
0.74656 0.023527
0.88725 0.037109
0.75952 0.02421
0.79792 0.03473
0.88383 0.038208
0.88733 0.033805
0.77225 0.02616
0.89165 0.031158
0.77943 0.027798
0.81012 0.032396
0.89485 0.031404
0.90414 0.033894
0.78225 0.024906
0.9084 0.034997
0.78979 0.024907
0.91511 0.033982
0.90891 0.034711
0.91992 0.032883
0.79924 0.021539
0.92347 0.03313
0.82378 0.026255
0.92968 0.032085
0.9312 0.031736
0.82783 0.023067
0.89586 0.026007
0.83231 0.023254
0.94936 0.032034
0.9448 0.030478
0.95336 0.032893
0.83975 0.021833
0.96176 0.03519
0.86737 0.024704
0.96289 0.034563
0.96187 0.035186
0.87634 0.021938
0.92229 0.026473
0.90823 0.024532
0.92681 0.026063
0.965 0.033574
0.96659 0.033757
0.91337 0.022689
0.97191 0.033777
0.93739 0.023341
0.97273 0.033673
0.97192 0.033776
0.97257 0.033691
0.96053 0.023247
0.97611 0.033612
0.97156 0.02296
0.97417 0.027109
0.97521 0.033608
0.9777 0.033469
