340
0.024187 0.02049
0.038907 0.023513
0.08318 0.020909
0.032181 0.028276
0.038722 0.028127
0.10568 0.020432
0.095923 0.023949
0.12019 0.023553
0.061812 0.027721
0.046963 0.028042
0.054424 0.027957
0.15103 0.022318
0.066819 0.02825
0.16585 0.022416
0.073176 0.031215
0.070942 0.029725
0.073406 0.031359
0.17805 0.022293
0.088017 0.031046
0.18234 0.024877
0.10826 0.033942
0.11844 0.031258
0.18731 0.026961
0.14234 0.032028
0.19617 0.027537
0.14558 0.033194
0.14216 0.032012
0.14463 0.032682
0.19524 0.030479
0.14601 0.033531
0.21118 0.025823
0.14905 0.034254
0.14595 0.033511
0.14963 0.034584
0.20692 0.03106
0.19497 0.035026
0.22892 0.021745
0.15449 0.035852
0.15443 0.035108
0.15513 0.035473
0.23394 0.028947
0.20298 0.036762
0.25011 0.021442
0.21204 0.035127
0.1565 0.036556
0.25472 0.027577
0.20748 0.037817
0.26305 0.029555
0.22864 0.035055
0.26334 0.034531
0.24948 0.03651
0.27239 0.02236
0.17358 0.037167
0.12468 0.0366
0.196 0.037788
0.27537 0.022951
0.21869 0.036534
0.27348 0.032948
0.25403 0.037952
0.21052 0.038205
0.24913 0.039024
0.29112 0.022085
0.25735 0.038348
0.28215 0.031679
0.25929 0.038654
0.25845 0.038531
0.30589 0.025822
0.26299 0.039612
0.29535 0.030866
0.27538 0.037797
0.26303 0.039622
0.25903 0.038769
0.32695 0.027253
0.27776 0.037049
0.32905 0.028692
0.278 0.037747
0.11653 0.038221
0.33689 0.026971
0.09545 0.036898
0.33937 0.027806
0.30015 0.035297
0.10022 0.03725
0.089633 0.036078
0.33471 0.036137
0.063 0.032166
0.34394 0.032822
0.3067 0.03661
0.071059 0.036043
0.047838 0.032928
0.3465 0.03405
0.036867 0.034578
0.35384 0.027229
0.036964 0.03771
0.035248 0.03645
0.35044 0.037126
0.040411 0.038403
0.35191 0.037509
0.15075 0.038185
0.043527 0.038817
0.35637 0.036053
0.070105 0.036515
0.36356 0.030384
0.060913 0.03423
0.043735 0.039121
0.35811 0.037587
0.042371 0.039427
0.36736 0.028774
0.042295 0.039462
0.042293 0.039428
0.042083 0.039436
0.36433 0.037945
0.061417 0.035159
0.2969 0.03908
0.045137 0.039336
0.042651 0.039483
0.36923 0.036767
0.21929 0.037261
0.37624 0.031895
0.066074 0.036203
0.11155 0.038887
0.23886 0.03849
0.3842 0.023294
0.32742 0.038932
0.40452 0.021997
0.39627 0.026382
0.3232 0.036831
0.39201 0.031941
0.34601 0.038675
0.39978 0.034099
0.30459 0.038004
0.11987 0.038282
0.401 0.034127
0.42755 0.025304
0.40235 0.034493
0.36699 0.038005
0.44412 0.031375
0.42803 0.027604
0.41168 0.030138
0.44055 0.031437
0.42383 0.029593
0.3932 0.036318
0.4562 0.020387
0.4508 0.02141
0.52594 0.02009
0.53266 0.020221
0.40715 0.024203
0.51009 0.023421
0.41419 0.024
0.50598 0.025357
0.41409 0.024032
0.41325 0.024639
0.46924 0.025482
0.51048 0.027519
0.45612 0.028477
0.47991 0.024503
0.50504 0.026876
0.53057 0.021771
0.43999 0.034314
0.4973 0.027914
0.51736 0.025415
0.51526 0.027322
0.4491 0.03513
0.4781 0.029461
0.52663 0.022948
0.52865 0.024055
0.47147 0.034378
0.52186 0.026399
0.546 0.02188
0.54806 0.027029
0.56298 0.021578
0.57813 0.028592
0.54933 0.030178
0.58303 0.029181
0.53803 0.038858
0.57716 0.030453
0.54086 0.025373
0.51651 0.038252
0.57677 0.030421
0.56219 0.030809
0.54038 0.027755
0.53751 0.022008
0.56256 0.031559
0.54614 0.039781
0.47429 0.03851
0.4605 0.038597
0.54806 0.039639
0.43879 0.037926
0.53592 0.022578
0.48019 0.036682
0.42456 0.037055
0.42072 0.037511
0.53899 0.026781
0.59606 0.02147
0.58917 0.029916
0.61193 0.028461
0.61677 0.039566
0.59778 0.032915
0.61576 0.039358
0.5832 0.030894
0.59668 0.034494
0.65598 0.039904
0.59214 0.033514
0.59525 0.035417
0.6864 0.036887
0.79092 0.038651
0.55846 0.03558
0.57771 0.038177
0.66092 0.039725
0.60231 0.038515
0.49667 0.039365
0.44537 0.037798
0.60638 0.038884
0.61278 0.022239
0.62734 0.039676
0.62449 0.028798
0.70779 0.035781
0.66344 0.038883
0.90575 0.038107
0.67732 0.038343
0.77367 0.038514
0.77451 0.038817
0.66053 0.039756
0.62519 0.040006
0.63876 0.039206
0.81899 0.037681
0.65126 0.039779
0.94406 0.037423
0.93031 0.039
0.94676 0.037559
0.66903 0.035351
0.90242 0.038082
0.70527 0.035301
0.95955 0.039227
0.95296 0.038587
0.9599 0.03927
0.63637 0.035823
0.96126 0.039395
0.69182 0.032187
0.78921 0.038886
0.96147 0.03941
0.67351 0.033021
0.83561 0.0371
0.70405 0.033207
0.95938 0.039084
0.95866 0.03895
0.63564 0.02664
0.83029 0.036898
0.72695 0.035858
0.9551 0.038049
0.956 0.038681
0.95497 0.038062
0.64044 0.023182
0.95313 0.03737
0.7043 0.030875
0.94453 0.035248
0.95112 0.03694
0.94552 0.035381
0.65712 0.02639
0.7561 0.036614
0.69531 0.028487
0.90456 0.035994
0.92886 0.038358
0.68113 0.026571
0.73763 0.035595
0.67237 0.024226
0.76877 0.035674
0.90006 0.038234
0.88921 0.037285
0.68311 0.023755
0.86835 0.036523
0.73738 0.033962
0.78605 0.03863
0.70338 0.024035
0.78702 0.038478
0.74899 0.033917
0.82895 0.035323
0.82534 0.034996
0.71805 0.024655
0.83455 0.036582
0.7257 0.024963
0.85199 0.035666
0.83385 0.036362
0.8538 0.03515
0.73519 0.026534
0.86934 0.03655
0.7485 0.028039
0.87832 0.037978
0.87712 0.037789
0.74696 0.023523
0.8893 0.036712
0.75994 0.024218
0.79812 0.03479
0.8858 0.037762
0.88938 0.033485
0.77261 0.02619
0.8938 0.030919
0.77976 0.027841
0.81031 0.032395
0.89708 0.031175
0.90653 0.033666
0.78256 0.024935
0.91086 0.034777
0.79005 0.02494
0.91767 0.033893
0.91137 0.034501
0.92252 0.032884
0.79944 0.021544
0.92603 0.033193
0.82402 0.026196
0.93216 0.032249
0.93367 0.031932
0.82813 0.023029
0.89811 0.025889
0.83267 0.0232
0.95119 0.032693
0.94687 0.030955
0.95498 0.033634
0.84021 0.021785
0.96292 0.036144
0.86887 0.024558
0.96397 0.035489
0.96302 0.036141
0.87812 0.021885
0.92486 0.026494
0.91069 0.024465
0.92932 0.026119
0.96596 0.034455
0.96744 0.034664
0.9159 0.022666
0.97243 0.034713
0.93979 0.023441
0.97319 0.034602
0.97243 0.034712
0.97304 0.034621
0.96177 0.023449
0.97636 0.034536
0.97209 0.023161
0.97454 0.027592
0.97551 0.034532
0.97785 0.034384
