340
0.024677 0.020439
0.041773 0.022854
0.09409 0.020754
0.033507 0.02717
0.04139 0.026612
0.12249 0.020272
0.10959 0.023115
0.15146 0.022007
0.070506 0.027095
0.051879 0.026196
0.062347 0.026319
0.19919 0.021577
0.075911 0.027743
0.21903 0.021787
0.084394 0.029742
0.081107 0.028841
0.08472 0.029808
0.23492 0.021669
0.10427 0.029226
0.24216 0.023229
0.13255 0.027375
0.15216 0.026237
0.24864 0.02466
0.18755 0.027565
0.26188 0.025173
0.19393 0.028432
0.18731 0.027538
0.19176 0.02811
0.25984 0.027219
0.19499 0.028648
0.28408 0.024958
0.20081 0.029371
0.19488 0.028633
0.20196 0.029627
0.27762 0.028095
0.2609 0.029995
0.29906 0.022351
0.20889 0.030902
0.20815 0.030431
0.20929 0.030725
0.3022 0.031546
0.27283 0.030765
0.31662 0.021568
0.28929 0.03369
0.21208 0.03156
0.32075 0.028315
0.28258 0.033353
0.32847 0.029411
0.30078 0.040464
0.32816 0.034222
0.31526 0.037201
0.33885 0.022218
0.23412 0.033709
0.17666 0.029944
0.26672 0.033364
0.34228 0.02299
0.2961 0.039494
0.33987 0.032394
0.31874 0.040246
0.28995 0.037081
0.31449 0.040586
0.35569 0.022176
0.32215 0.040182
0.3478 0.032695
0.32388 0.040159
0.32315 0.040179
0.37052 0.027953
0.32692 0.040262
0.3595 0.031
0.34097 0.038435
0.32695 0.04027
0.32363 0.040473
0.38192 0.0302
0.34288 0.038093
0.38331 0.031627
0.34254 0.040196
0.16765 0.030192
0.3912 0.027727
0.12335 0.032805
0.39353 0.028783
0.3659 0.036521
0.12798 0.032573
0.11431 0.03319
0.38783 0.037921
0.073727 0.030973
0.39789 0.036006
0.37231 0.0432
0.086564 0.033928
0.052013 0.029998
0.39968 0.038882
0.038044 0.032113
0.40469 0.030825
0.038099 0.034879
0.036137 0.033987
0.40214 0.04545
0.041893 0.03531
0.40285 0.046686
0.21042 0.033911
0.045119 0.035517
0.40495 0.044127
0.086371 0.034785
0.40974 0.034834
0.072062 0.032189
0.045347 0.035897
0.40532 0.04787
0.04378 0.036368
0.41298 0.032792
0.043698 0.036425
0.043697 0.036379
0.043475 0.036419
0.40868 0.045955
0.07322 0.033001
0.3584 0.040697
0.047236 0.036238
0.044077 0.036411
0.41282 0.04434
0.29756 0.044024
0.41744 0.039562
0.081463 0.034737
0.1542 0.03099
0.3041 0.04526
0.42364 0.025947
0.38172 0.050205
0.43824 0.022356
0.43068 0.028884
0.3805 0.050735
0.4237 0.03972
0.39962 0.04783
0.43005 0.038173
0.37115 0.046265
0.1807 0.032296
0.43168 0.037408
0.45351 0.029477
0.4331 0.037402
0.41066 0.046871
0.46398 0.037066
0.45398 0.033519
0.44469 0.034076
0.4612 0.03705
0.45156 0.036205
0.41979 0.057429
0.47189 0.020546
0.46889 0.022101
0.522 0.020132
0.52678 0.020311
0.44077 0.025282
0.51112 0.024221
0.4467 0.026016
0.50744 0.026355
0.44663 0.026051
0.44602 0.026831
0.48264 0.026742
0.51145 0.029373
0.47186 0.031972
0.49032 0.027943
0.50657 0.028142
0.52537 0.022615
0.46008 0.041301
0.49968 0.030712
0.51651 0.027596
0.51497 0.030034
0.46709 0.042515
0.48937 0.035984
0.52252 0.024354
0.52401 0.026028
0.48406 0.038003
0.51927 0.029285
0.5369 0.02291
0.53838 0.031708
0.54463 0.02379
0.55202 0.036476
0.53869 0.038169
0.55421 0.037971
0.5296 0.046832
0.55092 0.040246
0.53254 0.027384
0.51589 0.046243
0.5507 0.040253
0.54334 0.046161
0.53214 0.030609
0.52998 0.022731
0.54332 0.04783
0.53592 0.053207
0.48547 0.046452
0.47291 0.046011
0.53717 0.055489
0.45865 0.04737
0.5289 0.023514
0.49059 0.046716
0.45076 0.048562
0.44953 0.04922
0.53106 0.029208
0.56105 0.022927
0.55689 0.040032
0.56821 0.038957
0.57201 0.055408
0.56027 0.044864
0.57127 0.05534
0.55375 0.041173
0.55929 0.047454
0.5935 0.056845
0.5573 0.04651
0.55839 0.049093
0.61434 0.041177
0.69478 0.04173
0.54138 0.055279
0.54863 0.055704
0.59622 0.052493
0.56149 0.054635
0.49816 0.050416
0.46383 0.047097
0.56403 0.055685
0.56872 0.024883
0.57905 0.050782
0.57466 0.034911
0.63422 0.041107
0.59725 0.049038
0.85969 0.0303
0.60784 0.04365
0.68736 0.039703
0.68784 0.039787
0.59605 0.052794
0.5779 0.053564
0.58641 0.054861
0.74323 0.031683
0.59132 0.056162
0.93574 0.032391
0.91025 0.033129
0.93982 0.032328
0.60046 0.04191
0.83414 0.032083
0.63167 0.038613
0.95669 0.036147
0.94808 0.033688
0.95718 0.036308
0.58395 0.046959
0.95867 0.036827
0.61865 0.035122
0.6947 0.040662
0.95892 0.036912
0.60398 0.03767
0.76144 0.032391
0.63003 0.03583
0.95648 0.035879
0.95538 0.035477
0.58173 0.031711
0.75632 0.0317
0.64552 0.041635
0.95085 0.033254
0.95181 0.034228
0.95069 0.033242
0.58416 0.025678
0.9486 0.032195
0.6297 0.033102
0.93726 0.030201
0.9463 0.031416
0.93867 0.030221
0.59333 0.031033
0.66877 0.040775
0.6217 0.030369
0.86348 0.029245
0.91042 0.031861
0.61054 0.028297
0.6536 0.040969
0.6032 0.025811
0.68286 0.035044
0.82642 0.032429
0.81252 0.034105
0.61192 0.024697
0.7943 0.034427
0.65377 0.038044
0.69516 0.036934
0.62836 0.024866
0.69616 0.036152
0.66226 0.037177
0.75731 0.030094
0.75271 0.029908
0.63991 0.026349
0.7635 0.030493
0.64496 0.026782
0.78491 0.032405
0.76273 0.030426
0.78672 0.03256
0.65242 0.028677
0.79722 0.033235
0.66255 0.030174
0.80938 0.032775
0.80742 0.033017
0.66111 0.024507
0.82168 0.031227
0.67188 0.024799
0.70983 0.030884
0.81694 0.031794
0.8396 0.028307
0.68436 0.025813
0.85431 0.027426
0.6916 0.026223
0.73146 0.027187
0.85789 0.02738
0.87232 0.027977
0.69512 0.02394
0.88207 0.028061
0.70643 0.023439
0.8949 0.027713
0.88333 0.027983
0.90402 0.027987
0.71845 0.021138
0.91042 0.028149
0.75527 0.024302
0.91987 0.027965
0.92216 0.027859
0.76105 0.022092
0.86347 0.024049
0.76797 0.02209
0.94752 0.028538
0.94159 0.027203
0.9521 0.029863
0.78164 0.021137
0.96185 0.033767
0.81587 0.022947
0.96331 0.033612
0.96198 0.033799
0.83543 0.02109
0.90854 0.024162
0.88454 0.02264
0.91575 0.023998
0.96567 0.033368
0.96718 0.033988
0.89347 0.02155
0.9723 0.035156
0.93006 0.022339
0.97309 0.035043
0.9723 0.035155
0.97293 0.035062
0.96213 0.022996
0.9763 0.034975
0.97233 0.023255
0.9747 0.027821
0.97545 0.034971
0.97782 0.034818
