340
0.020825 0.022487
0.024543 0.037785
0.032596 0.023404
0.024252 0.053524
0.026699 0.053303
0.038436 0.021361
0.037653 0.035326
0.04487 0.031714
0.034593 0.055289
0.029431 0.053413
0.032334 0.054239
0.053038 0.025665
0.036421 0.055919
0.060241 0.024207
0.040005 0.057868
0.038607 0.057216
0.040149 0.057926
0.068141 0.023264
0.047286 0.057434
0.071846 0.026074
0.053004 0.056203
0.056562 0.055695
0.077946 0.028593
0.063965 0.056566
0.085904 0.02922
0.0676 0.058601
0.063857 0.056514
0.066166 0.057689
0.090647 0.03316
0.068484 0.05947
0.09725 0.027898
0.07194 0.060405
0.068413 0.059428
0.072823 0.06101
0.099651 0.034738
0.097897 0.040145
0.10689 0.023029
0.077151 0.06347
0.077049 0.061334
0.077714 0.062229
0.11124 0.033674
0.10293 0.043968
0.12095 0.022022
0.1082 0.04557
0.079277 0.063736
0.1238 0.030688
0.10745 0.051004
0.13068 0.030831
0.11336 0.049123
0.13058 0.037836
0.11877 0.047695
0.14043 0.022841
0.095418 0.062989
0.066131 0.071844
0.10537 0.059245
0.14349 0.023992
0.11252 0.056568
0.14232 0.036314
0.11966 0.054981
0.11088 0.057137
0.11828 0.05495
0.15217 0.023804
0.12089 0.055951
0.14894 0.038179
0.1214 0.057002
0.12114 0.05662
0.15972 0.031502
0.12244 0.058723
0.15499 0.0399
0.14529 0.048062
0.12242 0.058813
0.12048 0.059958
0.1699 0.031184
0.14765 0.047906
0.17152 0.032348
0.14562 0.052604
0.065467 0.076323
0.17904 0.028089
0.055953 0.078403
0.18128 0.029059
0.1583 0.04857
0.05731 0.078127
0.053189 0.079008
0.1771 0.038155
0.036905 0.082311
0.18572 0.034089
0.1613 0.052051
0.041543 0.081187
0.030959 0.083903
0.18726 0.035771
0.026419 0.088477
0.19418 0.028647
0.024558 0.098982
0.024973 0.094525
0.19136 0.040832
0.024403 0.10501
0.19344 0.0427
0.073796 0.076883
0.024266 0.10926
0.19719 0.0392
0.039769 0.086114
0.20162 0.033206
0.034589 0.088522
0.024337 0.11284
0.19882 0.043452
0.024447 0.11755
0.2047 0.031983
0.024499 0.11843
0.024446 0.11767
0.024454 0.11813
0.20309 0.043142
0.034209 0.090814
0.15285 0.061588
0.024809 0.11768
0.024547 0.11849
0.20778 0.042625
0.11386 0.068162
0.21282 0.03603
0.035371 0.093119
0.063506 0.083412
0.11553 0.069328
0.21539 0.025348
0.17152 0.057887
0.22899 0.023644
0.22371 0.030107
0.16947 0.058711
0.22366 0.040499
0.1861 0.055076
0.23085 0.045996
0.15602 0.063176
0.066501 0.083696
0.23154 0.046079
0.25692 0.034014
0.23289 0.049456
0.20501 0.055048
0.26605 0.041385
0.25862 0.038397
0.24491 0.046776
0.26304 0.045346
0.25719 0.043877
0.27775 0.042999
0.26839 0.020717
0.26639 0.022888
0.42806 0.020063
0.5018 0.020165
0.23105 0.0294
0.34666 0.020731
0.23842 0.033454
0.31603 0.021942
0.23831 0.033541
0.23789 0.035225
0.27848 0.026527
0.35304 0.021618
0.2709 0.033559
0.29007 0.025586
0.31433 0.022739
0.48114 0.02113
0.2729 0.039084
0.30824 0.025034
0.37769 0.021831
0.37463 0.022243
0.31991 0.025673
0.29881 0.028589
0.43001 0.022097
0.46527 0.022206
0.29542 0.029376
0.39568 0.023234
0.70741 0.020421
0.71771 0.022369
0.74274 0.021118
0.75823 0.029032
0.72572 0.024251
0.76131 0.030492
0.72066 0.027219
0.75637 0.03078
0.65666 0.021241
0.68913 0.023441
0.75603 0.030661
0.74755 0.030012
0.65498 0.021809
0.59843 0.021083
0.74876 0.031148
0.73765 0.031563
0.69103 0.025417
0.6884 0.026126
0.7401 0.033918
0.7078 0.031179
0.56047 0.021652
0.67301 0.0261
0.69959 0.030514
0.71965 0.043433
0.62865 0.022938
0.77498 0.021736
0.76481 0.032278
0.78371 0.033837
0.78034 0.044427
0.76955 0.035132
0.77858 0.043028
0.76052 0.032448
0.76666 0.037309
0.81608 0.052337
0.76375 0.03693
0.7638 0.038798
0.83581 0.057056
0.87319 0.062663
0.74601 0.034458
0.75243 0.040773
0.82056 0.054429
0.7626 0.046003
0.73284 0.040224
0.72948 0.043469
0.7629 0.05427
0.7864 0.023805
0.79105 0.04295
0.7918 0.030985
0.84667 0.05724
0.82205 0.05154
0.94228 0.085783
0.83143 0.055938
0.87175 0.062391
0.87185 0.062474
0.82032 0.054386
0.78869 0.055725
0.7996 0.039975
0.89484 0.068957
0.81185 0.043095
0.97318 0.10593
0.96683 0.096457
0.9735 0.10637
0.82606 0.046741
0.93361 0.081192
0.84411 0.053026
0.9745 0.10723
0.97403 0.107
0.97453 0.10722
0.80193 0.034244
0.97461 0.10702
0.83722 0.047931
0.87356 0.057549
0.97461 0.10684
0.82937 0.043755
0.89732 0.066531
0.84257 0.048419
0.97393 0.10399
0.97369 0.10326
0.8049 0.026177
0.89665 0.064321
0.85062 0.049281
0.96962 0.093061
0.97256 0.09956
0.96974 0.093299
0.81082 0.02346
0.96692 0.089537
0.84363 0.043201
0.96245 0.086563
0.96579 0.088479
0.96295 0.086788
0.82203 0.031112
0.86513 0.049988
0.8406 0.039001
0.93103 0.075181
0.9482 0.08201
0.83536 0.032945
0.85801 0.044876
0.83071 0.027736
0.87275 0.047609
0.92521 0.073321
0.91964 0.071141
0.83652 0.027531
0.90791 0.064985
0.8602 0.04006
0.87747 0.047175
0.84573 0.028533
0.87825 0.04655
0.86685 0.039629
0.89772 0.056346
0.89695 0.056225
0.85281 0.028644
0.89887 0.05643
0.85695 0.028073
0.90397 0.05877
0.89873 0.056409
0.90467 0.059142
0.86385 0.029753
0.90985 0.061765
0.87138 0.031998
0.91615 0.064695
0.91517 0.06427
0.87143 0.025235
0.9209 0.065475
0.88038 0.026676
0.89077 0.040313
0.91924 0.065048
0.92513 0.066688
0.88752 0.029006
0.9269 0.066317
0.89323 0.027935
0.90212 0.040074
0.92728 0.066147
0.92995 0.065561
0.8959 0.025606
0.9315 0.062913
0.90275 0.026315
0.93455 0.062859
0.93176 0.062816
0.93682 0.063229
0.90901 0.022585
0.93846 0.063397
0.91702 0.033043
0.94231 0.063961
0.94326 0.064225
0.92395 0.026235
0.93372 0.042472
0.92644 0.026045
0.9518 0.067055
0.94984 0.066052
0.95321 0.067852
0.9313 0.023348
0.9579 0.068955
0.93913 0.03068
0.95981 0.067013
0.95804 0.068837
0.94728 0.024785
0.95134 0.03829
0.95374 0.031785
0.95442 0.038207
0.96314 0.063619
0.96485 0.063053
0.95967 0.02745
0.97077 0.062082
0.96434 0.032907
0.97176 0.061807
0.97078 0.062079
0.97156 0.061853
0.97261 0.029685
0.9756 0.061644
0.97685 0.027938
0.97666 0.039313
0.97459 0.061635
0.97743 0.061267
