340
0.024829 0.020425
0.042475 0.022767
0.096548 0.020724
0.033945 0.026947
0.042081 0.02641
0.12636 0.020258
0.11278 0.022963
0.15679 0.021919
0.072112 0.02687
0.052894 0.026009
0.063691 0.026124
0.20605 0.021574
0.077691 0.027486
0.22555 0.021873
0.08648 0.029395
0.083067 0.028534
0.086818 0.029458
0.24038 0.021904
0.10719 0.028799
0.24642 0.023876
0.13697 0.027007
0.15752 0.025964
0.25161 0.025864
0.19426 0.027432
0.26171 0.027504
0.20076 0.028357
0.19402 0.027403
0.19855 0.028014
0.26043 0.030263
0.20184 0.028584
0.27592 0.026626
0.20765 0.029375
0.20173 0.028567
0.20879 0.029645
0.27147 0.031872
0.26067 0.034337
0.28889 0.022591
0.21567 0.03108
0.21494 0.030579
0.21606 0.030912
0.29138 0.032557
0.26749 0.036769
0.30548 0.021617
0.27801 0.037164
0.21883 0.031863
0.30948 0.028525
0.27256 0.038669
0.31705 0.029608
0.2882 0.041943
0.31684 0.034522
0.30393 0.037792
0.32724 0.022242
0.23958 0.035541
0.18313 0.029627
0.26309 0.040152
0.33062 0.023001
0.28299 0.042009
0.32828 0.032503
0.30744 0.040737
0.27707 0.041387
0.30303 0.041186
0.34421 0.022108
0.31094 0.040633
0.33618 0.032591
0.31269 0.040598
0.31195 0.040623
0.36003 0.02719
0.31574 0.040677
0.34813 0.030481
0.32945 0.038555
0.31577 0.040684
0.31245 0.040903
0.37284 0.029157
0.33134 0.038137
0.37438 0.03046
0.33103 0.040261
0.17372 0.029756
0.38308 0.027036
0.12726 0.032151
0.38563 0.028036
0.355 0.035274
0.13215 0.031926
0.11774 0.032535
0.37945 0.036234
0.075437 0.030616
0.39064 0.03479
0.36216 0.040875
0.088733 0.033424
0.053032 0.029696
0.39279 0.037521
0.038629 0.031739
0.39779 0.030152
0.038686 0.034421
0.03666 0.033554
0.39603 0.04318
0.042599 0.034842
0.397 0.04421
0.21719 0.034204
0.045925 0.035047
0.39935 0.042193
0.088533 0.034251
0.40369 0.034077
0.073718 0.031799
0.04616 0.035415
0.40016 0.045236
0.044545 0.03587
0.4069 0.032439
0.04446 0.035925
0.044459 0.035881
0.04423 0.03592
0.404 0.043783
0.074914 0.03258
0.34716 0.03982
0.048108 0.035748
0.044851 0.035912
0.40874 0.043122
0.28346 0.045173
0.41334 0.040347
0.083437 0.034224
0.15966 0.030508
0.29133 0.045492
0.41712 0.026588
0.37254 0.047027
0.42901 0.022692
0.4229 0.030658
0.37118 0.047502
0.41898 0.04188
0.39316 0.045069
0.42307 0.041644
0.36092 0.043781
0.18728 0.031967
0.42412 0.041005
0.44444 0.028402
0.42507 0.040986
0.40651 0.044635
0.45642 0.034525
0.4447 0.031958
0.43404 0.034592
0.45312 0.034598
0.44155 0.034841
0.41774 0.055771
0.46598 0.020458
0.4624 0.02177
0.52228 0.020124
0.52738 0.020291
0.43108 0.025807
0.51078 0.024004
0.43674 0.025967
0.5069 0.025946
0.43666 0.026009
0.43602 0.026859
0.4788 0.025724
0.51112 0.028888
0.46592 0.030034
0.48773 0.026817
0.50599 0.027584
0.52587 0.022454
0.45162 0.038246
0.49861 0.029629
0.51645 0.027176
0.51484 0.02949
0.46 0.038989
0.48634 0.033698
0.52283 0.024094
0.52442 0.025663
0.48018 0.035314
0.51937 0.028753
0.53819 0.022669
0.5398 0.030696
0.54677 0.023403
0.55519 0.034584
0.54029 0.036581
0.55767 0.035878
0.53042 0.04484
0.55402 0.037939
0.53354 0.026853
0.51521 0.044483
0.55378 0.037948
0.54565 0.043539
0.53311 0.029857
0.5308 0.022552
0.54567 0.045035
0.5375 0.050226
0.48142 0.042723
0.46683 0.041845
0.5389 0.052205
0.44955 0.043001
0.52965 0.023288
0.48711 0.043184
0.43912 0.04559
0.43745 0.046641
0.53195 0.028581
0.56532 0.022571
0.56072 0.037658
0.57368 0.036595
0.57834 0.051151
0.56463 0.041838
0.57748 0.051027
0.55721 0.038713
0.56354 0.044134
0.60194 0.054133
0.56127 0.043356
0.56253 0.0456
0.62396 0.040151
0.71078 0.0459
0.54359 0.051807
0.55167 0.051829
0.60486 0.050188
0.56616 0.05035
0.49521 0.047148
0.45607 0.042767
0.56909 0.05116
0.5741 0.024276
0.58632 0.047596
0.581 0.033217
0.64441 0.040285
0.60595 0.046985
0.85496 0.029847
0.61711 0.042272
0.70156 0.0428
0.7021 0.042969
0.60468 0.050463
0.58506 0.050009
0.59429 0.051877
0.73955 0.034828
0.5996 0.053381
0.93411 0.031925
0.90763 0.032648
0.93836 0.031873
0.60931 0.040375
0.8282 0.031524
0.64183 0.03794
0.95584 0.03558
0.94692 0.033203
0.95634 0.035736
0.59156 0.044437
0.95789 0.036236
0.62852 0.0345
0.71027 0.045067
0.95815 0.036318
0.61302 0.036499
0.75499 0.033687
0.64019 0.03529
0.95562 0.035322
0.95448 0.034934
0.58882 0.030533
0.75057 0.033219
0.65623 0.04047
0.94979 0.03279
0.95078 0.03373
0.94962 0.032779
0.59147 0.025132
0.94746 0.031764
0.6399 0.032661
0.93569 0.029821
0.94507 0.031008
0.93716 0.029842
0.60156 0.030138
0.68167 0.039931
0.63171 0.029997
0.85893 0.028842
0.9078 0.031427
0.62003 0.027833
0.66479 0.03956
0.61218 0.025419
0.69597 0.036878
0.8201 0.031883
0.80561 0.033568
0.62149 0.024446
0.78682 0.034125
0.66505 0.036831
0.70918 0.041893
0.63857 0.024708
0.70981 0.041259
0.6744 0.035903
0.75131 0.031357
0.74732 0.031469
0.65058 0.026053
0.75674 0.031485
0.65591 0.026418
0.77725 0.032486
0.75605 0.031452
0.77906 0.03257
0.66381 0.028111
0.7898 0.032901
0.67476 0.029426
0.80234 0.032319
0.8003 0.032575
0.67319 0.024166
0.81515 0.030753
0.68482 0.024768
0.71792 0.036513
0.81021 0.031316
0.83392 0.027924
0.6964 0.026594
0.84933 0.027095
0.70269 0.027661
0.73064 0.030161
0.85308 0.027054
0.86816 0.027638
0.70561 0.025063
0.87834 0.027736
0.71358 0.025029
0.89169 0.027421
0.87966 0.027663
0.90116 0.027691
0.72164 0.021674
0.9078 0.027851
0.74947 0.024886
0.91762 0.027668
0.91999 0.027564
0.75454 0.022315
0.85892 0.023873
0.7609 0.022241
0.94633 0.028235
0.94019 0.02694
0.95108 0.029517
0.77404 0.021156
0.96119 0.033283
0.8091 0.022829
0.9627 0.033133
0.96132 0.033314
0.82955 0.02104
0.90585 0.024009
0.88092 0.022535
0.91334 0.023851
0.96515 0.032898
0.96671 0.033496
0.8902 0.021492
0.97201 0.034622
0.9282 0.022249
0.97283 0.034513
0.97202 0.034621
0.97267 0.034531
0.96148 0.02289
0.97617 0.034448
0.97205 0.02314
0.97451 0.027545
0.97528 0.034444
0.97774 0.034296
