340
0.024576 0.020449
0.04066 0.023299
0.082948 0.021014
0.033314 0.027634
0.04046 0.027628
0.10364 0.020457
0.094568 0.024286
0.11755 0.023672
0.064176 0.028204
0.04901 0.027711
0.056778 0.027925
0.14786 0.022338
0.068561 0.02913
0.16259 0.022426
0.074238 0.032762
0.072176 0.031086
0.074449 0.03292
0.17475 0.022298
0.087381 0.032196
0.17903 0.024885
0.10612 0.03468
0.11588 0.031659
0.184 0.026967
0.13924 0.03219
0.19286 0.027539
0.14245 0.033349
0.13906 0.032175
0.14151 0.032837
0.19193 0.030482
0.14287 0.033687
0.20786 0.025827
0.14589 0.034395
0.14282 0.033667
0.14648 0.034724
0.2036 0.031066
0.19166 0.035031
0.22556 0.021752
0.1513 0.035963
0.15124 0.035214
0.15194 0.035579
0.23056 0.02899
0.19967 0.036771
0.24662 0.021454
0.20872 0.03514
0.15329 0.036664
0.2512 0.02764
0.20417 0.037828
0.25945 0.029632
0.22528 0.03511
0.25974 0.034648
0.246 0.036642
0.26873 0.022378
0.1703 0.037213
0.1219 0.037062
0.19268 0.037794
0.27168 0.022972
0.21536 0.036566
0.26981 0.033044
0.25051 0.038102
0.2072 0.038217
0.24565 0.039175
0.28736 0.022091
0.25381 0.038498
0.27841 0.031742
0.25573 0.038806
0.2549 0.038683
0.30211 0.025805
0.2594 0.03977
0.29157 0.030883
0.27169 0.037921
0.25943 0.03978
0.25547 0.038923
0.32336 0.02714
0.27406 0.037158
0.3255 0.028545
0.2743 0.03786
0.11405 0.038914
0.33348 0.026812
0.094206 0.03836
0.33602 0.027612
0.29636 0.035289
0.098506 0.038528
0.088948 0.037692
0.33127 0.035798
0.06551 0.033079
0.34071 0.032456
0.30293 0.036555
0.072828 0.038317
0.050068 0.032445
0.34336 0.033619
0.038538 0.033649
0.35097 0.02697
0.038707 0.03661
0.036804 0.035345
0.34745 0.036545
0.042403 0.037431
0.34898 0.036898
0.14758 0.038348
0.045659 0.037971
0.35359 0.035459
0.072065 0.038785
0.36107 0.029965
0.063971 0.035071
0.045896 0.038274
0.35539 0.036922
0.044411 0.038499
0.36503 0.028405
0.044335 0.038526
0.044332 0.038495
0.04411 0.038492
0.36187 0.037214
0.064548 0.036136
0.29312 0.039096
0.047449 0.038554
0.044714 0.038562
0.367 0.036046
0.21596 0.037297
0.37433 0.031375
0.068631 0.037912
0.10927 0.03973
0.23546 0.038597
0.38264 0.023152
0.32384 0.038632
0.40381 0.021931
0.39526 0.026133
0.31954 0.03661
0.39081 0.03144
0.34286 0.038109
0.39892 0.033584
0.30081 0.03796
0.11724 0.038901
0.40019 0.033624
0.42742 0.02522
0.40158 0.033991
0.36465 0.037249
0.44408 0.031471
0.4279 0.027485
0.41119 0.029853
0.44057 0.03147
0.42364 0.029413
0.39205 0.035648
0.45597 0.020398
0.45066 0.021438
0.5252 0.0201
0.53108 0.020248
0.40652 0.024071
0.51019 0.023469
0.41377 0.023896
0.50613 0.025341
0.41367 0.023926
0.41281 0.024514
0.46847 0.025756
0.51058 0.027642
0.45589 0.028718
0.47867 0.024438
0.5052 0.026829
0.52925 0.022004
0.44002 0.034341
0.49741 0.027615
0.51738 0.025731
0.5153 0.027653
0.4489 0.035376
0.47691 0.02943
0.52581 0.023286
0.52757 0.024572
0.47017 0.034943
0.52164 0.026948
0.54364 0.021879
0.54578 0.026897
0.56097 0.02156
0.57631 0.028582
0.5471 0.029874
0.58119 0.029202
0.53537 0.040308
0.57537 0.030434
0.53837 0.025622
0.5176 0.039293
0.57498 0.030399
0.56019 0.03068
0.53789 0.028149
0.53531 0.022161
0.56057 0.031428
0.54327 0.039805
0.47238 0.038948
0.45982 0.03926
0.54538 0.039302
0.43881 0.037927
0.53392 0.022811
0.47808 0.036469
0.42438 0.036744
0.42049 0.037141
0.53661 0.02721
0.5941 0.021469
0.58734 0.029978
0.61016 0.02819
0.61492 0.03864
0.59592 0.032931
0.61387 0.038485
0.58142 0.030919
0.59487 0.034554
0.66134 0.035251
0.59039 0.033579
0.59349 0.03552
0.69695 0.038524
0.79258 0.03905
0.55661 0.035367
0.57615 0.038108
0.66789 0.035254
0.60032 0.038533
0.49682 0.038621
0.44523 0.037982
0.60432 0.038802
0.61102 0.022153
0.6267 0.038283
0.62341 0.028227
0.71522 0.038081
0.6712 0.034669
0.90099 0.038721
0.68898 0.037548
0.77581 0.039199
0.77661 0.0395
0.66736 0.035267
0.62438 0.038703
0.63909 0.036578
0.82035 0.037757
0.65505 0.035041
0.94105 0.037188
0.92682 0.038626
0.94379 0.037321
0.67826 0.03243
0.89754 0.039153
0.71302 0.037538
0.95683 0.038205
0.95008 0.037985
0.9572 0.038223
0.63637 0.034046
0.95874 0.038254
0.70131 0.033725
0.7909 0.039316
0.959 0.038255
0.68376 0.031453
0.83692 0.03723
0.71189 0.035118
0.95667 0.038079
0.95593 0.037995
0.6354 0.025942
0.83161 0.03697
0.73205 0.037602
0.95233 0.03734
0.95321 0.037895
0.9522 0.037361
0.64053 0.022699
0.95036 0.036798
0.71203 0.032449
0.94173 0.03503
0.94832 0.036515
0.94273 0.035161
0.66233 0.024907
0.759 0.037564
0.70421 0.029599
0.90014 0.036625
0.92543 0.038156
0.69141 0.026587
0.74172 0.036956
0.68192 0.023616
0.7711 0.03633
0.89549 0.039608
0.88664 0.039629
0.69321 0.023886
0.86847 0.037851
0.74149 0.035187
0.78782 0.039107
0.71119 0.024614
0.78876 0.038935
0.75233 0.034837
0.83028 0.035372
0.82668 0.035048
0.72402 0.025244
0.83587 0.036697
0.7309 0.025524
0.85308 0.036074
0.83516 0.036468
0.85485 0.035635
0.7395 0.027133
0.86938 0.037957
0.75187 0.028578
0.87749 0.039916
0.87642 0.039652
0.75042 0.023769
0.88677 0.038979
0.76262 0.024439
0.79962 0.035015
0.88374 0.040005
0.88716 0.035308
0.77479 0.026426
0.8913 0.032095
0.78167 0.028088
0.81172 0.032463
0.89413 0.032122
0.90267 0.033953
0.7844 0.025077
0.90705 0.034559
0.79172 0.02505
0.91433 0.033528
0.90764 0.034175
0.91959 0.032627
0.80091 0.021566
0.9231 0.032984
0.82536 0.026219
0.92938 0.032049
0.93094 0.031746
0.82946 0.023039
0.89531 0.026331
0.83399 0.023218
0.94875 0.032343
0.94449 0.03078
0.95257 0.0331
0.84148 0.021804
0.9609 0.035095
0.86908 0.024937
0.96211 0.034424
0.96102 0.035086
0.87763 0.022087
0.9223 0.02637
0.90769 0.024358
0.92682 0.026029
0.96437 0.033361
0.96601 0.033481
0.91306 0.022587
0.97157 0.033415
0.93737 0.023385
0.97242 0.033314
0.97157 0.033414
0.97225 0.033331
0.96 0.023234
0.97594 0.033254
0.97133 0.022883
0.97401 0.026922
0.975 0.03325
0.97761 0.033115
