340
0.021 0.022053
0.027043 0.034677
0.035254 0.022755
0.03138 0.042513
0.037653 0.042531
0.042351 0.021036
0.044942 0.031667
0.052257 0.028257
0.057229 0.042612
0.044486 0.042551
0.051513 0.042578
0.063604 0.023671
0.061388 0.042637
0.074687 0.022651
0.071777 0.042722
0.067809 0.042676
0.072156 0.042727
0.087614 0.022077
0.083462 0.042883
0.093373 0.023916
0.091207 0.043025
0.095616 0.043143
0.10245 0.025596
0.10714 0.043452
0.115 0.025762
0.11581 0.04374
0.10691 0.043447
0.11198 0.043613
0.12443 0.028218
0.11992 0.043878
0.13343 0.025125
0.12973 0.04436
0.11967 0.04387
0.13371 0.044717
0.14056 0.029835
0.14373 0.033497
0.14753 0.022154
0.15256 0.047358
0.14368 0.045657
0.14874 0.046494
0.15654 0.030399
0.15602 0.037553
0.16575 0.021753
0.16543 0.040899
0.15763 0.048632
0.16955 0.029656
0.17033 0.047284
0.17706 0.030061
0.17492 0.047636
0.1826 0.036171
0.17908 0.047822
0.18662 0.022579
0.18003 0.060316
0.17418 0.062692
0.18354 0.060373
0.1901 0.023579
0.18742 0.060603
0.19561 0.034623
0.19339 0.062275
0.18639 0.060487
0.19178 0.061528
0.19988 0.023683
0.1959 0.064061
0.20554 0.038239
0.19775 0.06606
0.197 0.06524
0.20943 0.032524
0.20071 0.069945
0.21233 0.043194
0.21136 0.055906
0.2008 0.070152
0.20136 0.072475
0.21765 0.03331
0.21294 0.056426
0.21957 0.034888
0.21379 0.063638
0.19482 0.084054
0.22369 0.030139
0.19352 0.086257
0.22569 0.031525
0.22032 0.060506
0.19366 0.085875
0.19337 0.087223
0.226 0.043853
0.18962 0.091293
0.23029 0.038522
0.22454 0.067405
0.19094 0.089768
0.18578 0.094982
0.23167 0.041037
0.18129 0.098989
0.23523 0.031815
0.1778 0.10374
0.17927 0.10159
0.23511 0.050084
0.17586 0.10702
0.2368 0.053416
0.2043 0.09465
0.17374 0.11073
0.23843 0.047428
0.19369 0.10171
0.24086 0.038403
0.19108 0.10379
0.16994 0.11589
0.2403 0.054434
0.16206 0.12538
0.24289 0.036675
0.16321 0.12885
0.16197 0.12575
0.16202 0.12733
0.24286 0.053509
0.19086 0.10785
0.22759 0.08361
0.16854 0.1289
0.16415 0.12945
0.24571 0.051983
0.21542 0.095829
0.24874 0.041385
0.19131 0.1128
0.20366 0.10592
0.21752 0.1006
0.2503 0.026986
0.2355 0.080082
0.26157 0.02412
0.25699 0.032111
0.23475 0.080913
0.257 0.04481
0.24164 0.077217
0.26257 0.050027
0.23078 0.088683
0.20532 0.10895
0.26313 0.050003
0.28917 0.030059
0.26444 0.054082
0.24956 0.072634
0.29971 0.031173
0.28861 0.032976
0.27376 0.049165
0.28866 0.03863
0.28394 0.040465
0.33016 0.031107
0.31294 0.020307
0.30822 0.021323
0.46693 0.020169
0.50056 0.02049
0.26339 0.030411
0.4065 0.021358
0.27 0.033726
0.37732 0.022718
0.26989 0.033832
0.26939 0.035632
0.33616 0.023379
0.41055 0.023356
0.3181 0.025742
0.35424 0.024525
0.3761 0.023769
0.48985 0.023255
0.32015 0.028199
0.37154 0.026395
0.42599 0.025353
0.4246 0.026348
0.38001 0.028167
0.36361 0.029082
0.46763 0.025636
0.48468 0.026706
0.3603 0.029035
0.43172 0.02922
0.64498 0.020289
0.67002 0.021383
0.70539 0.021013
0.72064 0.029646
0.68324 0.022766
0.72353 0.031415
0.67542 0.024332
0.71891 0.031377
0.59893 0.022253
0.62124 0.023668
0.71858 0.031227
0.7104 0.029716
0.59802 0.023304
0.55779 0.023063
0.71165 0.030981
0.69963 0.029581
0.6231 0.025505
0.62054 0.02665
0.70288 0.0321
0.64597 0.027578
0.53006 0.024992
0.60858 0.029173
0.63249 0.02856
0.68216 0.035044
0.57959 0.027043
0.7355 0.022081
0.72672 0.033681
0.74187 0.037351
0.73816 0.05179
0.73075 0.037431
0.73716 0.049302
0.72278 0.033467
0.72822 0.03951
0.75161 0.079526
0.72567 0.038685
0.72569 0.04078
0.75942 0.086877
0.77212 0.097958
0.70919 0.033763
0.71552 0.041511
0.7529 0.083883
0.72455 0.049288
0.69631 0.03573
0.69414 0.038771
0.72466 0.059392
0.74471 0.02483
0.74511 0.051893
0.74835 0.03417
0.76471 0.084403
0.75483 0.077905
0.79726 0.11013
0.75778 0.085426
0.77171 0.097513
0.7717 0.097731
0.7528 0.083806
0.73914 0.073864
0.75063 0.049066
0.78057 0.097527
0.75423 0.059456
0.81234 0.11816
0.8057 0.11588
0.81342 0.11821
0.7589 0.067427
0.79597 0.10261
0.7656 0.075891
0.81949 0.11494
0.81602 0.11777
0.8198 0.11457
0.75401 0.039672
0.82081 0.11201
0.76416 0.067171
0.77656 0.084333
0.82093 0.11036
0.76213 0.060084
0.78502 0.089759
0.76676 0.06648
0.81434 0.10083
0.81329 0.099755
0.75874 0.028689
0.78758 0.085493
0.77067 0.065617
0.8096 0.094696
0.81088 0.097181
0.80963 0.094795
0.76278 0.025007
0.80937 0.09239
0.7702 0.054551
0.80969 0.089285
0.80949 0.091295
0.80974 0.089452
0.76735 0.035845
0.77791 0.066491
0.77212 0.046372
0.80387 0.082865
0.80658 0.086722
0.77487 0.036608
0.77724 0.054214
0.77648 0.030098
0.784 0.059351
0.80296 0.081425
0.8025 0.079377
0.78134 0.02915
0.80102 0.075219
0.78593 0.041511
0.78883 0.056556
0.7891 0.028953
0.79084 0.054353
0.79555 0.037337
0.80207 0.066026
0.80122 0.066742
0.79654 0.027947
0.80365 0.064556
0.8013 0.026965
0.80738 0.062902
0.80345 0.064724
0.8078 0.06274
0.80949 0.028044
0.81107 0.060741
0.81587 0.029837
0.81588 0.057569
0.81503 0.058076
0.81903 0.024365
0.82432 0.052656
0.82966 0.025441
0.82741 0.035768
0.82209 0.053616
0.82955 0.051016
0.83859 0.027133
0.8343 0.049698
0.84592 0.025999
0.84347 0.03461
0.83565 0.049362
0.84296 0.047972
0.84946 0.024156
0.85316 0.046472
0.85898 0.024404
0.85995 0.045933
0.854 0.046386
0.86384 0.045664
0.86822 0.021718
0.8669 0.045459
0.87835 0.028476
0.8751 0.044914
0.87689 0.0448
0.89128 0.023841
0.89047 0.033714
0.89554 0.023636
0.89361 0.043865
0.89016 0.043979
0.89574 0.043826
0.90391 0.021943
0.90471 0.043664
0.91728 0.026641
0.91442 0.043466
0.90535 0.043653
0.92965 0.023115
0.9285 0.032048
0.9389 0.027692
0.93434 0.032034
0.92837 0.043123
0.93323 0.043058
0.94899 0.024816
0.94883 0.042982
0.95498 0.0284
0.95231 0.042965
0.94885 0.042982
0.95158 0.042968
0.96875 0.026356
0.96562 0.042898
0.97521 0.025214
0.97401 0.032687
0.96223 0.042915
0.97176 0.042875
