340
0.024537 0.020452
0.041122 0.022941
0.091733 0.020787
0.033103 0.027391
0.040751 0.026814
0.11869 0.020288
0.10649 0.02329
0.14598 0.022119
0.068993 0.027322
0.050931 0.026384
0.061088 0.026517
0.19145 0.021637
0.07423 0.028009
0.21057 0.021843
0.08242 0.030113
0.079262 0.029165
0.082733 0.030183
0.22613 0.021686
0.10147 0.029703
0.23329 0.023194
0.12815 0.027845
0.14665 0.026584
0.23995 0.024516
0.18024 0.027895
0.25386 0.024746
0.18638 0.028762
0.18001 0.027868
0.18429 0.028437
0.25171 0.026689
0.1874 0.028983
0.2799 0.023704
0.19301 0.029725
0.1873 0.028967
0.19411 0.029989
0.27178 0.026608
0.25282 0.029214
0.30193 0.021632
0.2008 0.031306
0.20009 0.030818
0.20118 0.031121
0.30655 0.028054
0.26629 0.029296
0.32555 0.021376
0.28802 0.029435
0.20387 0.031982
0.32976 0.027819
0.27811 0.030168
0.33758 0.029327
0.30743 0.034187
0.33735 0.034092
0.32477 0.034786
0.34801 0.022202
0.22534 0.03387
0.16986 0.030466
0.25935 0.031969
0.35148 0.022966
0.30017 0.03342
0.3491 0.032304
0.32823 0.038375
0.2898 0.031679
0.32444 0.037546
0.36519 0.022174
0.33157 0.039329
0.35724 0.032449
0.33329 0.03967
0.33256 0.039553
0.37959 0.028135
0.33627 0.040048
0.36913 0.0311
0.35044 0.038305
0.33629 0.040057
0.33306 0.039945
0.39095 0.030144
0.35246 0.03792
0.39237 0.031545
0.35219 0.040016
0.16132 0.030759
0.40032 0.0277
0.11949 0.033591
0.40266 0.028767
0.37576 0.036949
0.12385 0.033363
0.11096 0.033962
0.39696 0.037822
0.072113 0.031339
0.40694 0.036022
0.382 0.043988
0.084505 0.034472
0.05106 0.030302
0.40869 0.038923
0.037504 0.032484
0.41376 0.030896
0.037558 0.035335
0.035654 0.034416
0.41104 0.045664
0.041239 0.035778
0.41172 0.046942
0.20228 0.034425
0.04437 0.03599
0.41382 0.044362
0.084319 0.035362
0.41871 0.035039
0.0705 0.032587
0.044591 0.036381
0.41412 0.048201
0.04307 0.036867
0.42195 0.033044
0.04299 0.036926
0.042989 0.036879
0.042774 0.03692
0.41746 0.046329
0.071623 0.033432
0.36935 0.04092
0.046424 0.036732
0.043358 0.036911
0.42155 0.044821
0.30456 0.037311
0.42615 0.040101
0.079605 0.035279
0.14858 0.031599
0.31352 0.0399
0.43231 0.026185
0.39101 0.050653
0.4461 0.022591
0.43908 0.029463
0.3898 0.05137
0.43222 0.040501
0.40853 0.048064
0.4384 0.039301
0.38115 0.047556
0.17369 0.032901
0.43999 0.038618
0.45955 0.030979
0.44135 0.038725
0.41938 0.047332
0.46846 0.040308
0.45986 0.035678
0.45172 0.035887
0.46605 0.040144
0.45768 0.038673
0.42824 0.05845
0.475 0.020652
0.47251 0.022519
0.52031 0.020137
0.52492 0.020323
0.44834 0.02587
0.50982 0.024375
0.45356 0.026839
0.50626 0.026695
0.4535 0.026877
0.45297 0.027748
0.48408 0.027883
0.51013 0.029713
0.4751 0.034281
0.49073 0.029136
0.50543 0.028617
0.52355 0.022713
0.46501 0.044904
0.499 0.031751
0.51502 0.027876
0.51356 0.030402
0.47126 0.046521
0.49062 0.038431
0.52081 0.024516
0.52225 0.026255
0.4861 0.040968
0.51768 0.029629
0.53466 0.023094
0.53623 0.032526
0.54185 0.024155
0.54861 0.038557
0.53698 0.039479
0.55053 0.040245
0.52888 0.047954
0.54779 0.042884
0.53047 0.027713
0.51592 0.04754
0.54761 0.042876
0.54169 0.048983
0.53014 0.031064
0.528 0.022835
0.5418 0.050905
0.53578 0.055717
0.48815 0.050066
0.47662 0.050148
0.53741 0.058507
0.46361 0.051638
0.52696 0.023647
0.49289 0.050022
0.45672 0.052825
0.45567 0.053559
0.52903 0.02957
0.55641 0.02328
0.55286 0.042659
0.56243 0.041178
0.56473 0.061777
0.55572 0.048578
0.56418 0.06173
0.55022 0.044098
0.55495 0.051775
0.583 0.058124
0.55328 0.050613
0.55429 0.05379
0.60486 0.042387
0.69124 0.035044
0.54142 0.059165
0.54715 0.061185
0.58627 0.053257
0.55693 0.06067
0.50009 0.053296
0.46835 0.051458
0.55882 0.062094
0.56329 0.02544
0.5704 0.054852
0.5682 0.036454
0.62577 0.038862
0.58765 0.049744
0.86442 0.030822
0.59875 0.044885
0.67988 0.035613
0.68065 0.03546
0.58607 0.053577
0.56927 0.058482
0.57605 0.057838
0.75246 0.031312
0.58077 0.05792
0.93725 0.032888
0.91281 0.033696
0.94117 0.032805
0.59166 0.042722
0.84023 0.032789
0.62286 0.036951
0.95747 0.036711
0.94915 0.03418
0.95793 0.036878
0.57489 0.049426
0.95937 0.037413
0.60958 0.035581
0.69142 0.034225
0.95962 0.037501
0.59559 0.03845
0.77089 0.032432
0.62121 0.034628
0.95726 0.036435
0.95619 0.036019
0.57477 0.03263
0.76579 0.031644
0.63967 0.039986
0.95183 0.033723
0.95275 0.03473
0.95167 0.033711
0.57728 0.026071
0.94965 0.032631
0.62118 0.032133
0.93871 0.030605
0.94743 0.031833
0.94007 0.030621
0.58594 0.031467
0.66373 0.042238
0.61312 0.030364
0.86805 0.029696
0.91296 0.032373
0.60263 0.028735
0.6488 0.039947
0.59564 0.026066
0.6756 0.03327
0.83294 0.033165
0.81983 0.03497
0.60393 0.024948
0.80267 0.035247
0.64875 0.037047
0.69306 0.031708
0.62 0.024562
0.69476 0.031245
0.65807 0.037147
0.76678 0.030062
0.76215 0.029804
0.63314 0.025694
0.77293 0.030566
0.63879 0.026197
0.79375 0.033021
0.77217 0.030484
0.79546 0.033214
0.64671 0.028148
0.80542 0.034005
0.65745 0.03015
0.81688 0.033564
0.81503 0.033822
0.65591 0.024453
0.82847 0.031899
0.66632 0.025048
0.71443 0.028308
0.82399 0.032508
0.84539 0.028787
0.67848 0.024853
0.85931 0.027822
0.68901 0.024273
0.74005 0.026618
0.86271 0.027761
0.87648 0.028346
0.6942 0.022732
0.88581 0.028425
0.70992 0.022555
0.8981 0.028052
0.88702 0.028341
0.90683 0.028335
0.72556 0.02095
0.91297 0.028501
0.76474 0.024275
0.92203 0.028306
0.92423 0.028194
0.77051 0.022097
0.86804 0.024247
0.77736 0.022123
0.9486 0.028846
0.94288 0.027478
0.95303 0.030211
0.79064 0.021187
0.96245 0.034244
0.82299 0.023126
0.96386 0.034082
0.96257 0.034276
0.84145 0.021154
0.91117 0.024342
0.88818 0.022759
0.91808 0.02417
0.96614 0.033827
0.9676 0.034468
0.89673 0.021619
0.97255 0.035673
0.9318 0.022437
0.97331 0.035555
0.97256 0.035672
0.97316 0.035576
0.96272 0.023099
0.97642 0.035486
0.97258 0.023366
0.97487 0.028087
0.9756 0.035481
0.97789 0.035323
