340
0.021753 0.021171
0.028159 0.028374
0.046314 0.021872
0.02502 0.039508
0.027951 0.03934
0.056168 0.020853
0.051912 0.029144
0.064661 0.027934
0.036595 0.041255
0.031163 0.039448
0.034338 0.040286
0.077311 0.025023
0.038457 0.041895
0.084224 0.024968
0.041657 0.043502
0.040395 0.042981
0.041786 0.043548
0.089859 0.024803
0.050987 0.044351
0.092178 0.029203
0.061494 0.044339
0.067491 0.044264
0.095362 0.033215
0.077357 0.045884
0.10058 0.03406
0.079704 0.047466
0.077272 0.045839
0.078919 0.046822
0.10135 0.039658
0.080078 0.047974
0.10855 0.030962
0.081876 0.049038
0.080045 0.047946
0.082318 0.049529
0.1082 0.040224
0.10387 0.047344
0.11607 0.023788
0.084942 0.052175
0.084595 0.050915
0.085067 0.051589
0.1196 0.03662
0.10838 0.04869
0.12772 0.022868
0.11511 0.04805
0.086203 0.053151
0.12995 0.035818
0.11297 0.051987
0.13387 0.037617
0.12206 0.050477
0.13424 0.048053
0.12949 0.052538
0.13935 0.023977
0.095472 0.062934
0.07625 0.055127
0.10736 0.058609
0.14129 0.025181
0.12055 0.055024
0.13944 0.042561
0.13152 0.058963
0.11766 0.054851
0.13016 0.058013
0.14974 0.023827
0.13265 0.060501
0.14393 0.041054
0.13316 0.06153
0.13295 0.061147
0.15751 0.030841
0.13399 0.063085
0.1505 0.039588
0.13985 0.053699
0.134 0.063138
0.13311 0.063091
0.16855 0.030217
0.14105 0.052076
0.17017 0.031204
0.14039 0.0577
0.075323 0.058356
0.17875 0.026978
0.06105 0.057824
0.18126 0.02769
0.15278 0.046441
0.062964 0.058002
0.05717 0.057187
0.17568 0.035932
0.037613 0.052123
0.18646 0.031579
0.15613 0.049203
0.04236 0.053053
0.031591 0.05164
0.18827 0.032817
0.027547 0.055076
0.19745 0.02672
0.028608 0.063075
0.027288 0.05987
0.19305 0.036468
0.030533 0.065464
0.19557 0.037752
0.085844 0.063511
0.031726 0.067039
0.20066 0.03471
0.042447 0.056179
0.20695 0.02987
0.037324 0.056369
0.031963 0.0683
0.2025 0.037826
0.031762 0.069884
0.21131 0.028814
0.031779 0.070189
0.031742 0.069922
0.031697 0.070082
0.20865 0.037182
0.037931 0.058367
0.14673 0.059526
0.032699 0.070104
0.031895 0.070224
0.21556 0.036753
0.12341 0.062626
0.22254 0.032276
0.041101 0.061207
0.07344 0.062436
0.12726 0.064452
0.2257 0.024164
0.16787 0.053676
0.24291 0.022616
0.23606 0.027788
0.16564 0.054584
0.23515 0.035908
0.18511 0.04838
0.24338 0.038512
0.15106 0.058813
0.079003 0.064023
0.24455 0.038407
0.28221 0.03112
0.24637 0.040191
0.21129 0.044905
0.29823 0.038136
0.28486 0.034743
0.26695 0.039172
0.29409 0.039281
0.28309 0.038377
0.32255 0.045522
0.29594 0.020625
0.29358 0.022442
0.41662 0.02002
0.50089 0.020052
0.24599 0.026593
0.342 0.020922
0.25701 0.029233
0.33088 0.023174
0.25685 0.029283
0.25613 0.030397
0.30684 0.02724
0.34736 0.021638
0.30134 0.032819
0.31564 0.02861
0.32987 0.024465
0.47757 0.02038
0.30995 0.040138
0.32637 0.028322
0.38078 0.021094
0.37604 0.02142
0.33306 0.029253
0.32252 0.034465
0.41969 0.020649
0.43429 0.02061
0.32172 0.035725
0.40027 0.021409
0.69201 0.020446
0.70378 0.021984
0.73392 0.020994
0.75117 0.027787
0.7136 0.023458
0.75497 0.029368
0.70727 0.02595
0.74899 0.029131
0.65406 0.021156
0.67912 0.025665
0.74861 0.029024
0.73898 0.029044
0.65189 0.021614
0.58779 0.020478
0.74031 0.030111
0.72852 0.030092
0.68026 0.028794
0.67868 0.029994
0.73149 0.032278
0.69178 0.031853
0.55185 0.020547
0.66827 0.027962
0.68464 0.034499
0.70343 0.038911
0.61158 0.021473
0.76907 0.02174
0.75961 0.031437
0.77819 0.031528
0.77338 0.041513
0.76441 0.034811
0.77197 0.041269
0.75394 0.030989
0.76221 0.036487
0.81789 0.04749
0.75961 0.035712
0.76009 0.037499
0.8408 0.055588
0.88007 0.061993
0.73705 0.033026
0.74437 0.037921
0.82344 0.048865
0.75894 0.041509
0.72247 0.036816
0.71793 0.038517
0.76025 0.04486
0.78181 0.022984
0.79057 0.037928
0.7893 0.028491
0.85043 0.058853
0.82532 0.046686
0.94789 0.073909
0.83648 0.053008
0.87773 0.061453
0.87787 0.061519
0.82314 0.04882
0.78834 0.043667
0.80103 0.038149
0.90422 0.060452
0.8124 0.041245
0.96494 0.080959
0.95913 0.07886
0.96547 0.080965
0.82961 0.043431
0.94404 0.071084
0.84887 0.054197
0.96752 0.080816
0.96651 0.080952
0.96759 0.080801
0.80203 0.033244
0.96782 0.080673
0.84238 0.047305
0.88069 0.058334
0.96786 0.080588
0.8332 0.041522
0.90868 0.058371
0.84776 0.049164
0.96744 0.07949
0.96727 0.079211
0.80429 0.025977
0.90772 0.057055
0.8556 0.050467
0.96646 0.073304
0.96676 0.077709
0.96645 0.07351
0.81031 0.023277
0.9661 0.070565
0.84798 0.043883
0.96436 0.068856
0.96577 0.069826
0.96459 0.06896
0.82282 0.029678
0.87064 0.050087
0.84437 0.039097
0.94748 0.065228
0.95797 0.06737
0.83828 0.03235
0.86195 0.045731
0.83281 0.027042
0.87894 0.049188
0.94096 0.065629
0.93565 0.065223
0.83909 0.027246
0.924 0.059554
0.86348 0.041094
0.88371 0.049701
0.84806 0.028838
0.88432 0.049259
0.87033 0.04086
0.90981 0.051502
0.90866 0.051387
0.85491 0.029056
0.91156 0.051703
0.85875 0.028475
0.91916 0.054041
0.91134 0.05167
0.92008 0.054408
0.86533 0.030258
0.92614 0.057068
0.87306 0.033072
0.9329 0.059603
0.93189 0.059343
0.87257 0.025695
0.93788 0.059296
0.88056 0.027709
0.89419 0.042487
0.93617 0.059295
0.9427 0.059164
0.88653 0.030573
0.94506 0.058237
0.89126 0.02901
0.90721 0.040358
0.94557 0.057964
0.9488 0.056676
0.89363 0.026231
0.95091 0.053917
0.90008 0.02664
0.95383 0.053235
0.9512 0.053784
0.95573 0.053007
0.90624 0.022675
0.95707 0.052805
0.91739 0.03362
0.95985 0.052595
0.96049 0.052676
0.92047 0.026599
0.94665 0.040903
0.92284 0.026394
0.9655 0.054826
0.9644 0.053688
0.9663 0.055849
0.92746 0.02357
0.96885 0.057115
0.93736 0.031393
0.96968 0.054242
0.96891 0.056994
0.94215 0.025187
0.95716 0.037061
0.9518 0.031379
0.95916 0.036439
0.97128 0.050049
0.97215 0.049439
0.95392 0.026783
0.9752 0.048585
0.96273 0.030678
0.97571 0.048372
0.97521 0.048584
0.97561 0.048409
0.97053 0.027493
0.97771 0.048246
0.97593 0.026141
0.97719 0.034757
0.97718 0.048238
0.97866 0.047952
