340
0.025648 0.020363
0.045496 0.022684
0.089093 0.021131
0.036431 0.026188
0.045256 0.026206
0.10858 0.020438
0.099202 0.024514
0.12334 0.023512
0.071383 0.028605
0.055722 0.026581
0.064718 0.027667
0.1543 0.022331
0.075614 0.029743
0.16895 0.022459
0.081002 0.033557
0.079129 0.031679
0.081191 0.033741
0.18091 0.022334
0.092659 0.033758
0.18514 0.024959
0.11086 0.033701
0.12157 0.031113
0.19003 0.02707
0.14564 0.032017
0.19875 0.027649
0.14887 0.033207
0.14546 0.032
0.14793 0.032687
0.19784 0.030636
0.1493 0.033547
0.21356 0.025893
0.15232 0.034315
0.14924 0.033526
0.15291 0.034652
0.20936 0.031207
0.19757 0.035252
0.23116 0.021752
0.15776 0.03599
0.1577 0.035238
0.1584 0.035615
0.23615 0.028933
0.20547 0.036995
0.25251 0.021416
0.21441 0.035304
0.15976 0.036728
0.25721 0.027428
0.20991 0.038054
0.26571 0.029343
0.23088 0.035117
0.26601 0.034206
0.25187 0.036214
0.27529 0.022301
0.17653 0.037486
0.12769 0.036462
0.19858 0.038052
0.27834 0.022874
0.22097 0.036678
0.2764 0.032618
0.2565 0.037605
0.21291 0.038429
0.25151 0.038686
0.29456 0.022024
0.25989 0.037973
0.28531 0.031351
0.26186 0.038261
0.26101 0.038146
0.30974 0.025673
0.26566 0.039176
0.29892 0.030561
0.27835 0.037333
0.26569 0.039185
0.2616 0.038376
0.33111 0.027245
0.28079 0.036592
0.33321 0.028708
0.28104 0.037271
0.11926 0.037948
0.34104 0.027068
0.097757 0.039446
0.34348 0.027945
0.30386 0.034884
0.10182 0.038781
0.093419 0.039727
0.33887 0.036309
0.072645 0.033826
0.34791 0.033141
0.31057 0.036188
0.079367 0.039275
0.056988 0.03077
0.3504 0.034456
0.042899 0.031065
0.35752 0.027524
0.0432 0.033445
0.040735 0.03242
0.35422 0.037732
0.047849 0.034124
0.35565 0.038169
0.15402 0.038286
0.051953 0.034628
0.35996 0.03677
0.078626 0.039792
0.36678 0.030965
0.071077 0.035619
0.052254 0.034897
0.36164 0.038421
0.05049 0.034999
0.37035 0.029318
0.050394 0.035023
0.050389 0.034996
0.050114 0.034994
0.3675 0.03897
0.071573 0.036797
0.30051 0.03855
0.054128 0.035352
0.050863 0.035056
0.37211 0.037875
0.22157 0.037407
0.3787 0.032862
0.075421 0.039039
0.11391 0.038523
0.24107 0.038361
0.38596 0.023619
0.33158 0.038924
0.40439 0.022175
0.39684 0.02702
0.32736 0.036732
0.393 0.033203
0.34992 0.039199
0.40001 0.035443
0.30841 0.037537
0.12271 0.038058
0.40113 0.035452
0.42588 0.025587
0.40238 0.035826
0.37 0.039109
0.44181 0.031633
0.42634 0.028003
0.41101 0.030941
0.4383 0.031774
0.42233 0.030163
0.39408 0.038017
0.45378 0.020387
0.44843 0.021424
0.52214 0.020091
0.5292 0.020211
0.40682 0.024563
0.5077 0.023831
0.41332 0.024301
0.5041 0.025821
0.41323 0.024336
0.41246 0.024994
0.46698 0.025357
0.50805 0.028445
0.4537 0.02848
0.47795 0.024383
0.50328 0.02742
0.527 0.02172
0.43776 0.03475
0.49583 0.028045
0.51409 0.02591
0.51224 0.028133
0.44674 0.03533
0.47609 0.029211
0.52286 0.022967
0.52499 0.024008
0.46934 0.034002
0.51805 0.026725
0.54329 0.021769
0.5455 0.026601
0.56136 0.021504
0.57707 0.02835
0.54685 0.029548
0.5821 0.02897
0.53438 0.037849
0.57606 0.030148
0.5378 0.025075
0.51298 0.040082
0.57566 0.030113
0.56054 0.030288
0.5373 0.027328
0.53428 0.021901
0.56093 0.031008
0.54319 0.038603
0.47236 0.038024
0.45805 0.03846
0.54527 0.038441
0.43662 0.038513
0.53261 0.022445
0.47844 0.036234
0.42303 0.038048
0.41937 0.038642
0.53584 0.026415
0.59533 0.021451
0.58833 0.029751
0.61134 0.02841
0.61621 0.039457
0.59708 0.032762
0.61519 0.039248
0.58227 0.030646
0.59596 0.034315
0.65563 0.039803
0.59135 0.033319
0.5945 0.035216
0.68606 0.036994
0.79034 0.038229
0.55656 0.034748
0.57663 0.037658
0.66061 0.039652
0.60166 0.038332
0.49609 0.039634
0.44304 0.038158
0.60576 0.038733
0.61219 0.022225
0.62683 0.039585
0.62397 0.028755
0.70724 0.035967
0.66313 0.038826
0.90118 0.039428
0.67702 0.038382
0.77279 0.038288
0.77363 0.038578
0.66021 0.03968
0.62467 0.03991
0.63831 0.039104
0.81929 0.037459
0.65089 0.039652
0.93773 0.036184
0.9239 0.039452
0.94077 0.035959
0.66872 0.035329
0.89805 0.039166
0.70475 0.035474
0.95555 0.036403
0.94794 0.036124
0.95596 0.036427
0.6359 0.035744
0.95753 0.036486
0.69143 0.032289
0.78859 0.038475
0.95778 0.036492
0.67321 0.033027
0.83572 0.038092
0.70355 0.033352
0.95535 0.036286
0.95452 0.036196
0.63517 0.026607
0.83047 0.037166
0.72617 0.03604
0.95041 0.03554
0.95144 0.036055
0.95025 0.035556
0.63999 0.023164
0.94813 0.035055
0.70379 0.030995
0.93824 0.034111
0.94581 0.034867
0.93935 0.03412
0.65678 0.026359
0.7551 0.036625
0.6949 0.028565
0.90011 0.037088
0.92246 0.03893
0.68083 0.026596
0.73674 0.035736
0.67207 0.024225
0.76784 0.035533
0.89574 0.039157
0.88517 0.03772
0.6828 0.023773
0.86479 0.03745
0.73649 0.03409
0.78537 0.038261
0.70289 0.024079
0.78636 0.038101
0.74802 0.033991
0.82915 0.035499
0.8256 0.035037
0.71737 0.02471
0.83468 0.037403
0.72494 0.025021
0.85021 0.038488
0.83398 0.03708
0.85173 0.037667
0.73433 0.026598
0.86576 0.037354
0.74754 0.028084
0.87454 0.038395
0.87337 0.038197
0.746 0.023544
0.88526 0.037133
0.75892 0.024208
0.79771 0.034392
0.88186 0.038199
0.88534 0.033825
0.77171 0.026119
0.88965 0.031211
0.77894 0.027716
0.8103 0.03198
0.89284 0.03161
0.90188 0.034704
0.78179 0.024848
0.90578 0.036148
0.78945 0.02483
0.91192 0.035123
0.90624 0.035872
0.91632 0.033706
0.79906 0.021502
0.91964 0.033796
0.82429 0.026193
0.92573 0.03242
0.92724 0.03199
0.82835 0.023058
0.89384 0.026142
0.83282 0.02331
0.94589 0.031134
0.9409 0.029948
0.95027 0.031742
0.84025 0.021957
0.95949 0.033675
0.8653 0.024795
0.96076 0.033091
0.95962 0.03367
0.87434 0.021929
0.91851 0.02683
0.90563 0.024876
0.92291 0.026295
0.96314 0.032166
0.96492 0.032303
0.91033 0.022926
0.97091 0.032254
0.93332 0.023304
0.97183 0.032161
0.97092 0.032253
0.97164 0.032177
0.95812 0.022928
0.97563 0.032107
0.97051 0.022633
0.97344 0.026323
0.97461 0.032104
0.97742 0.03198
