340
0.024412 0.020465
0.039923 0.023363
0.084611 0.020929
0.032836 0.027872
0.039728 0.027777
0.10661 0.020439
0.097021 0.024038
0.12092 0.023581
0.063515 0.027673
0.04827 0.027755
0.05599 0.027778
0.15171 0.022317
0.068474 0.028289
0.16654 0.022416
0.074768 0.031363
0.072557 0.029835
0.074997 0.031511
0.17873 0.022295
0.089322 0.031329
0.18302 0.024883
0.10915 0.034143
0.1192 0.031357
0.18798 0.026971
0.14302 0.032037
0.19683 0.027548
0.14627 0.033197
0.14284 0.032021
0.14532 0.032686
0.1959 0.030494
0.14669 0.033533
0.21182 0.02583
0.14973 0.034249
0.14664 0.033513
0.15032 0.034578
0.20756 0.031075
0.19563 0.035049
0.22954 0.021745
0.15518 0.035848
0.15512 0.035105
0.15582 0.03547
0.23456 0.02894
0.20363 0.036787
0.25077 0.021437
0.21267 0.035146
0.15719 0.036554
0.2554 0.02755
0.20813 0.037843
0.26375 0.029518
0.22927 0.035054
0.26405 0.034475
0.25014 0.036454
0.27314 0.02235
0.17427 0.037178
0.1254 0.036689
0.19665 0.037815
0.27613 0.022939
0.21931 0.036546
0.27423 0.032894
0.2547 0.037889
0.21115 0.038229
0.24978 0.03896
0.29195 0.022076
0.25804 0.03828
0.28294 0.031629
0.25998 0.038584
0.25914 0.038462
0.30677 0.025804
0.2637 0.039536
0.2962 0.030824
0.27614 0.037723
0.26373 0.039546
0.25972 0.038699
0.32785 0.027267
0.27853 0.036977
0.32994 0.028715
0.27877 0.037673
0.11731 0.0384
0.33776 0.027006
0.096561 0.037282
0.34023 0.027852
0.30102 0.035243
0.10121 0.037589
0.090896 0.036503
0.33559 0.036208
0.064692 0.032122
0.34476 0.032916
0.30758 0.03656
0.072672 0.036226
0.049175 0.032477
0.3473 0.034164
0.037773 0.033927
0.35458 0.027302
0.037876 0.036921
0.036068 0.035691
0.35121 0.037284
0.04149 0.037639
0.35267 0.037677
0.15143 0.038178
0.044715 0.038088
0.35708 0.036223
0.071728 0.03669
0.36419 0.03051
0.062625 0.034114
0.04493 0.038384
0.35881 0.03778
0.043518 0.038655
0.36794 0.028889
0.04344 0.038687
0.043437 0.038654
0.04322 0.038658
0.36495 0.038166
0.063124 0.035051
0.29775 0.039008
0.04638 0.038614
0.043808 0.038713
0.36979 0.036993
0.21991 0.037273
0.37671 0.032066
0.067736 0.036252
0.1124 0.039123
0.23949 0.03846
0.38454 0.023345
0.32832 0.038974
0.40456 0.022023
0.39642 0.026477
0.32411 0.036848
0.39223 0.032127
0.34681 0.038823
0.39988 0.034298
0.30547 0.037947
0.12061 0.038428
0.40108 0.034324
0.42733 0.02536
0.40242 0.034691
0.36758 0.038238
0.44374 0.031464
0.4278 0.027683
0.41163 0.03026
0.4402 0.031534
0.42364 0.029697
0.3934 0.03657
0.45574 0.02039
0.45038 0.02142
0.52532 0.020089
0.53206 0.020221
0.40716 0.024257
0.50946 0.023425
0.41411 0.024048
0.50536 0.025366
0.41401 0.02408
0.41319 0.024694
0.46872 0.025501
0.50986 0.027527
0.45566 0.028525
0.47936 0.024517
0.50442 0.026888
0.52996 0.021767
0.43964 0.034436
0.4967 0.027934
0.51673 0.025415
0.51463 0.027324
0.44869 0.035236
0.47755 0.029491
0.52601 0.022942
0.52804 0.024047
0.47094 0.034424
0.52123 0.026392
0.54545 0.021871
0.54752 0.02699
0.56253 0.021568
0.57777 0.028544
0.5488 0.030119
0.5827 0.029134
0.53744 0.038786
0.57679 0.030394
0.54028 0.02535
0.51588 0.038252
0.5764 0.030361
0.56173 0.030743
0.53979 0.027723
0.53691 0.022
0.56211 0.031488
0.54559 0.039678
0.47376 0.038569
0.46001 0.038688
0.54752 0.03953
0.43846 0.038083
0.53532 0.022569
0.47964 0.036735
0.42437 0.037239
0.42056 0.037708
0.5384 0.026754
0.59579 0.021463
0.58886 0.029869
0.61173 0.02843
0.61658 0.039502
0.59752 0.032859
0.61557 0.039293
0.58287 0.030838
0.59641 0.034431
0.65587 0.039892
0.59185 0.033453
0.59497 0.035349
0.68628 0.036903
0.79078 0.038615
0.55799 0.035486
0.57735 0.038075
0.66081 0.039717
0.60207 0.038439
0.49606 0.039414
0.44498 0.037934
0.60615 0.03881
0.61257 0.022231
0.62718 0.039627
0.62432 0.028774
0.70764 0.035804
0.66333 0.038878
0.90461 0.038218
0.6772 0.038351
0.7735 0.03848
0.77434 0.038783
0.66042 0.039747
0.62502 0.039953
0.63863 0.039174
0.81884 0.037751
0.65115 0.039761
0.94309 0.037096
0.92917 0.038861
0.94585 0.03719
0.66892 0.035351
0.9013 0.038209
0.70513 0.035323
0.95896 0.038726
0.9522 0.03813
0.95932 0.038766
0.63623 0.035794
0.96071 0.038882
0.69169 0.032201
0.78907 0.038847
0.96093 0.038896
0.6734 0.033024
0.83535 0.037261
0.70391 0.033225
0.95879 0.038587
0.95804 0.03846
0.6355 0.026628
0.83006 0.037013
0.72677 0.035878
0.9544 0.037596
0.95531 0.038208
0.95426 0.03761
0.64031 0.023177
0.95238 0.036942
0.70416 0.03089
0.94357 0.034956
0.95032 0.03653
0.94458 0.035073
0.65701 0.026386
0.75591 0.03661
0.69519 0.028497
0.90342 0.036097
0.92771 0.038239
0.68102 0.026575
0.73745 0.035609
0.67226 0.024227
0.76859 0.035649
0.89895 0.038374
0.88821 0.037468
0.683 0.023758
0.86761 0.036771
0.7372 0.033975
0.78591 0.038593
0.70324 0.024041
0.78688 0.038441
0.7488 0.033922
0.82874 0.035421
0.82516 0.035079
0.71789 0.024661
0.8343 0.03673
0.72553 0.02497
0.85151 0.035925
0.8336 0.036502
0.85328 0.035398
0.73501 0.02654
0.86859 0.036795
0.74831 0.028042
0.87744 0.038212
0.87626 0.038025
0.74677 0.023524
0.8883 0.036889
0.75974 0.024215
0.798 0.034782
0.88483 0.037964
0.88838 0.033628
0.77244 0.026179
0.89275 0.031022
0.7796 0.027827
0.81018 0.032417
0.89599 0.03127
0.90539 0.033747
0.7824 0.024925
0.90969 0.034846
0.78991 0.02493
0.91647 0.0339
0.9102 0.034564
0.92132 0.032852
0.79932 0.021544
0.92486 0.033131
0.82384 0.026228
0.93103 0.032141
0.93256 0.031812
0.82792 0.023048
0.89702 0.025937
0.83244 0.023225
0.95039 0.032385
0.94597 0.030724
0.95428 0.033292
0.83992 0.021806
0.96242 0.035711
0.86812 0.024625
0.96351 0.03507
0.96253 0.035708
0.87724 0.02191
0.92368 0.026468
0.90952 0.024486
0.92818 0.026078
0.96554 0.034058
0.96707 0.034257
0.91471 0.02267
0.97221 0.034296
0.93872 0.023388
0.973 0.034187
0.97221 0.034294
0.97284 0.034206
0.96123 0.023357
0.97625 0.034124
0.97186 0.023072
0.97438 0.027376
0.97538 0.03412
0.97779 0.033976
