340
0.024092 0.020502
0.039049 0.023269
0.081745 0.020995
0.031818 0.0282
0.038715 0.027573
0.10217 0.020417
0.093445 0.02439
0.11895 0.023889
0.063626 0.028789
0.047855 0.027111
0.056973 0.027545
0.14548 0.022331
0.067862 0.029875
0.15984 0.02242
0.074508 0.032693
0.071946 0.031475
0.074758 0.032783
0.1717 0.022202
0.089714 0.032497
0.17724 0.024162
0.10865 0.032312
0.11934 0.032138
0.18226 0.02595
0.13737 0.032425
0.19276 0.026422
0.14128 0.033095
0.13723 0.032408
0.13991 0.032828
0.19116 0.029009
0.14192 0.033313
0.21177 0.024887
0.14568 0.033692
0.14185 0.033302
0.14639 0.033915
0.20582 0.029019
0.19199 0.032441
0.23018 0.021617
0.15084 0.035193
0.15048 0.034569
0.15119 0.034932
0.23536 0.027001
0.20179 0.032728
0.2582 0.021213
0.21809 0.031656
0.15301 0.035965
0.26303 0.026812
0.21047 0.033559
0.27267 0.028191
0.23696 0.031828
0.27406 0.032387
0.25991 0.032635
0.28357 0.022117
0.17042 0.038101
0.13079 0.038162
0.19676 0.036344
0.28708 0.022856
0.22874 0.03378
0.28529 0.031905
0.26628 0.035484
0.21961 0.03416
0.26133 0.034724
0.30214 0.021947
0.27057 0.036469
0.2933 0.031552
0.27266 0.037061
0.2718 0.036824
0.31904 0.025026
0.27608 0.038126
0.30626 0.029573
0.28822 0.037627
0.27612 0.038147
0.27266 0.037437
0.34212 0.025761
0.28994 0.036994
0.34505 0.026803
0.29043 0.039761
0.12652 0.039992
0.35667 0.025962
0.1038 0.039794
0.35956 0.027277
0.3125 0.032379
0.10668 0.040021
0.097845 0.039264
0.35404 0.032456
0.066171 0.033813
0.36509 0.033759
0.32095 0.033697
0.076247 0.038191
0.04797 0.031475
0.36694 0.036204
0.035787 0.033863
0.37217 0.029203
0.035836 0.03703
0.034118 0.036002
0.37017 0.042263
0.039154 0.037535
0.37124 0.043873
0.15092 0.039264
0.041963 0.037784
0.37399 0.039504
0.07612 0.039306
0.37928 0.031879
0.064868 0.035212
0.042162 0.03822
0.37506 0.042781
0.040797 0.038754
0.38341 0.030705
0.040726 0.038819
0.040725 0.038766
0.040531 0.038812
0.38028 0.040902
0.065787 0.036322
0.3059 0.038336
0.043807 0.038617
0.041056 0.038804
0.38831 0.040386
0.23419 0.035598
0.39239 0.037253
0.072322 0.039133
0.1207 0.041842
0.24866 0.035749
0.39442 0.025984
0.34934 0.041293
0.40736 0.022793
0.40142 0.029918
0.34676 0.040692
0.39993 0.040233
0.36769 0.04811
0.40603 0.040097
0.31764 0.037628
0.13234 0.041958
0.40723 0.039466
0.42203 0.032931
0.40863 0.03973
0.38519 0.04262
0.43785 0.041391
0.42525 0.038251
0.41758 0.037691
0.43469 0.041914
0.42501 0.041135
0.47445 0.050072
0.43205 0.020769
0.42998 0.02303
0.49051 0.020051
0.50504 0.020095
0.40954 0.026369
0.46906 0.022797
0.41445 0.027636
0.46397 0.024871
0.4144 0.027675
0.41419 0.028614
0.44108 0.028421
0.47042 0.026019
0.43853 0.035711
0.44893 0.028985
0.46322 0.026404
0.50044 0.020859
0.44835 0.042202
0.46008 0.029783
0.47819 0.02391
0.47688 0.025385
0.46759 0.036983
0.45974 0.035619
0.49187 0.021628
0.49616 0.022109
0.45999 0.036887
0.48434 0.024042
0.538 0.02101
0.54352 0.023992
0.56138 0.021402
0.576 0.027714
0.54897 0.026198
0.57997 0.028496
0.54522 0.031427
0.57373 0.029543
0.52473 0.022312
0.53215 0.032289
0.57339 0.029517
0.56472 0.031696
0.52425 0.023304
0.51585 0.02078
0.56514 0.032881
0.55563 0.035885
0.52976 0.039701
0.52808 0.042307
0.55575 0.039173
0.52834 0.047351
0.51213 0.020982
0.52744 0.036629
0.52543 0.049397
0.5254 0.053785
0.51967 0.022729
0.59813 0.021372
0.58509 0.02937
0.60802 0.030327
0.60027 0.037996
0.59065 0.031588
0.59894 0.037616
0.57828 0.030261
0.58691 0.033154
0.64606 0.039374
0.58337 0.033072
0.58332 0.03451
0.68688 0.037932
0.77443 0.037741
0.56004 0.038468
0.5631 0.041423
0.65443 0.039003
0.57957 0.038155
0.53815 0.046182
0.53139 0.049441
0.58076 0.038993
0.61271 0.02276
0.61685 0.037117
0.62044 0.028098
0.70673 0.038996
0.65782 0.037641
0.89524 0.040542
0.67799 0.037277
0.76343 0.037612
0.76407 0.037569
0.654 0.039055
0.61286 0.039709
0.62653 0.036846
0.81161 0.039113
0.64001 0.037231
0.93881 0.035332
0.91924 0.041439
0.94249 0.034649
0.666 0.034156
0.88163 0.038014
0.70489 0.036885
0.95788 0.037448
0.95002 0.03507
0.95832 0.037604
0.63105 0.03252
0.95971 0.038107
0.69263 0.033866
0.77473 0.036909
0.95995 0.038188
0.6736 0.032221
0.82342 0.037687
0.70392 0.034548
0.95769 0.037166
0.95668 0.03677
0.63631 0.025483
0.81994 0.037351
0.71974 0.038816
0.95256 0.0345
0.95342 0.035534
0.95241 0.034492
0.64312 0.022842
0.95052 0.033408
0.70421 0.032058
0.94023 0.032437
0.94844 0.032709
0.94151 0.032286
0.65851 0.026967
0.73962 0.039834
0.6965 0.029796
0.89692 0.038646
0.9196 0.039229
0.68446 0.026695
0.72819 0.039133
0.67461 0.024023
0.76079 0.034526
0.87556 0.036529
0.86401 0.037212
0.68606 0.023903
0.84864 0.037933
0.72983 0.03618
0.77646 0.034609
0.70349 0.024527
0.7779 0.034615
0.73838 0.035525
0.82059 0.034855
0.81759 0.035132
0.71663 0.02534
0.82489 0.034773
0.72282 0.025708
0.84103 0.03594
0.82434 0.034753
0.84243 0.036043
0.7315 0.027966
0.85104 0.036286
0.74181 0.029406
0.86122 0.035491
0.85958 0.035751
0.74036 0.024191
0.87152 0.034197
0.75231 0.02458
0.79065 0.034339
0.86763 0.034592
0.88455 0.033424
0.76383 0.025594
0.89235 0.034332
0.77303 0.024892
0.80456 0.032014
0.8941 0.034587
0.90102 0.036107
0.77749 0.02351
0.90567 0.036012
0.78795 0.024236
0.91214 0.034635
0.9063 0.035814
0.91681 0.033853
0.79677 0.021741
0.92035 0.033177
0.81926 0.026434
0.92735 0.031445
0.92906 0.030971
0.82315 0.022994
0.89664 0.028167
0.82819 0.022865
0.94959 0.029417
0.94422 0.028408
0.95374 0.030761
0.83854 0.021477
0.96274 0.034713
0.86637 0.023633
0.96413 0.034501
0.96287 0.034742
0.88147 0.02165
0.9195 0.02687
0.90706 0.025217
0.92449 0.026047
0.96637 0.034169
0.96781 0.034778
0.91166 0.022974
0.97267 0.035944
0.93485 0.023047
0.97343 0.035824
0.97268 0.035943
0.97327 0.035845
0.96301 0.023199
0.97648 0.035753
0.9727 0.023424
0.97496 0.028227
0.97567 0.035749
0.97793 0.035588
