340
0.024228 0.020485
0.039093 0.023489
0.081704 0.020966
0.032301 0.028209
0.038906 0.028071
0.10343 0.02044
0.093941 0.024086
0.11782 0.02357
0.062085 0.028065
0.047166 0.028
0.05469 0.028009
0.14864 0.022319
0.066662 0.028826
0.16347 0.022413
0.072587 0.032205
0.070435 0.030612
0.072807 0.032355
0.17569 0.02229
0.086372 0.031595
0.17999 0.024871
0.10599 0.03414
0.11609 0.031321
0.18496 0.026951
0.13996 0.032028
0.19384 0.027528
0.1432 0.033197
0.13978 0.032012
0.14225 0.032683
0.1929 0.030466
0.14362 0.033533
0.20886 0.02582
0.14666 0.034259
0.14357 0.033513
0.14725 0.03459
0.2046 0.031051
0.19263 0.035008
0.22658 0.021749
0.15211 0.035851
0.15205 0.035107
0.15275 0.035471
0.23159 0.028977
0.20066 0.036747
0.24767 0.021452
0.20972 0.035121
0.15412 0.036552
0.25226 0.02763
0.20516 0.037804
0.26052 0.029623
0.22631 0.03509
0.26081 0.034634
0.24705 0.036621
0.2698 0.022376
0.17122 0.037143
0.12229 0.036644
0.19366 0.037767
0.27276 0.022971
0.21637 0.036545
0.27088 0.033036
0.25157 0.038079
0.20819 0.038194
0.2467 0.03915
0.28843 0.022094
0.25487 0.038477
0.27949 0.031745
0.25679 0.038785
0.25596 0.038662
0.30316 0.025821
0.26047 0.03975
0.29264 0.0309
0.27277 0.037913
0.2605 0.03976
0.25653 0.038902
0.32432 0.027175
0.27514 0.037155
0.32645 0.028589
0.27537 0.037857
0.1142 0.03834
0.33439 0.026853
0.09356 0.037493
0.33691 0.027661
0.29742 0.035322
0.098087 0.037724
0.088023 0.036809
0.33219 0.035889
0.063478 0.032792
0.34157 0.032545
0.30397 0.036604
0.071115 0.037528
0.04819 0.03288
0.3442 0.033722
0.037129 0.034505
0.35174 0.02703
0.037285 0.037645
0.035526 0.036371
0.34826 0.03668
0.040766 0.038361
0.34977 0.03704
0.14836 0.038192
0.04392 0.038788
0.35434 0.035593
0.070319 0.037982
0.36175 0.030055
0.06187 0.034827
0.044149 0.039095
0.35613 0.03707
0.042711 0.039396
0.36568 0.028483
0.042637 0.039428
0.042634 0.039396
0.042419 0.039403
0.36255 0.037371
0.062473 0.03584
0.29418 0.03913
0.045654 0.039318
0.043004 0.039449
0.36763 0.036197
0.21697 0.037275
0.37489 0.031477
0.066735 0.037312
0.10926 0.039059
0.2365 0.038572
0.38314 0.023176
0.3248 0.038726
0.40419 0.021935
0.39567 0.026164
0.32052 0.036687
0.39124 0.031513
0.3437 0.038244
0.39931 0.033636
0.30186 0.038008
0.1175 0.038372
0.40057 0.03367
0.42789 0.025161
0.40196 0.034031
0.36531 0.037409
0.44487 0.031142
0.42838 0.027399
0.41156 0.029847
0.44124 0.031185
0.42406 0.02933
0.39248 0.035741
0.45718 0.020383
0.45168 0.021387
0.52508 0.020095
0.53138 0.020231
0.4069 0.024077
0.51009 0.0236
0.41414 0.023886
0.50619 0.025611
0.41404 0.023917
0.41319 0.024506
0.47027 0.025483
0.51047 0.027915
0.4571 0.028375
0.48093 0.024564
0.5053 0.027193
0.52942 0.021877
0.44067 0.033994
0.49789 0.028197
0.51701 0.025728
0.51501 0.027733
0.44994 0.034852
0.47913 0.029567
0.52572 0.023138
0.52762 0.024323
0.4725 0.03442
0.52125 0.026789
0.5447 0.021799
0.54692 0.026628
0.56248 0.02158
0.57714 0.029129
0.54828 0.029513
0.58173 0.029902
0.53532 0.039121
0.57624 0.031074
0.5392 0.025325
0.51596 0.039294
0.57586 0.031027
0.56173 0.030786
0.53869 0.027712
0.53593 0.022034
0.5621 0.031558
0.54402 0.038932
0.47533 0.03863
0.46154 0.038448
0.54625 0.038529
0.43944 0.037517
0.53443 0.022639
0.4812 0.036912
0.42482 0.036589
0.42087 0.037026
0.53732 0.026806
0.59348 0.021591
0.58733 0.030891
0.60877 0.028368
0.61344 0.038885
0.59514 0.033917
0.61241 0.038754
0.58194 0.031756
0.59418 0.035723
0.65946 0.035617
0.59011 0.034906
0.59292 0.036849
0.69453 0.038489
0.79192 0.038812
0.55806 0.035301
0.57698 0.039255
0.66584 0.035627
0.59915 0.039636
0.49726 0.040042
0.44615 0.037442
0.60304 0.03963
0.60962 0.022193
0.62516 0.038236
0.62185 0.028242
0.713 0.037767
0.66908 0.035026
0.90495 0.040082
0.68659 0.037652
0.77491 0.038886
0.77573 0.039185
0.66533 0.035639
0.62282 0.038713
0.63765 0.036655
0.82002 0.037521
0.65331 0.035396
0.94128 0.037489
0.9268 0.039381
0.94401 0.037602
0.67596 0.032643
0.90216 0.03986
0.71077 0.037253
0.957 0.038415
0.95027 0.038222
0.95737 0.038432
0.63491 0.034051
0.95891 0.038457
0.69888 0.033643
0.79022 0.039072
0.95916 0.038457
0.68139 0.031584
0.83685 0.036838
0.70962 0.034881
0.95684 0.038289
0.95611 0.038207
0.63394 0.025936
0.83146 0.036684
0.73021 0.037153
0.95252 0.037559
0.95339 0.038118
0.95239 0.037581
0.63911 0.022718
0.95056 0.037018
0.70976 0.032254
0.94201 0.035289
0.94854 0.036746
0.943 0.035415
0.66042 0.025025
0.7578 0.037212
0.70182 0.029516
0.90412 0.03768
0.92543 0.039046
0.68901 0.026609
0.74013 0.036557
0.67955 0.023664
0.77012 0.036043
0.90016 0.039888
0.89023 0.03824
0.6908 0.023892
0.87008 0.036496
0.7399 0.034829
0.7871 0.038853
0.70891 0.024544
0.78806 0.038687
0.75098 0.03452
0.8301 0.035136
0.82645 0.03483
0.72197 0.025129
0.83578 0.036337
0.72903 0.025383
0.85356 0.035368
0.83506 0.036126
0.85541 0.034891
0.73786 0.026962
0.87107 0.036561
0.75051 0.028394
0.88005 0.038428
0.87886 0.038175
0.74903 0.023687
0.89033 0.03764
0.76148 0.024353
0.79905 0.034834
0.88704 0.038563
0.89049 0.034239
0.77387 0.026319
0.89474 0.031688
0.78087 0.027968
0.81129 0.032318
0.89783 0.032083
0.90602 0.035197
0.78364 0.025005
0.90963 0.036543
0.79106 0.024986
0.91561 0.035102
0.9101 0.036198
0.9201 0.033695
0.80036 0.021547
0.92357 0.033796
0.82511 0.02613
0.92989 0.032338
0.93145 0.03201
0.82927 0.022993
0.89887 0.026388
0.83387 0.023155
0.94903 0.032514
0.94484 0.030952
0.9528 0.033265
0.84151 0.021754
0.96106 0.035255
0.8706 0.024555
0.96226 0.034573
0.96118 0.035246
0.87987 0.021931
0.92313 0.026796
0.91012 0.024982
0.92754 0.026265
0.9645 0.033492
0.96613 0.033608
0.91478 0.022906
0.97164 0.033529
0.93786 0.023451
0.97248 0.033426
0.97164 0.033528
0.97231 0.033444
0.96017 0.023269
0.97598 0.033366
0.9714 0.022907
0.97406 0.026981
0.97505 0.033363
0.97763 0.033226
