340
0.025405 0.02038
0.045064 0.022509
0.10202 0.020761
0.035607 0.02624
0.044632 0.025809
0.1263 0.020396
0.11684 0.02371
0.14363 0.023761
0.077213 0.026508
0.056488 0.025515
0.068163 0.025688
0.16757 0.022665
0.083059 0.027198
0.18088 0.02258
0.09204 0.029319
0.088551 0.028323
0.092386 0.029401
0.19243 0.022371
0.11174 0.030116
0.19706 0.024685
0.13268 0.031884
0.14372 0.031745
0.20152 0.026902
0.15978 0.034853
0.21073 0.027928
0.16232 0.035692
0.15966 0.03484
0.16154 0.035321
0.20894 0.030957
0.16264 0.035998
0.22492 0.026498
0.16517 0.036585
0.1626 0.035983
0.16558 0.036917
0.22006 0.031848
0.20716 0.035342
0.23916 0.022231
0.16882 0.038069
0.16895 0.037203
0.16939 0.037616
0.24253 0.030861
0.21498 0.037193
0.25758 0.021641
0.22595 0.036643
0.17024 0.038934
0.2614 0.028695
0.22011 0.038561
0.26845 0.029729
0.23752 0.038814
0.26745 0.034761
0.25549 0.037969
0.27912 0.022209
0.18395 0.039356
0.15113 0.041405
0.2066 0.039031
0.28244 0.02295
0.23075 0.039339
0.27998 0.032335
0.25858 0.04062
0.22435 0.040276
0.25451 0.040723
0.29604 0.022258
0.26115 0.040566
0.28814 0.032743
0.2626 0.040509
0.26197 0.040546
0.31003 0.02742
0.2654 0.040484
0.29946 0.031463
0.28117 0.038184
0.26543 0.040488
0.26235 0.040727
0.32416 0.027934
0.28329 0.037836
0.32611 0.028889
0.28299 0.039348
0.14719 0.041528
0.33635 0.025798
0.12556 0.038823
0.33946 0.026651
0.30452 0.036614
0.12846 0.039665
0.11976 0.036733
0.3316 0.033455
0.080756 0.030146
0.34567 0.032004
0.30942 0.040532
0.094326 0.033501
0.05664 0.028901
0.34849 0.034108
0.040842 0.030599
0.35439 0.028231
0.040905 0.03302
0.038646 0.03221
0.3524 0.038594
0.0452 0.033459
0.35347 0.039138
0.16557 0.042449
0.048847 0.033694
0.35621 0.037945
0.094116 0.034315
0.36169 0.031088
0.07894 0.031225
0.049105 0.034033
0.35723 0.039783
0.047333 0.034422
0.36578 0.02923
0.04724 0.034471
0.047239 0.03443
0.046988 0.034462
0.36165 0.03876
0.080217 0.032007
0.29925 0.040545
0.05124 0.034374
0.047669 0.034465
0.36716 0.036825
0.231 0.040921
0.37492 0.032747
0.088916 0.033885
0.14066 0.041622
0.24278 0.04086
0.38169 0.023883
0.32011 0.041506
0.40083 0.021893
0.39196 0.026655
0.31801 0.04168
0.38651 0.032928
0.34907 0.039115
0.39378 0.033724
0.30783 0.042158
0.14969 0.045155
0.39521 0.033568
0.42171 0.026344
0.39657 0.033795
0.36437 0.038535
0.43658 0.032022
0.42212 0.029059
0.40798 0.030619
0.43309 0.031921
0.41844 0.031097
0.38518 0.038795
0.44813 0.020391
0.44375 0.021482
0.51213 0.020103
0.5183 0.02023
0.40366 0.024132
0.49885 0.023709
0.41128 0.024388
0.49484 0.02555
0.41119 0.024418
0.41034 0.025031
0.46222 0.025373
0.49922 0.028205
0.44806 0.028568
0.47183 0.025544
0.49393 0.027084
0.51643 0.021966
0.43181 0.034857
0.48621 0.028252
0.50533 0.026255
0.50347 0.028414
0.44118 0.035949
0.47018 0.031299
0.51279 0.02338
0.51471 0.024602
0.46364 0.034321
0.50867 0.027468
0.53291 0.021595
0.53553 0.02596
0.55171 0.021441
0.57028 0.027181
0.53718 0.028866
0.57524 0.027988
0.52272 0.038629
0.56824 0.028681
0.52658 0.024856
0.50445 0.041215
0.56779 0.028651
0.55049 0.029922
0.52599 0.027076
0.52287 0.021932
0.55069 0.030595
0.53272 0.037725
0.46466 0.039704
0.45013 0.038913
0.53511 0.037688
0.42976 0.03875
0.52131 0.02253
0.47033 0.03872
0.41667 0.038867
0.41371 0.039079
0.52443 0.026351
0.59027 0.021294
0.58145 0.028927
0.60704 0.028978
0.6169 0.03944
0.5894 0.031012
0.61561 0.038967
0.57455 0.029406
0.58738 0.032217
0.65502 0.038702
0.58289 0.031837
0.58549 0.032997
0.6807 0.039134
0.776 0.039865
0.54625 0.034112
0.56507 0.035235
0.65941 0.038122
0.59291 0.035331
0.48205 0.041117
0.43646 0.038906
0.59878 0.035886
0.60785 0.022334
0.62701 0.038347
0.61926 0.028647
0.70058 0.041343
0.66073 0.037091
0.8528 0.03528
0.67345 0.039038
0.75659 0.039369
0.75749 0.039202
0.65915 0.038151
0.62568 0.04004
0.63912 0.038682
0.79684 0.040528
0.65009 0.038412
0.92789 0.030656
0.8989 0.031969
0.93265 0.030573
0.66516 0.034747
0.84401 0.044345
0.69872 0.03964
0.95239 0.033722
0.94227 0.031698
0.95295 0.033854
0.63454 0.035666
0.9547 0.034281
0.68607 0.034289
0.77444 0.039306
0.955 0.034351
0.66963 0.03321
0.80686 0.042239
0.69743 0.036833
0.95213 0.033496
0.95084 0.033164
0.6305 0.02694
0.80347 0.040722
0.71158 0.040983
0.94553 0.031313
0.94665 0.032137
0.94533 0.031304
0.63473 0.023274
0.94289 0.03042
0.69721 0.033927
0.92966 0.028759
0.94018 0.029764
0.93131 0.02877
0.65236 0.025961
0.73576 0.041314
0.68951 0.03017
0.85476 0.032687
0.89908 0.030809
0.67727 0.02712
0.72103 0.040941
0.66862 0.024251
0.74876 0.03682
0.84214 0.045701
0.83782 0.047379
0.67883 0.024124
0.82649 0.045847
0.72105 0.038551
0.77052 0.037874
0.69609 0.02515
0.7714 0.037735
0.72939 0.03821
0.80219 0.038175
0.79943 0.037467
0.70667 0.026631
0.80593 0.03975
0.71176 0.026775
0.81892 0.043605
0.80547 0.039538
0.81994 0.043717
0.71928 0.028847
0.82712 0.044705
0.72899 0.030776
0.83444 0.04547
0.83359 0.045517
0.72767 0.024724
0.83891 0.044319
0.73761 0.025265
0.78008 0.037793
0.83728 0.044941
0.84229 0.036386
0.74873 0.02653
0.8481 0.031947
0.75535 0.02726
0.78548 0.033498
0.85047 0.031294
0.86085 0.029713
0.75851 0.024702
0.8699 0.028575
0.76747 0.024993
0.8824 0.027498
0.87111 0.028369
0.89221 0.027391
0.77501 0.021908
0.89908 0.027426
0.79678 0.027041
0.90969 0.02706
0.91227 0.026933
0.80023 0.023614
0.85441 0.025563
0.80391 0.023843
0.94161 0.027299
0.93471 0.026173
0.94699 0.028411
0.81088 0.022234
0.95845 0.031659
0.82888 0.026183
0.96017 0.031517
0.9586 0.031685
0.83766 0.022207
0.89706 0.02381
0.87226 0.022745
0.90505 0.023591
0.96297 0.031293
0.96476 0.031805
0.88086 0.021522
0.97085 0.032756
0.92126 0.02203
0.97179 0.032661
0.97085 0.032755
0.9716 0.032677
0.95878 0.022537
0.97561 0.032604
0.97088 0.022739
0.9737 0.026582
0.97459 0.032601
0.97741 0.032472
