340
0.023632 0.020565
0.036907 0.023587
0.076719 0.02102
0.030489 0.029201
0.03661 0.028318
0.095991 0.020471
0.088192 0.024696
0.11052 0.024508
0.059636 0.029548
0.045126 0.027588
0.053763 0.028159
0.13283 0.022906
0.063393 0.030762
0.14468 0.023021
0.068944 0.03328
0.066896 0.032389
0.069144 0.033328
0.15379 0.02314
0.08408 0.033052
0.15735 0.026204
0.10153 0.03413
0.1107 0.03406
0.16057 0.029245
0.1264 0.035052
0.16722 0.030397
0.12956 0.036062
0.12628 0.035024
0.12855 0.035655
0.16627 0.034508
0.12994 0.036379
0.17851 0.028464
0.13238 0.037114
0.1299 0.03636
0.13287 0.037436
0.17496 0.03534
0.16679 0.040084
0.18893 0.022902
0.13641 0.039285
0.13614 0.038485
0.13677 0.038951
0.19178 0.032643
0.17243 0.04133
0.20442 0.022149
0.18185 0.040471
0.13842 0.040043
0.20716 0.031847
0.1774 0.043396
0.21289 0.033242
0.19246 0.041376
0.21372 0.03976
0.20541 0.042224
0.21995 0.023004
0.15482 0.046919
0.12061 0.040824
0.16941 0.04731
0.22255 0.023924
0.18775 0.044621
0.22138 0.036598
0.20904 0.046237
0.18257 0.044922
0.2062 0.045623
0.23362 0.022932
0.21155 0.046976
0.22765 0.035855
0.21278 0.047421
0.21227 0.047252
0.24392 0.028355
0.21487 0.048104
0.23641 0.035063
0.22404 0.04406
0.21489 0.048125
0.21277 0.048002
0.25805 0.02786
0.22548 0.043107
0.26027 0.028617
0.2262 0.046851
0.11707 0.04295
0.27125 0.02532
0.09599 0.042301
0.27462 0.025906
0.24063 0.040262
0.098864 0.042737
0.090113 0.041013
0.26781 0.032211
0.061894 0.035049
0.28173 0.029286
0.24573 0.04276
0.069237 0.038992
0.045371 0.032238
0.28429 0.030496
0.034236 0.035363
0.29429 0.026115
0.034443 0.038864
0.032832 0.037823
0.29088 0.034257
0.037495 0.039223
0.29401 0.035919
0.13598 0.045661
0.040171 0.03932
0.29913 0.034106
0.068851 0.040816
0.30432 0.030203
0.060879 0.036552
0.040392 0.039779
0.30231 0.037635
0.039118 0.040447
0.30848 0.030277
0.039053 0.040523
0.039048 0.040466
0.038862 0.040527
0.30835 0.039002
0.061618 0.037784
0.23779 0.049096
0.041989 0.040104
0.039373 0.040485
0.31453 0.042078
0.19072 0.047982
0.31725 0.038103
0.06613 0.041675
0.11145 0.045523
0.19892 0.048142
0.31856 0.026317
0.26133 0.04676
0.33131 0.02258
0.32525 0.029917
0.25964 0.047766
0.32271 0.041762
0.28268 0.041255
0.32861 0.039756
0.24435 0.049644
0.12179 0.046003
0.33003 0.038448
0.3494 0.030653
0.3317 0.038345
0.31266 0.045057
0.3652 0.040596
0.35398 0.035493
0.3438 0.034466
0.36275 0.041514
0.35443 0.03903
0.39679 0.040361
0.36076 0.020693
0.35861 0.022684
0.46644 0.020019
0.50618 0.020032
0.3337 0.025684
0.40704 0.021284
0.33948 0.026381
0.39745 0.023089
0.33941 0.026416
0.33914 0.027215
0.37039 0.027655
0.41037 0.022533
0.36651 0.034334
0.37929 0.027884
0.39635 0.02422
0.49268 0.020306
0.3743 0.04056
0.39224 0.027292
0.43275 0.021359
0.42894 0.021867
0.39969 0.029682
0.38914 0.032255
0.46997 0.020621
0.48118 0.020789
0.38863 0.033294
0.45018 0.021479
0.61085 0.020386
0.62306 0.021982
0.65057 0.021212
0.66452 0.028944
0.63264 0.023646
0.66784 0.030152
0.62657 0.026069
0.66263 0.03078
0.56704 0.020702
0.59357 0.023845
0.66232 0.030699
0.65468 0.031176
0.56549 0.021005
0.53881 0.020254
0.65552 0.032502
0.64584 0.031843
0.59529 0.026043
0.5929 0.026755
0.64773 0.034743
0.61052 0.030198
0.52767 0.020323
0.58123 0.024981
0.6016 0.030698
0.62082 0.038884
0.55066 0.020866
0.68248 0.021745
0.67205 0.031494
0.69005 0.033577
0.68351 0.043066
0.67639 0.034393
0.68245 0.042422
0.66656 0.032141
0.67335 0.036184
0.71908 0.040904
0.67065 0.03588
0.6706 0.037611
0.75785 0.044008
0.81615 0.05234
0.6522 0.036102
0.6565 0.041679
0.72923 0.039437
0.66805 0.041775
0.63854 0.038836
0.63369 0.039735
0.66888 0.043102
0.6936 0.023656
0.69639 0.042639
0.6994 0.03058
0.77139 0.047722
0.73338 0.037903
0.90189 0.044258
0.75153 0.041736
0.81177 0.052167
0.81203 0.052192
0.72865 0.039495
0.69324 0.0464
0.70377 0.041752
0.85095 0.051175
0.71378 0.039986
0.9499 0.039269
0.93029 0.041285
0.9523 0.039505
0.74142 0.035751
0.89379 0.045329
0.77013 0.044546
0.96214 0.043808
0.95722 0.041241
0.96243 0.043977
0.70737 0.035793
0.96332 0.044515
0.76172 0.039023
0.81658 0.050069
0.96348 0.044599
0.74742 0.034671
0.85696 0.050058
0.76945 0.04099
0.96203 0.043421
0.96138 0.042971
0.71178 0.026647
0.85506 0.049009
0.78082 0.043356
0.95883 0.040167
0.95935 0.041535
0.95874 0.040172
0.71749 0.023171
0.95754 0.038836
0.76962 0.037395
0.95062 0.036054
0.95619 0.037959
0.95149 0.036184
0.733 0.027049
0.80075 0.044763
0.76435 0.033797
0.90381 0.039983
0.93043 0.0377
0.75538 0.028678
0.78882 0.040734
0.74754 0.024856
0.81181 0.04371
0.88975 0.044202
0.88219 0.047951
0.7566 0.02511
0.87234 0.049714
0.79023 0.037444
0.8188 0.043935
0.76909 0.02653
0.81953 0.043619
0.79884 0.037846
0.85546 0.044697
0.85384 0.044649
0.77819 0.027049
0.85786 0.04479
0.78307 0.026781
0.86733 0.046228
0.85756 0.044772
0.86826 0.046387
0.79112 0.028608
0.87392 0.047043
0.80065 0.031294
0.88027 0.045501
0.87922 0.04601
0.79944 0.024908
0.88683 0.041469
0.80859 0.026612
0.83007 0.038853
0.88434 0.042733
0.89551 0.038513
0.81586 0.028975
0.90068 0.037026
0.82131 0.027629
0.84533 0.036479
0.90184 0.036714
0.9092 0.035379
0.82412 0.025276
0.9148 0.033831
0.83165 0.025585
0.92246 0.033085
0.91554 0.033733
0.92755 0.032621
0.83897 0.022202
0.93115 0.032176
0.85455 0.030461
0.93869 0.03136
0.94055 0.031247
0.85695 0.02496
0.90448 0.028797
0.86003 0.024671
0.95691 0.033288
0.95308 0.03151
0.95973 0.034852
0.86637 0.022415
0.96603 0.039389
0.88316 0.025796
0.96717 0.038959
0.96613 0.039415
0.89331 0.022344
0.93034 0.026337
0.91652 0.024561
0.93567 0.025835
0.96901 0.038288
0.97013 0.038929
0.92185 0.022657
0.97403 0.040232
0.94616 0.023556
0.97465 0.04008
0.97403 0.040231
0.97452 0.040106
0.96661 0.024201
0.97714 0.03999
0.97425 0.024345
0.97603 0.03044
0.97647 0.039984
0.97832 0.03978
