340
0.025238 0.020392
0.04384 0.02281
0.088943 0.021041
0.035238 0.026591
0.043609 0.026498
0.10819 0.020471
0.099713 0.024603
0.12243 0.023542
0.06974 0.02815
0.053698 0.026663
0.062781 0.027477
0.15367 0.022514
0.074159 0.029113
0.16599 0.022817
0.080215 0.032473
0.078014 0.030809
0.080439 0.032634
0.17703 0.022329
0.093314 0.033131
0.1816 0.024683
0.11072 0.034575
0.12083 0.031307
0.18688 0.026472
0.14537 0.032019
0.19652 0.026823
0.14906 0.033565
0.14518 0.031972
0.14796 0.032973
0.19568 0.029505
0.14958 0.033959
0.21353 0.025311
0.153 0.035187
0.14952 0.033932
0.15366 0.035634
0.20891 0.029843
0.1963 0.033591
0.23175 0.021831
0.15794 0.037798
0.15775 0.036953
0.15837 0.037475
0.23647 0.029151
0.20577 0.034833
0.253 0.021362
0.21649 0.033768
0.15964 0.038939
0.25776 0.02721
0.21131 0.035803
0.26645 0.028947
0.23311 0.035844
0.26675 0.033565
0.25226 0.03555
0.27672 0.022154
0.17277 0.038488
0.12747 0.036503
0.19794 0.036002
0.2801 0.022679
0.22396 0.035741
0.27851 0.031717
0.25682 0.037028
0.21559 0.036394
0.25185 0.037898
0.29727 0.021787
0.26032 0.037506
0.28795 0.030657
0.26237 0.037861
0.26148 0.037717
0.31592 0.02459
0.26633 0.038355
0.30234 0.028883
0.28144 0.035924
0.26637 0.038361
0.26209 0.037963
0.34121 0.026163
0.28402 0.035195
0.34352 0.027363
0.28443 0.035884
0.11935 0.038396
0.35286 0.026137
0.099751 0.039567
0.35579 0.027085
0.30947 0.031943
0.10334 0.039634
0.095143 0.03899
0.35146 0.033684
0.071165 0.033043
0.3621 0.032116
0.31877 0.033038
0.078761 0.037809
0.054919 0.030848
0.36501 0.033471
0.041337 0.03164
0.37042 0.027354
0.041629 0.034135
0.039255 0.033121
0.36919 0.036662
0.046113 0.034715
0.37065 0.037275
0.1555 0.039857
0.050072 0.035039
0.37458 0.036834
0.07794 0.038328
0.38035 0.030886
0.069576 0.034801
0.050362 0.035296
0.37655 0.038585
0.048662 0.035508
0.38366 0.029549
0.048569 0.035538
0.048563 0.035511
0.048298 0.035526
0.38213 0.039035
0.070142 0.035892
0.30615 0.035189
0.05217 0.035644
0.049021 0.035545
0.38618 0.03845
0.22481 0.036657
0.39177 0.034715
0.074314 0.037806
0.11403 0.039456
0.24132 0.038274
0.3973 0.024281
0.34363 0.035986
0.41432 0.022321
0.40697 0.027508
0.33802 0.034357
0.40326 0.034615
0.36598 0.037795
0.40975 0.036031
0.316 0.034006
0.12275 0.038205
0.41088 0.036056
0.43364 0.026223
0.41209 0.036561
0.38418 0.03939
0.44888 0.031859
0.43404 0.028873
0.42058 0.03201
0.44514 0.032179
0.43038 0.031462
0.4042 0.039951
0.46035 0.020407
0.45523 0.021458
0.52604 0.020101
0.53209 0.020239
0.41667 0.024933
0.51205 0.023751
0.42268 0.024762
0.50839 0.02586
0.4226 0.024799
0.42191 0.025515
0.47278 0.02562
0.5124 0.028256
0.46027 0.028915
0.48346 0.024602
0.50756 0.027483
0.5302 0.021965
0.44431 0.035261
0.50033 0.028269
0.51856 0.026119
0.51665 0.028279
0.454 0.035653
0.48163 0.029672
0.52666 0.023316
0.52848 0.024558
0.47538 0.034804
0.52245 0.027213
0.54506 0.021873
0.54713 0.026962
0.56132 0.021636
0.57649 0.028361
0.54849 0.030324
0.58141 0.028873
0.54007 0.040295
0.57505 0.030179
0.53987 0.025527
0.51899 0.040477
0.57468 0.030154
0.56043 0.031191
0.53933 0.028
0.53645 0.022105
0.56073 0.031963
0.54737 0.040688
0.47844 0.039142
0.46576 0.039397
0.549 0.040621
0.44279 0.039242
0.53502 0.022729
0.48418 0.036859
0.43005 0.040186
0.4269 0.040672
0.53789 0.02705
0.59537 0.021391
0.58762 0.029498
0.61139 0.028767
0.61513 0.040197
0.59595 0.032145
0.61413 0.039939
0.58095 0.030522
0.59424 0.033439
0.65277 0.040458
0.58958 0.032574
0.59235 0.034107
0.68194 0.038929
0.77976 0.037878
0.55731 0.036003
0.57287 0.038208
0.65767 0.039716
0.59938 0.037489
0.4996 0.040386
0.45035 0.038646
0.60447 0.038523
0.6122 0.022305
0.62591 0.040309
0.62367 0.029074
0.7005 0.039055
0.66021 0.038635
0.89974 0.039886
0.67439 0.039151
0.7605 0.037272
0.76148 0.037437
0.65727 0.039791
0.6238 0.040739
0.63707 0.040244
0.80669 0.037933
0.64852 0.040687
0.93696 0.03635
0.92368 0.038859
0.93986 0.035983
0.66629 0.034963
0.89719 0.039783
0.69876 0.038198
0.95543 0.03614
0.94743 0.035825
0.95586 0.03618
0.63485 0.036676
0.95751 0.036304
0.68746 0.033836
0.77827 0.03795
0.95777 0.03632
0.67105 0.03306
0.82247 0.037218
0.69802 0.03566
0.95523 0.036018
0.95436 0.035896
0.63435 0.02702
0.81783 0.03704
0.71355 0.039207
0.95009 0.035147
0.95114 0.035616
0.94993 0.035169
0.63876 0.023385
0.94774 0.034769
0.69847 0.032967
0.93769 0.034237
0.94532 0.034682
0.93875 0.034201
0.6545 0.026547
0.74163 0.037248
0.69112 0.029698
0.89898 0.037645
0.92225 0.038165
0.67873 0.027019
0.72248 0.037566
0.67009 0.024198
0.75513 0.035265
0.89517 0.039175
0.88395 0.035415
0.6804 0.024074
0.8571 0.033356
0.7232 0.035667
0.77474 0.037266
0.69813 0.024814
0.77593 0.03721
0.73463 0.034494
0.81669 0.035489
0.81289 0.035254
0.71005 0.025796
0.82158 0.036643
0.71616 0.025909
0.83782 0.034876
0.82095 0.036505
0.83973 0.03399
0.72435 0.027409
0.85828 0.033335
0.73675 0.028463
0.87016 0.034571
0.86861 0.034443
0.73524 0.023707
0.88408 0.034936
0.7478 0.024298
0.78676 0.035877
0.87975 0.034994
0.8842 0.032107
0.76056 0.025865
0.88946 0.030569
0.76823 0.027103
0.79779 0.033276
0.89245 0.031378
0.90057 0.035018
0.77136 0.024541
0.90428 0.035969
0.77994 0.024684
0.9108 0.034176
0.90474 0.035642
0.91577 0.03274
0.78902 0.021682
0.9194 0.032993
0.81194 0.026307
0.92596 0.032183
0.92745 0.031875
0.81608 0.023093
0.89338 0.026074
0.82039 0.023266
0.94584 0.030997
0.94074 0.029965
0.9503 0.031452
0.82812 0.021821
0.95971 0.033595
0.85897 0.023702
0.96104 0.033056
0.95983 0.033594
0.87077 0.021537
0.91839 0.026387
0.90456 0.024851
0.92324 0.026068
0.96345 0.032205
0.96519 0.032396
0.90943 0.0228
0.97107 0.032522
0.93343 0.023378
0.97198 0.032429
0.97108 0.032522
0.9718 0.032445
0.95844 0.022902
0.97571 0.032373
0.97071 0.022689
0.97358 0.026462
0.97471 0.03237
0.97747 0.032243
