340
0.025675 0.020362
0.04574 0.022628
0.093453 0.020985
0.036509 0.026116
0.045494 0.026077
0.11394 0.02044
0.10485 0.024319
0.12921 0.023299
0.073191 0.027736
0.056227 0.026274
0.065863 0.027073
0.16215 0.022431
0.077843 0.028644
0.17488 0.022735
0.084234 0.031819
0.081906 0.030246
0.08447 0.031972
0.18621 0.022289
0.09807 0.032386
0.19082 0.024627
0.11666 0.033593
0.12749 0.030532
0.19615 0.026442
0.15356 0.031567
0.20579 0.026852
0.15738 0.033102
0.15336 0.031518
0.15623 0.032521
0.20496 0.02954
0.15792 0.033485
0.22258 0.025471
0.16146 0.03468
0.15786 0.033459
0.16214 0.035115
0.21807 0.030061
0.20557 0.033647
0.24003 0.021967
0.16656 0.03722
0.16637 0.036402
0.16701 0.036909
0.24432 0.029972
0.21495 0.035074
0.25924 0.021428
0.22537 0.03425
0.16833 0.03833
0.26405 0.027379
0.22044 0.036217
0.27276 0.029279
0.24104 0.037091
0.27331 0.034153
0.25789 0.036417
0.28236 0.022577
0.18186 0.038083
0.13464 0.035375
0.20719 0.036091
0.28488 0.023344
0.23243 0.036506
0.2839 0.03436
0.26255 0.037554
0.2245 0.036943
0.25729 0.038954
0.29753 0.022393
0.26639 0.037707
0.29055 0.034328
0.26867 0.037863
0.26768 0.037805
0.31184 0.025761
0.27313 0.039067
0.30106 0.031871
0.28604 0.040234
0.27317 0.039083
0.26836 0.037993
0.33297 0.027225
0.28769 0.039902
0.33505 0.02867
0.28794 0.040868
0.12589 0.037137
0.34297 0.026993
0.10489 0.038362
0.34546 0.027846
0.30576 0.035688
0.10873 0.038371
0.1 0.037887
0.34067 0.036159
0.07469 0.032377
0.34997 0.032923
0.31248 0.036417
0.082696 0.036879
0.057526 0.030221
0.35257 0.034301
0.043077 0.030863
0.35968 0.027608
0.043387 0.033195
0.040858 0.032221
0.35668 0.037705
0.048157 0.033794
0.3582 0.03821
0.16404 0.039204
0.05237 0.034135
0.36231 0.037035
0.081827 0.037373
0.36857 0.031372
0.073018 0.034049
0.052678 0.034379
0.36389 0.038802
0.050869 0.034568
0.37206 0.029613
0.050771 0.034597
0.050765 0.034571
0.050483 0.034583
0.36914 0.039798
0.073613 0.035084
0.30219 0.040395
0.054602 0.034719
0.051252 0.034605
0.37333 0.038363
0.23322 0.037508
0.37975 0.033208
0.078007 0.036889
0.12021 0.038138
0.24806 0.040198
0.38725 0.02371
0.33323 0.038844
0.40518 0.02226
0.39789 0.027226
0.32908 0.036747
0.39347 0.033508
0.3522 0.038989
0.39965 0.035939
0.31026 0.037809
0.12956 0.036952
0.40072 0.035973
0.42598 0.025695
0.40181 0.036388
0.37138 0.039763
0.44148 0.032151
0.42643 0.028154
0.41103 0.031366
0.43797 0.032176
0.42231 0.030402
0.39366 0.038439
0.45279 0.020421
0.44783 0.021516
0.52352 0.020086
0.53082 0.020204
0.40751 0.024755
0.50808 0.023533
0.41374 0.024455
0.50421 0.025315
0.41366 0.024492
0.41292 0.025179
0.46492 0.025727
0.50846 0.027795
0.45272 0.029208
0.47543 0.024332
0.50333 0.02676
0.52854 0.021652
0.43711 0.035219
0.49498 0.02718
0.51494 0.025539
0.51295 0.027595
0.44585 0.036221
0.47364 0.029233
0.52427 0.022828
0.52646 0.023835
0.46664 0.034923
0.51918 0.02635
0.54537 0.021722
0.54762 0.026435
0.56379 0.021507
0.57917 0.029139
0.54901 0.029315
0.58359 0.030202
0.53618 0.037286
0.57827 0.03102
0.53972 0.024925
0.51358 0.038779
0.57787 0.030946
0.563 0.030292
0.5392 0.027109
0.53608 0.021841
0.56341 0.031021
0.54533 0.038111
0.46892 0.038997
0.4562 0.039877
0.54749 0.037975
0.43547 0.039064
0.53435 0.022365
0.47488 0.035962
0.42101 0.038307
0.41699 0.039024
0.53769 0.026218
0.59458 0.021663
0.58878 0.031614
0.6098 0.028242
0.61424 0.038798
0.59576 0.034405
0.61317 0.038648
0.58386 0.032127
0.59477 0.036326
0.657 0.038613
0.5912 0.035829
0.59359 0.037585
0.68791 0.037763
0.786 0.03757
0.55906 0.034625
0.57969 0.039298
0.66233 0.038697
0.59892 0.039882
0.49456 0.037518
0.44222 0.039015
0.60317 0.039487
0.61067 0.022174
0.62573 0.038364
0.62286 0.028277
0.70742 0.037928
0.66491 0.03802
0.8917 0.039909
0.67921 0.038489
0.76779 0.0385
0.76863 0.038753
0.66192 0.038706
0.62335 0.038784
0.63827 0.037718
0.81251 0.039895
0.65188 0.038258
0.93132 0.034628
0.9166 0.0374
0.93454 0.034264
0.67067 0.034876
0.88918 0.040013
0.70523 0.03724
0.95213 0.034248
0.94307 0.03403
0.95261 0.034283
0.63567 0.034603
0.95448 0.034389
0.69298 0.033125
0.78413 0.037895
0.95478 0.034402
0.67529 0.032885
0.82749 0.039295
0.70416 0.034821
0.95191 0.03414
0.95092 0.034035
0.63493 0.026129
0.82243 0.038764
0.72422 0.037913
0.94608 0.033397
0.94727 0.033803
0.9459 0.033418
0.64013 0.022935
0.94342 0.03309
0.70438 0.032214
0.93213 0.03273
0.94068 0.03304
0.9333 0.032686
0.65824 0.025994
0.75061 0.037781
0.69625 0.029249
0.89094 0.037712
0.91506 0.036824
0.68298 0.026745
0.73373 0.037343
0.67411 0.024158
0.76281 0.035941
0.88719 0.039618
0.87653 0.036745
0.68484 0.02389
0.85436 0.037283
0.73351 0.035534
0.78063 0.03785
0.70358 0.024519
0.78169 0.037645
0.74406 0.035194
0.82111 0.036949
0.81772 0.036698
0.71636 0.025304
0.82645 0.038615
0.7231 0.025613
0.84095 0.039382
0.82577 0.038409
0.84227 0.038265
0.73156 0.027294
0.85523 0.037088
0.74361 0.028784
0.86443 0.037258
0.86307 0.037293
0.74219 0.023859
0.87664 0.036216
0.75413 0.024446
0.79362 0.034811
0.87283 0.036638
0.87671 0.033136
0.76658 0.026206
0.88153 0.031161
0.77371 0.027681
0.80469 0.033907
0.88448 0.031821
0.89251 0.034992
0.77653 0.024789
0.8962 0.035735
0.78447 0.024671
0.90292 0.033646
0.89667 0.035387
0.90818 0.032026
0.79448 0.021565
0.91202 0.032127
0.81635 0.02692
0.91908 0.031171
0.92072 0.030844
0.82012 0.023356
0.8854 0.026277
0.82432 0.023611
0.94126 0.029763
0.93553 0.028887
0.94632 0.030128
0.83124 0.022089
0.95697 0.031994
0.85523 0.024728
0.95848 0.031517
0.95711 0.031993
0.86472 0.021813
0.91096 0.025977
0.89649 0.024775
0.91613 0.025605
0.96121 0.030763
0.96319 0.030928
0.90147 0.022709
0.96987 0.031031
0.92738 0.023038
0.97089 0.030949
0.96987 0.031031
0.97069 0.030963
0.95554 0.022561
0.97513 0.0309
0.96946 0.022369
0.97272 0.025692
0.974 0.030897
0.97712 0.030785
