340
0.024111 0.020499
0.039136 0.023645
0.075442 0.021179
0.031872 0.028325
0.038801 0.028407
0.089397 0.02067
0.083824 0.026611
0.099422 0.026675
0.058052 0.030484
0.046262 0.028788
0.053279 0.02958
0.11452 0.02427
0.061821 0.031268
0.12253 0.024412
0.067661 0.033113
0.065433 0.032406
0.067883 0.033184
0.12882 0.024543
0.081792 0.037315
0.13129 0.028961
0.093765 0.040422
0.10009 0.040821
0.13354 0.033353
0.11099 0.04218
0.13806 0.035051
0.11335 0.043656
0.11091 0.042139
0.11259 0.043055
0.13725 0.041009
0.11366 0.044127
0.14591 0.032264
0.11546 0.045245
0.11363 0.044099
0.11584 0.045735
0.1432 0.042241
0.13738 0.049462
0.1531 0.02419
0.11844 0.048602
0.11816 0.04738
0.11863 0.048105
0.15505 0.038222
0.14117 0.051075
0.16389 0.023054
0.14786 0.049483
0.1198 0.049835
0.1659 0.036762
0.14447 0.053768
0.17005 0.038534
0.15548 0.050494
0.17091 0.047548
0.16491 0.05123
0.17495 0.02415
0.12972 0.06117
0.10741 0.050404
0.13831 0.060252
0.17683 0.025396
0.15193 0.055055
0.17636 0.042883
0.16768 0.056468
0.14809 0.05565
0.16556 0.05577
0.18498 0.023945
0.16956 0.057343
0.18092 0.041588
0.17049 0.057882
0.1701 0.05768
0.1927 0.030958
0.17206 0.0587
0.18736 0.040112
0.1787 0.052859
0.17207 0.058727
0.17049 0.058663
0.20371 0.029934
0.1797 0.051516
0.20545 0.03083
0.18043 0.056501
0.10514 0.053441
0.21431 0.026519
0.090815 0.052942
0.21707 0.027183
0.19078 0.046846
0.092467 0.053621
0.087318 0.050848
0.21152 0.035069
0.059912 0.036132
0.22296 0.031091
0.19474 0.049796
0.06847 0.038771
0.046976 0.034272
0.22508 0.032442
0.037457 0.03504
0.23366 0.026985
0.038766 0.038696
0.036321 0.037075
0.23032 0.036603
0.04248 0.040216
0.23272 0.038265
0.1191 0.058267
0.044667 0.041241
0.23718 0.035511
0.068132 0.040541
0.2427 0.030428
0.05862 0.038019
0.044926 0.041893
0.23922 0.038784
0.044247 0.042605
0.24688 0.029791
0.044229 0.042755
0.0442 0.042619
0.044083 0.042685
0.24485 0.038467
0.059328 0.03919
0.18911 0.058784
0.04609 0.042928
0.044457 0.042799
0.2515 0.039855
0.15406 0.059548
0.25604 0.035918
0.064727 0.042273
0.10134 0.057364
0.16019 0.059458
0.25854 0.025579
0.20685 0.05399
0.27235 0.022835
0.266 0.029465
0.2056 0.055427
0.26311 0.039843
0.22343 0.045617
0.27079 0.040163
0.19404 0.059001
0.10874 0.05778
0.27237 0.039554
0.30873 0.032994
0.27455 0.040402
0.24823 0.04451
0.32337 0.038875
0.31142 0.036968
0.29789 0.041788
0.31977 0.040675
0.31049 0.041154
0.35597 0.038589
0.32071 0.020656
0.31845 0.022613
0.43803 0.020019
0.50402 0.020021
0.2754 0.026743
0.37205 0.021067
0.2866 0.029574
0.36083 0.022727
0.28643 0.029614
0.28579 0.03071
0.33151 0.02688
0.37621 0.022092
0.3262 0.032933
0.34133 0.027278
0.35961 0.02375
0.48478 0.020217
0.33513 0.038585
0.3551 0.026645
0.40237 0.02123
0.39817 0.021664
0.36337 0.028433
0.35117 0.031365
0.44153 0.02059
0.45597 0.0206
0.35039 0.032352
0.42104 0.021406
0.65942 0.020382
0.67153 0.022016
0.69975 0.021137
0.71493 0.027796
0.6809 0.023624
0.71885 0.028702
0.67494 0.026157
0.71283 0.029508
0.60888 0.020561
0.64124 0.023455
0.71246 0.029456
0.70421 0.030352
0.60693 0.020806
0.5511 0.020191
0.70541 0.031516
0.6949 0.03117
0.64315 0.025495
0.64049 0.026043
0.69747 0.033842
0.65909 0.030075
0.53619 0.02023
0.62691 0.024114
0.64992 0.030128
0.66958 0.039188
0.58515 0.020603
0.7364 0.021375
0.7241 0.029666
0.74757 0.029655
0.74282 0.037444
0.73021 0.031832
0.74104 0.037061
0.71771 0.030443
0.72712 0.033452
0.78228 0.046395
0.72372 0.033353
0.7242 0.034773
0.80818 0.053805
0.85432 0.0577
0.7026 0.034953
0.70867 0.039717
0.78892 0.04677
0.7224 0.038589
0.68779 0.038106
0.68268 0.039482
0.72395 0.039941
0.75184 0.022576
0.76235 0.037777
0.76029 0.028088
0.81792 0.057416
0.79167 0.04505
0.9198 0.056243
0.80385 0.051039
0.85043 0.057577
0.85066 0.057592
0.78854 0.04675
0.76064 0.042313
0.77071 0.040477
0.87995 0.060378
0.77836 0.042613
0.94902 0.052662
0.93766 0.053566
0.95034 0.052716
0.79714 0.042422
0.91388 0.057102
0.81701 0.053277
0.9556 0.052918
0.95297 0.052843
0.95577 0.05292
0.77178 0.035041
0.95638 0.052893
0.81111 0.046433
0.85453 0.055032
0.95649 0.05286
0.80126 0.040893
0.88423 0.058957
0.81664 0.048517
0.95561 0.0523
0.95524 0.05215
0.7741 0.026834
0.88297 0.057511
0.82509 0.050406
0.95427 0.04921
0.95426 0.051389
0.95421 0.049312
0.77932 0.023633
0.95378 0.0478
0.81694 0.043604
0.95013 0.046754
0.95312 0.047392
0.95062 0.04683
0.79139 0.0297
0.84089 0.049621
0.81326 0.038975
0.92119 0.050298
0.93816 0.047217
0.80704 0.032185
0.83146 0.046
0.80153 0.026911
0.85035 0.047631
0.91081 0.05524
0.90477 0.058863
0.80794 0.027156
0.89666 0.059358
0.83275 0.04166
0.85637 0.047846
0.81699 0.028855
0.85703 0.04749
0.83975 0.041361
0.88409 0.051698
0.88292 0.05155
0.82377 0.02925
0.88586 0.051941
0.82752 0.02871
0.89294 0.054334
0.88563 0.051901
0.89367 0.054629
0.83391 0.03063
0.89814 0.056255
0.84168 0.033428
0.90335 0.055431
0.90249 0.055882
0.84081 0.025859
0.90874 0.051384
0.84861 0.027718
0.86627 0.042047
0.90673 0.052634
0.91542 0.048095
0.85487 0.030409
0.91915 0.046091
0.85959 0.028837
0.87852 0.039968
0.91997 0.045642
0.92506 0.043546
0.86202 0.026117
0.9288 0.041068
0.86852 0.026531
0.93368 0.039809
0.92928 0.040899
0.93697 0.039184
0.87475 0.022619
0.93931 0.038763
0.88706 0.033152
0.94423 0.038158
0.94536 0.038135
0.88944 0.026301
0.92217 0.033585
0.89185 0.026016
0.95461 0.039391
0.9526 0.038699
0.95604 0.040009
0.89671 0.023224
0.9605 0.040869
0.90857 0.028693
0.96217 0.03928
0.96061 0.040804
0.91511 0.02363
0.93933 0.029744
0.93014 0.026933
0.94285 0.02921
0.96502 0.036972
0.96651 0.036694
0.93367 0.024024
0.97174 0.036338
0.94921 0.025898
0.97261 0.036215
0.97175 0.036337
0.97244 0.036236
0.96342 0.024214
0.97605 0.036142
0.97288 0.023508
0.97508 0.02843
0.97514 0.036137
0.97768 0.035973
