340
0.024638 0.020443
0.041202 0.023134
0.080616 0.021257
0.033394 0.027449
0.040869 0.027243
0.096613 0.02051
0.089641 0.025447
0.11179 0.023744
0.064904 0.029501
0.050027 0.027398
0.058331 0.027941
0.13747 0.022603
0.06895 0.030876
0.1509 0.022712
0.07358 0.035008
0.071987 0.033029
0.073736 0.035188
0.16157 0.022534
0.084494 0.036074
0.16592 0.025023
0.10012 0.034405
0.11138 0.031697
0.17025 0.027294
0.12965 0.034053
0.17892 0.028185
0.13229 0.034788
0.12951 0.034046
0.13151 0.034438
0.1772 0.031366
0.1326 0.035091
0.19343 0.025731
0.13495 0.035883
0.13256 0.035075
0.13535 0.036268
0.18803 0.031165
0.17551 0.035969
0.21088 0.021814
0.13883 0.037931
0.13897 0.037072
0.13951 0.037509
0.21496 0.028794
0.18272 0.037319
0.23432 0.021237
0.19416 0.034565
0.14057 0.038843
0.23943 0.026524
0.18763 0.037609
0.24881 0.027396
0.20909 0.035281
0.24753 0.031189
0.23163 0.033639
0.26259 0.021791
0.15393 0.040377
0.1194 0.039388
0.17498 0.039841
0.26673 0.022463
0.20033 0.036145
0.26368 0.030078
0.2358 0.03551
0.19201 0.038141
0.23038 0.035786
0.28214 0.02202
0.23925 0.035431
0.27317 0.03103
0.24117 0.035396
0.24034 0.035419
0.29846 0.025842
0.24489 0.035446
0.28583 0.030065
0.26504 0.035015
0.24492 0.035451
0.24085 0.035558
0.31759 0.026821
0.26755 0.034982
0.31963 0.027885
0.26716 0.036216
0.11366 0.03969
0.32977 0.025805
0.089699 0.043895
0.33284 0.026505
0.2902 0.034036
0.09197 0.043612
0.085986 0.043671
0.3255 0.033179
0.066498 0.035148
0.33909 0.031199
0.2959 0.036459
0.072904 0.04191
0.049999 0.031949
0.34256 0.032835
0.0377 0.032978
0.34909 0.027267
0.037535 0.035942
0.03573 0.034789
0.34804 0.036283
0.040775 0.03681
0.34955 0.036986
0.1353 0.041137
0.043445 0.037394
0.35291 0.036746
0.072442 0.042909
0.3579 0.031207
0.064822 0.036595
0.043592 0.037844
0.35475 0.038888
0.04224 0.038187
0.3613 0.029908
0.042166 0.038241
0.04217 0.03819
0.041982 0.038208
0.36008 0.039535
0.065416 0.037892
0.28385 0.038259
0.045108 0.038517
0.042481 0.038269
0.36373 0.038844
0.20065 0.03741
0.36903 0.035312
0.069877 0.04164
0.10481 0.040657
0.21564 0.036875
0.37434 0.024362
0.31423 0.037339
0.39349 0.021849
0.38426 0.026633
0.31056 0.03665
0.37851 0.033726
0.34371 0.037218
0.38623 0.033442
0.29318 0.03798
0.11689 0.041217
0.38776 0.033151
0.41397 0.026657
0.38921 0.033268
0.362 0.040046
0.42813 0.032603
0.41436 0.029506
0.40091 0.03069
0.42482 0.032499
0.41094 0.031647
0.37713 0.040207
0.43914 0.020403
0.43498 0.021537
0.5119 0.020092
0.51889 0.020213
0.39643 0.024083
0.49675 0.023213
0.404 0.024477
0.49208 0.024778
0.40391 0.024506
0.4031 0.025113
0.45311 0.025
0.4972 0.027112
0.43907 0.02882
0.46434 0.024595
0.49102 0.026091
0.51678 0.021803
0.42363 0.035578
0.48202 0.026908
0.50418 0.025472
0.50208 0.02734
0.43241 0.036612
0.46213 0.029598
0.51265 0.02303
0.51482 0.024175
0.45384 0.033203
0.50797 0.026566
0.53376 0.021556
0.53638 0.025711
0.55439 0.021247
0.57578 0.026269
0.53805 0.028399
0.58148 0.027018
0.52467 0.037846
0.57345 0.027557
0.5274 0.02474
0.50397 0.038488
0.57293 0.027528
0.55298 0.028584
0.52681 0.026883
0.52367 0.021844
0.55321 0.029167
0.53421 0.037265
0.45398 0.038103
0.44036 0.039438
0.5365 0.036956
0.42179 0.039664
0.52211 0.022393
0.46116 0.036029
0.40985 0.039795
0.40713 0.039719
0.52524 0.02612
0.59839 0.021146
0.58852 0.027904
0.61754 0.027803
0.62822 0.036285
0.59741 0.029769
0.62678 0.035976
0.58068 0.028256
0.59515 0.030857
0.67056 0.040045
0.59012 0.030501
0.59303 0.031553
0.69428 0.03961
0.80319 0.039132
0.5482 0.032514
0.5698 0.033238
0.67441 0.039331
0.60132 0.033541
0.47644 0.037304
0.42799 0.039826
0.60799 0.033927
0.61846 0.022025
0.64164 0.035255
0.63177 0.027159
0.71332 0.039043
0.6756 0.038184
0.89655 0.041987
0.68745 0.03964
0.78202 0.037026
0.78302 0.036965
0.67417 0.039371
0.63986 0.036533
0.65629 0.038432
0.82334 0.04103
0.66625 0.039772
0.93223 0.033189
0.91459 0.041363
0.93604 0.032635
0.67968 0.035479
0.89408 0.043908
0.71133 0.037934
0.9535 0.03475
0.94416 0.033234
0.95402 0.034871
0.65098 0.034438
0.95563 0.03526
0.69961 0.034512
0.8017 0.038467
0.95591 0.035323
0.68389 0.03367
0.83218 0.041028
0.71036 0.035537
0.95326 0.034517
0.95207 0.034207
0.64568 0.025995
0.8291 0.040198
0.727 0.038302
0.94716 0.032552
0.9482 0.033376
0.94698 0.032557
0.65057 0.023008
0.94472 0.031745
0.71053 0.032852
0.93353 0.030656
0.94222 0.031185
0.93488 0.030562
0.66763 0.026391
0.75794 0.036788
0.70325 0.030114
0.89495 0.039345
0.91419 0.039359
0.6913 0.02732
0.7374 0.038035
0.68292 0.024407
0.7731 0.034808
0.8921 0.043549
0.88451 0.041839
0.69284 0.024233
0.85893 0.038364
0.73767 0.035961
0.79756 0.036831
0.70986 0.024792
0.79847 0.036742
0.74816 0.034482
0.82804 0.037914
0.82561 0.037606
0.72218 0.025714
0.83146 0.038886
0.7281 0.025934
0.84635 0.038791
0.83103 0.038752
0.84779 0.038669
0.73646 0.027724
0.85981 0.037802
0.74812 0.028521
0.87521 0.03901
0.87334 0.038724
0.74626 0.023764
0.88433 0.040842
0.75962 0.024246
0.80705 0.037559
0.88133 0.040235
0.88329 0.036809
0.77236 0.025748
0.88625 0.03398
0.77975 0.026416
0.81243 0.033558
0.88822 0.034218
0.89587 0.036348
0.78334 0.024192
0.90012 0.036427
0.79341 0.02462
0.90517 0.034585
0.90048 0.036076
0.90941 0.033642
0.80132 0.021809
0.91278 0.033305
0.82308 0.027227
0.91884 0.031001
0.92037 0.030475
0.82641 0.023616
0.88811 0.027533
0.83002 0.023726
0.94353 0.02829
0.93765 0.027293
0.9485 0.029252
0.83751 0.022009
0.95908 0.03234
0.85995 0.024726
0.96068 0.032135
0.95922 0.032362
0.87146 0.021832
0.91127 0.026904
0.89848 0.025141
0.91599 0.025993
0.96342 0.031811
0.96516 0.032288
0.90308 0.022941
0.97108 0.033096
0.92666 0.022744
0.972 0.032998
0.97109 0.033096
0.97182 0.033015
0.95939 0.022682
0.97572 0.03294
0.97112 0.022813
0.97387 0.026758
0.97473 0.032937
0.97748 0.032804
