340
0.023714 0.020553
0.036773 0.023689
0.08143 0.020923
0.030806 0.029216
0.036608 0.028548
0.10394 0.020429
0.094151 0.023946
0.1186 0.02352
0.060762 0.027619
0.044914 0.027834
0.052902 0.027545
0.14962 0.022314
0.065589 0.028352
0.16447 0.022411
0.071803 0.031591
0.069564 0.030058
0.072033 0.031736
0.17669 0.02229
0.086281 0.031124
0.18099 0.02487
0.10655 0.033827
0.11684 0.031153
0.18597 0.02695
0.14092 0.031975
0.19484 0.027527
0.14417 0.03315
0.14074 0.031958
0.14322 0.032635
0.19391 0.030465
0.14459 0.033487
0.20987 0.025818
0.14764 0.034222
0.14454 0.033467
0.14823 0.034554
0.2056 0.031049
0.19364 0.035006
0.2276 0.021747
0.1531 0.035824
0.15304 0.035081
0.15374 0.035446
0.23261 0.028965
0.20166 0.036744
0.24873 0.021449
0.21073 0.035116
0.15511 0.036527
0.25332 0.027614
0.20617 0.0378
0.2616 0.029604
0.22733 0.035073
0.26189 0.034605
0.2481 0.036586
0.2709 0.022372
0.17222 0.037138
0.12312 0.036456
0.19467 0.037765
0.27386 0.022966
0.21738 0.036534
0.27198 0.033013
0.25263 0.03804
0.2092 0.038188
0.24775 0.039111
0.28954 0.022093
0.25594 0.038439
0.28061 0.031733
0.25786 0.038747
0.25703 0.038623
0.30427 0.025831
0.26155 0.039711
0.29376 0.030903
0.27387 0.037885
0.26158 0.039721
0.25761 0.038863
0.32537 0.027211
0.27625 0.037131
0.32748 0.028635
0.27648 0.037833
0.11491 0.038048
0.33537 0.026901
0.09375 0.036888
0.33788 0.027719
0.29854 0.035335
0.09846 0.037191
0.08799 0.036145
0.33319 0.035993
0.062135 0.03209
0.34251 0.032654
0.30508 0.036632
0.070121 0.036629
0.0457 0.032498
0.34511 0.033849
0.03449 0.035627
0.35257 0.027106
0.034285 0.039002
0.032937 0.037897
0.34912 0.03685
0.037136 0.039185
0.35061 0.037219
0.14934 0.038152
0.040231 0.039048
0.35514 0.035767
0.069258 0.03704
0.36247 0.030178
0.060342 0.034004
0.040446 0.039318
0.35691 0.037265
0.038837 0.039904
0.36635 0.028591
0.038756 0.039952
0.038757 0.03992
0.038542 0.039968
0.36326 0.037584
0.06094 0.034964
0.2953 0.039138
0.042113 0.039256
0.039134 0.039902
0.36827 0.036407
0.21798 0.037263
0.37544 0.031629
0.065438 0.03638
0.10988 0.038698
0.23753 0.038542
0.38357 0.023219
0.32584 0.038821
0.40436 0.021957
0.39594 0.026241
0.32159 0.036759
0.39157 0.031664
0.34461 0.038411
0.39953 0.033798
0.30297 0.038034
0.11828 0.038115
0.40078 0.03383
0.42783 0.025209
0.40215 0.034193
0.36598 0.037629
0.44468 0.031206
0.42831 0.027467
0.41166 0.029948
0.44106 0.031259
0.42404 0.029419
0.3928 0.035945
0.45693 0.020383
0.45146 0.021392
0.52637 0.020093
0.53284 0.020227
0.40704 0.024121
0.51088 0.023468
0.41422 0.023926
0.50683 0.025413
0.41412 0.023957
0.41327 0.024552
0.47008 0.025443
0.51128 0.027626
0.45685 0.028379
0.48083 0.024486
0.5059 0.026944
0.53082 0.021831
0.44049 0.034089
0.49824 0.027951
0.51807 0.025542
0.51599 0.027473
0.44973 0.034922
0.47901 0.02942
0.52703 0.023052
0.52898 0.02421
0.47233 0.034285
0.52244 0.026586
0.54629 0.021803
0.54848 0.026672
0.5638 0.021634
0.57778 0.029425
0.54983 0.029599
0.58222 0.030145
0.53711 0.038861
0.57691 0.03145
0.54084 0.025288
0.51699 0.038655
0.57655 0.031409
0.56319 0.031138
0.54033 0.02765
0.5375 0.022008
0.56361 0.031943
0.54609 0.038975
0.47518 0.038407
0.46128 0.038409
0.54837 0.038647
0.43928 0.03764
0.53597 0.022598
0.48111 0.036619
0.42478 0.036746
0.42087 0.037191
0.53893 0.026735
0.59389 0.021608
0.58768 0.031055
0.60899 0.028489
0.61292 0.039177
0.59498 0.034043
0.61187 0.03904
0.58234 0.032041
0.59382 0.035849
0.65781 0.036716
0.59001 0.035073
0.59249 0.036972
0.69155 0.038341
0.79136 0.038693
0.56022 0.035683
0.57752 0.039928
0.66379 0.03668
0.59797 0.0398
0.49759 0.039446
0.44595 0.037538
0.60196 0.039793
0.60983 0.022225
0.6249 0.038563
0.62188 0.028382
0.71048 0.037089
0.66683 0.036015
0.90755 0.038166
0.68358 0.037902
0.77419 0.038645
0.77502 0.038947
0.66331 0.036697
0.62256 0.039038
0.63735 0.037306
0.81952 0.037531
0.65208 0.036525
0.94401 0.038857
0.93134 0.03981
0.94635 0.039141
0.6733 0.033269
0.90424 0.038093
0.70817 0.036618
0.95737 0.039875
0.95167 0.04004
0.95769 0.039872
0.63465 0.034495
0.95899 0.039814
0.69591 0.033428
0.78965 0.038941
0.95921 0.039799
0.67841 0.031949
0.83633 0.036848
0.70697 0.034362
0.95725 0.039747
0.95663 0.039699
0.63374 0.026108
0.83094 0.036702
0.72837 0.036514
0.95361 0.039188
0.95432 0.039752
0.95349 0.039219
0.63881 0.022835
0.95195 0.038698
0.70712 0.031823
0.94458 0.036527
0.95023 0.03847
0.94545 0.036715
0.6587 0.025376
0.7568 0.03685
0.69888 0.029316
0.90637 0.036031
0.92999 0.039066
0.68601 0.02665
0.73867 0.036037
0.67666 0.023802
0.76933 0.035809
0.9019 0.03821
0.89095 0.037112
0.68781 0.023894
0.86976 0.036184
0.73843 0.034362
0.78651 0.038701
0.70623 0.024392
0.78748 0.038543
0.74981 0.034162
0.82959 0.035153
0.82595 0.034844
0.71982 0.024935
0.83526 0.036348
0.72715 0.025182
0.85305 0.035312
0.83455 0.036138
0.85489 0.034811
0.73632 0.026734
0.87078 0.036213
0.74933 0.028185
0.87994 0.037695
0.87872 0.037497
0.74781 0.023591
0.89104 0.036546
0.76057 0.02427
0.79855 0.034776
0.88751 0.037551
0.89112 0.033352
0.77314 0.026236
0.89559 0.03085
0.78023 0.027884
0.81079 0.032318
0.8989 0.031133
0.90833 0.033719
0.78302 0.024958
0.91262 0.034912
0.79049 0.024953
0.91939 0.034174
0.91314 0.034645
0.92407 0.033246
0.79986 0.021542
0.92742 0.033639
0.82461 0.026136
0.9333 0.032839
0.93476 0.032559
0.82876 0.022996
0.89994 0.025872
0.83336 0.023158
0.95073 0.03381
0.94701 0.031952
0.95403 0.034478
0.84099 0.021754
0.96128 0.036269
0.87029 0.024464
0.96253 0.035486
0.9614 0.036254
0.87973 0.021855
0.92636 0.026701
0.91246 0.024504
0.93066 0.026364
0.96481 0.034242
0.96641 0.034296
0.91765 0.022712
0.97181 0.034058
0.94069 0.023683
0.97264 0.033952
0.97181 0.034057
0.97248 0.03397
0.96092 0.023493
0.97606 0.033889
0.97173 0.023021
0.97428 0.027254
0.97515 0.033885
0.97768 0.033744
