340
0.024564 0.02045
0.040605 0.023274
0.085338 0.020946
0.033278 0.027626
0.040405 0.027571
0.10698 0.020442
0.097493 0.024101
0.12122 0.023586
0.064541 0.027693
0.04912 0.027595
0.056996 0.027705
0.15206 0.022315
0.06944 0.028377
0.16689 0.022416
0.075658 0.031528
0.073473 0.029969
0.075883 0.03168
0.17908 0.022297
0.089952 0.031565
0.18337 0.024887
0.10951 0.034237
0.11949 0.031382
0.18832 0.026978
0.14336 0.03202
0.19715 0.027557
0.14661 0.033181
0.14318 0.032004
0.14566 0.03267
0.19623 0.030507
0.14703 0.033517
0.21213 0.025836
0.15008 0.034235
0.14698 0.033497
0.15067 0.034564
0.20788 0.031088
0.19596 0.035067
0.22984 0.021745
0.15553 0.035839
0.15547 0.035095
0.15618 0.035461
0.23486 0.028936
0.20395 0.036806
0.25109 0.021434
0.21298 0.035161
0.15754 0.036546
0.25573 0.027534
0.20844 0.037862
0.2641 0.029496
0.22957 0.035057
0.2644 0.034441
0.25046 0.036421
0.27351 0.022344
0.17462 0.037187
0.12571 0.036683
0.19698 0.037836
0.27651 0.022931
0.21961 0.036557
0.2746 0.032861
0.25503 0.037851
0.21146 0.038248
0.2501 0.038923
0.29237 0.02207
0.25837 0.03824
0.28333 0.031597
0.26032 0.038543
0.25948 0.038422
0.30723 0.025791
0.26405 0.039491
0.29663 0.030795
0.27652 0.037677
0.26408 0.0395
0.26006 0.038658
0.32833 0.027272
0.27892 0.036932
0.33042 0.028723
0.27916 0.037626
0.11762 0.038456
0.33823 0.027023
0.097042 0.037558
0.3407 0.027874
0.30147 0.035205
0.10162 0.037809
0.091494 0.036836
0.33606 0.036241
0.065704 0.032176
0.34521 0.032963
0.30805 0.036523
0.073587 0.036448
0.050044 0.032227
0.34773 0.034223
0.038385 0.033539
0.35498 0.02734
0.038491 0.036451
0.036621 0.035236
0.35163 0.037367
0.042204 0.037193
0.35308 0.037765
0.15178 0.038162
0.045493 0.037671
0.35747 0.036314
0.072654 0.036912
0.36454 0.03058
0.063662 0.034131
0.045713 0.037963
0.35919 0.037885
0.044272 0.038209
0.36825 0.028953
0.044193 0.038239
0.04419 0.038207
0.043968 0.038208
0.36529 0.038289
0.064155 0.035081
0.29819 0.038959
0.047192 0.038206
0.044569 0.03827
0.37009 0.037119
0.22022 0.037284
0.37696 0.032164
0.068711 0.036405
0.11274 0.039221
0.23979 0.038443
0.38473 0.023375
0.3288 0.038988
0.40456 0.022039
0.3965 0.026533
0.3246 0.036849
0.39234 0.03224
0.34725 0.038899
0.39992 0.034418
0.30592 0.037905
0.1209 0.038459
0.40111 0.034441
0.42718 0.02539
0.40244 0.034809
0.3679 0.038368
0.44352 0.031506
0.42765 0.027726
0.41159 0.030332
0.43999 0.031581
0.42352 0.029755
0.39351 0.036721
0.45549 0.02039
0.45014 0.021424
0.52498 0.020089
0.53173 0.02022
0.40714 0.024288
0.50913 0.02343
0.41405 0.024075
0.50504 0.025374
0.41395 0.024107
0.41313 0.024726
0.46845 0.025505
0.50953 0.027538
0.45541 0.028544
0.47909 0.024523
0.5041 0.026898
0.52963 0.021765
0.43943 0.034496
0.49639 0.027947
0.51639 0.025417
0.51429 0.02733
0.44845 0.035281
0.47728 0.029501
0.52567 0.02294
0.52771 0.024043
0.47067 0.034433
0.52088 0.026392
0.54515 0.021864
0.54724 0.026965
0.5623 0.021562
0.5776 0.028515
0.54852 0.030081
0.58254 0.029106
0.53712 0.038744
0.57662 0.030358
0.53996 0.025336
0.51555 0.038264
0.57623 0.030325
0.5615 0.030701
0.53948 0.027703
0.53659 0.021996
0.56188 0.031443
0.54529 0.039612
0.47349 0.038584
0.45975 0.03872
0.54724 0.039459
0.43825 0.038161
0.535 0.022564
0.47936 0.036754
0.42424 0.037341
0.42046 0.037818
0.53808 0.026738
0.59567 0.02146
0.58873 0.029843
0.61164 0.028416
0.6165 0.039474
0.59741 0.032831
0.61548 0.039265
0.58272 0.030805
0.59629 0.034398
0.65582 0.039885
0.59172 0.03342
0.59485 0.035313
0.68623 0.036913
0.79072 0.03858
0.55774 0.035425
0.57718 0.038014
0.66077 0.039713
0.60196 0.038402
0.49576 0.039447
0.44476 0.037996
0.60605 0.038775
0.61249 0.022227
0.62711 0.039607
0.62425 0.028764
0.70757 0.03582
0.66328 0.038875
0.904 0.038303
0.67716 0.038356
0.77341 0.038454
0.77425 0.038756
0.66037 0.039743
0.62495 0.039931
0.63857 0.03916
0.8188 0.037775
0.65109 0.039753
0.94251 0.036929
0.92852 0.038816
0.9453 0.036996
0.66887 0.035352
0.9007 0.038301
0.70506 0.035338
0.9586 0.038442
0.95175 0.037875
0.95896 0.03848
0.63617 0.035782
0.96038 0.03859
0.69164 0.03221
0.789 0.03881
0.9606 0.038603
0.67335 0.033027
0.83526 0.037353
0.70384 0.033238
0.95842 0.038306
0.95767 0.038183
0.63544 0.026622
0.82999 0.037072
0.72668 0.035893
0.95397 0.037342
0.9549 0.037943
0.95383 0.037356
0.64025 0.023175
0.95192 0.036704
0.70409 0.0309
0.94299 0.034806
0.94984 0.036303
0.94402 0.034914
0.65696 0.026384
0.7558 0.036606
0.69513 0.028504
0.90282 0.036174
0.92706 0.038206
0.68097 0.026578
0.73735 0.035619
0.67221 0.024227
0.7685 0.035631
0.89837 0.03847
0.88769 0.037578
0.68295 0.023759
0.86724 0.03691
0.7371 0.033984
0.78584 0.038559
0.70318 0.024045
0.78681 0.038407
0.7487 0.033926
0.82867 0.035471
0.8251 0.035118
0.7178 0.024666
0.83422 0.036813
0.72544 0.024974
0.85129 0.036087
0.83352 0.03658
0.85304 0.035551
0.73491 0.026545
0.86821 0.036934
0.74821 0.028045
0.87699 0.038346
0.87582 0.038159
0.74667 0.023525
0.88778 0.036995
0.75963 0.024213
0.79796 0.034763
0.88433 0.038083
0.88786 0.033713
0.77235 0.026171
0.89221 0.031087
0.77952 0.027814
0.81014 0.032414
0.89543 0.031332
0.90477 0.03381
0.78233 0.024917
0.90906 0.034908
0.78985 0.02492
0.91581 0.033928
0.90957 0.034624
0.92065 0.032856
0.79928 0.021542
0.9242 0.033119
0.82379 0.026243
0.93039 0.032103
0.93191 0.031765
0.82786 0.023058
0.89644 0.025969
0.83236 0.023239
0.94991 0.032215
0.94542 0.030602
0.95385 0.033101
0.83982 0.021819
0.96212 0.035464
0.86775 0.024664
0.96322 0.03483
0.96222 0.03546
0.87679 0.021924
0.92301 0.026465
0.90889 0.024505
0.92752 0.026066
0.96529 0.033829
0.96685 0.034021
0.91406 0.022677
0.97207 0.034052
0.93809 0.023364
0.97287 0.033945
0.97208 0.034051
0.97271 0.033963
0.96091 0.023305
0.97619 0.033883
0.97172 0.023019
0.97428 0.02725
0.9753 0.033879
0.97775 0.033737
