340
0.0254 0.02038
0.044544 0.022742
0.090231 0.021034
0.035711 0.026408
0.044307 0.02634
0.10971 0.020463
0.10108 0.024546
0.12423 0.023459
0.07088 0.02808
0.05462 0.026536
0.063861 0.02738
0.15608 0.022489
0.075337 0.029039
0.16853 0.022793
0.081444 0.032378
0.079225 0.030725
0.081669 0.032539
0.17966 0.022314
0.094632 0.033015
0.18425 0.024658
0.11229 0.034308
0.12259 0.031049
0.18955 0.026447
0.1477 0.031855
0.19923 0.026792
0.15143 0.033417
0.1475 0.031807
0.15031 0.032823
0.19838 0.029463
0.15195 0.033809
0.21633 0.025271
0.15541 0.03503
0.15189 0.033782
0.15607 0.035475
0.21168 0.029781
0.199 0.033529
0.23474 0.021807
0.1604 0.037626
0.16021 0.036788
0.16084 0.037306
0.23952 0.029012
0.20852 0.034747
0.25637 0.021335
0.21931 0.033651
0.16212 0.038759
0.26123 0.027071
0.2141 0.035693
0.27008 0.028783
0.23612 0.035624
0.27039 0.033318
0.25562 0.035242
0.28054 0.022124
0.17535 0.038354
0.12941 0.036077
0.20065 0.035926
0.28396 0.022646
0.22686 0.035573
0.28235 0.031564
0.26027 0.036699
0.21841 0.036259
0.2552 0.037543
0.30127 0.021801
0.26383 0.037174
0.29188 0.030575
0.26593 0.037527
0.26502 0.037383
0.31951 0.02488
0.26996 0.038019
0.30623 0.02902
0.28531 0.035738
0.27 0.038025
0.26564 0.037626
0.34198 0.027364
0.28792 0.035036
0.34384 0.028899
0.28833 0.03572
0.12107 0.037988
0.35138 0.027396
0.10112 0.039325
0.35374 0.028311
0.31319 0.032349
0.10476 0.039352
0.096473 0.038803
0.34885 0.036891
0.072317 0.032933
0.35755 0.033591
0.3221 0.034026
0.079979 0.037672
0.055869 0.03065
0.35974 0.034754
0.041985 0.031346
0.36728 0.027407
0.042283 0.03378
0.039853 0.032778
0.36288 0.037694
0.046866 0.034373
0.36432 0.037989
0.15793 0.039659
0.050914 0.034716
0.36914 0.036265
0.07915 0.038185
0.37699 0.030198
0.070715 0.034674
0.051211 0.03497
0.37086 0.03768
0.049472 0.035164
0.381 0.028793
0.049377 0.035194
0.049372 0.035167
0.049101 0.03518
0.37743 0.037662
0.071285 0.035758
0.30994 0.03552
0.053059 0.03533
0.04984 0.035203
0.38295 0.036851
0.22772 0.036476
0.39 0.032983
0.075494 0.037662
0.11565 0.03907
0.24445 0.037957
0.39643 0.023845
0.34262 0.039298
0.41485 0.022195
0.40701 0.026973
0.33875 0.036873
0.40337 0.033429
0.35866 0.039664
0.41018 0.035066
0.31955 0.034893
0.12456 0.037774
0.41135 0.035117
0.43484 0.026127
0.41261 0.035596
0.38031 0.037764
0.44959 0.032364
0.43526 0.028748
0.42138 0.031528
0.44603 0.032531
0.43144 0.031149
0.4047 0.038387
0.46101 0.020401
0.45598 0.021472
0.52869 0.020095
0.53508 0.02023
0.41735 0.024692
0.51367 0.023483
0.42361 0.024594
0.50975 0.025473
0.42353 0.024629
0.42283 0.025311
0.47421 0.025424
0.51405 0.027669
0.46093 0.028787
0.48494 0.024727
0.50885 0.027027
0.53309 0.021883
0.44493 0.035692
0.5011 0.028132
0.52071 0.025712
0.51861 0.027718
0.45389 0.035963
0.48321 0.029832
0.52934 0.023117
0.53127 0.024303
0.4769 0.034483
0.5249 0.026755
0.54837 0.02183
0.55051 0.026781
0.56531 0.02168
0.57908 0.029556
0.55193 0.029882
0.58342 0.030309
0.54275 0.039484
0.57811 0.031598
0.54298 0.025361
0.52019 0.038994
0.57776 0.031554
0.56464 0.03144
0.54248 0.027756
0.53969 0.022034
0.56501 0.032259
0.55055 0.039941
0.48039 0.039109
0.46542 0.038712
0.55233 0.039597
0.44308 0.039735
0.53817 0.022632
0.4856 0.037403
0.43072 0.039647
0.42753 0.040147
0.54115 0.026825
0.59496 0.021634
0.58877 0.031261
0.60935 0.029328
0.61342 0.041301
0.59617 0.034281
0.61251 0.041117
0.58343 0.032227
0.59505 0.036005
0.64993 0.039821
0.59109 0.035058
0.59369 0.037018
0.68416 0.038078
0.7748 0.037592
0.56185 0.036098
0.57814 0.040101
0.65501 0.038681
0.59985 0.040283
0.49912 0.040147
0.45003 0.039294
0.60391 0.040729
0.61012 0.022457
0.62326 0.040851
0.6209 0.029389
0.70268 0.039253
0.65779 0.037413
0.8966 0.039545
0.67567 0.037525
0.7558 0.038202
0.75669 0.038298
0.65459 0.038788
0.62124 0.041338
0.63399 0.040163
0.80259 0.037597
0.64554 0.040111
0.93491 0.035691
0.9211 0.038254
0.93792 0.03532
0.66502 0.033511
0.89401 0.039466
0.7008 0.038333
0.95423 0.035396
0.94584 0.035119
0.95468 0.035435
0.63191 0.036685
0.95641 0.035551
0.68856 0.033495
0.7733 0.037716
0.95668 0.035567
0.67049 0.031703
0.81855 0.037058
0.69949 0.035728
0.95403 0.03528
0.95311 0.035164
0.6315 0.02703
0.81386 0.036858
0.71575 0.040173
0.94864 0.034455
0.94973 0.0349
0.94847 0.034477
0.63589 0.02336
0.94617 0.034109
0.69944 0.033006
0.93567 0.033659
0.94364 0.03404
0.93676 0.033619
0.65204 0.026278
0.73903 0.03955
0.6914 0.029584
0.89582 0.037348
0.91962 0.037602
0.67865 0.026524
0.72372 0.039592
0.66892 0.023744
0.75093 0.036463
0.89196 0.038886
0.88059 0.035225
0.68049 0.023819
0.85346 0.033234
0.72395 0.037523
0.76977 0.037161
0.69848 0.024814
0.77096 0.037065
0.73312 0.036792
0.81271 0.035319
0.80886 0.035068
0.71022 0.025914
0.81765 0.036484
0.71619 0.026294
0.83401 0.034765
0.81702 0.036344
0.83593 0.033883
0.72371 0.028305
0.85465 0.033212
0.73431 0.029748
0.86664 0.034418
0.86508 0.034294
0.73302 0.02429
0.88072 0.034752
0.74405 0.024779
0.78198 0.035405
0.87633 0.034818
0.88084 0.031957
0.75575 0.026179
0.88617 0.03043
0.76324 0.027232
0.79347 0.032862
0.8892 0.031219
0.89743 0.034755
0.76638 0.024561
0.90122 0.035662
0.77497 0.024607
0.90789 0.033862
0.90169 0.035338
0.91297 0.032411
0.78433 0.021625
0.91668 0.03262
0.8079 0.026228
0.92348 0.031771
0.92502 0.031458
0.8121 0.023058
0.89015 0.025987
0.81646 0.023234
0.94418 0.030513
0.93884 0.029548
0.94885 0.030928
0.82424 0.021808
0.95871 0.032966
0.85533 0.023668
0.96011 0.032452
0.95885 0.032965
0.86726 0.021521
0.91565 0.026208
0.90151 0.024757
0.92065 0.025875
0.96264 0.031639
0.96447 0.03182
0.90649 0.02274
0.97064 0.031938
0.93123 0.023247
0.97159 0.031848
0.97064 0.031937
0.9714 0.031864
0.95739 0.022768
0.9755 0.031795
0.97026 0.022564
0.97327 0.02616
0.97445 0.031792
0.97734 0.031671
