340
0.025803 0.020354
0.046281 0.022584
0.094296 0.021006
0.036883 0.025994
0.046031 0.025975
0.11378 0.020482
0.10526 0.024558
0.12711 0.023919
0.074091 0.027684
0.056932 0.026188
0.066685 0.026993
0.15616 0.022382
0.078793 0.028624
0.17036 0.022553
0.085151 0.031863
0.082843 0.030262
0.085385 0.03202
0.18193 0.022382
0.098868 0.032824
0.18613 0.025029
0.1161 0.035118
0.12549 0.03238
0.19098 0.027126
0.14738 0.032404
0.19963 0.027713
0.15051 0.033428
0.1472 0.032397
0.14961 0.032948
0.19872 0.030725
0.1509 0.033767
0.21431 0.025949
0.15389 0.034589
0.15085 0.033747
0.15447 0.034943
0.21014 0.03131
0.19846 0.035379
0.23172 0.021768
0.15931 0.036397
0.15929 0.035626
0.15998 0.036025
0.23667 0.02897
0.20629 0.037147
0.25311 0.021401
0.21515 0.03545
0.16128 0.037193
0.25785 0.027337
0.21069 0.038221
0.26648 0.029199
0.23145 0.03526
0.26679 0.033986
0.25246 0.036048
0.27622 0.022258
0.17763 0.037961
0.13047 0.038433
0.19946 0.038205
0.27932 0.022819
0.22165 0.036846
0.27735 0.032382
0.25714 0.037394
0.21366 0.038604
0.2521 0.038497
0.29591 0.02198
0.26056 0.037735
0.28645 0.031111
0.26257 0.038006
0.2617 0.037898
0.31142 0.025558
0.26643 0.038881
0.30037 0.030334
0.27933 0.037
0.26646 0.03889
0.2623 0.038121
0.3331 0.027184
0.28183 0.036262
0.33521 0.028643
0.28208 0.036926
0.12342 0.039954
0.3431 0.027038
0.10513 0.039378
0.34555 0.027919
0.30541 0.03457
0.10864 0.039599
0.10068 0.03862
0.34093 0.036225
0.075607 0.032312
0.34998 0.033122
0.31227 0.035867
0.083623 0.036918
0.058252 0.030085
0.35247 0.034459
0.043576 0.030671
0.35959 0.02757
0.043891 0.032963
0.041322 0.031996
0.3563 0.037792
0.048736 0.033574
0.35772 0.038252
0.15536 0.03867
0.053015 0.033927
0.36204 0.036908
0.082762 0.0374
0.36874 0.031117
0.073916 0.033953
0.053328 0.034169
0.3637 0.038598
0.051491 0.034349
0.37225 0.029484
0.05139 0.034377
0.051384 0.034351
0.051098 0.034362
0.36951 0.039244
0.074518 0.03499
0.302 0.038154
0.055282 0.034511
0.051879 0.034387
0.37407 0.03826
0.22224 0.037583
0.38053 0.033319
0.078958 0.036853
0.11893 0.040516
0.24156 0.038346
0.38736 0.023803
0.33357 0.03877
0.40439 0.02245
0.39763 0.027674
0.32931 0.036564
0.39423 0.03421
0.35199 0.039196
0.40101 0.037115
0.31006 0.037173
0.12627 0.040139
0.40193 0.037198
0.42374 0.025686
0.40296 0.0377
0.37199 0.039435
0.44009 0.031393
0.42421 0.028113
0.41005 0.03259
0.43644 0.031494
0.42001 0.030671
0.39555 0.039489
0.45226 0.020386
0.44685 0.021404
0.52166 0.020087
0.52892 0.020205
0.40649 0.02519
0.50651 0.023642
0.41213 0.024857
0.50272 0.025537
0.41205 0.0249
0.41138 0.025679
0.46524 0.025575
0.50688 0.028029
0.45218 0.028456
0.47563 0.024473
0.50185 0.027059
0.52665 0.021666
0.43571 0.03439
0.49403 0.027663
0.51323 0.025639
0.51128 0.027744
0.44499 0.03508
0.47387 0.029487
0.5224 0.02286
0.52459 0.023873
0.46747 0.034681
0.51739 0.026446
0.54337 0.021734
0.54561 0.026482
0.56169 0.021499
0.5773 0.028423
0.54699 0.029384
0.58228 0.029064
0.53425 0.037399
0.5763 0.030234
0.53777 0.024959
0.51206 0.039138
0.5759 0.030197
0.56087 0.030249
0.53725 0.027157
0.53415 0.021853
0.56126 0.030971
0.54327 0.03824
0.47033 0.038909
0.45652 0.038669
0.54539 0.038106
0.43427 0.038039
0.53243 0.02238
0.4761 0.036528
0.41969 0.038889
0.4164 0.040115
0.53575 0.026259
0.59534 0.021469
0.58843 0.029874
0.61118 0.028489
0.616 0.039584
0.59707 0.032917
0.61499 0.039386
0.58245 0.030758
0.59596 0.034491
0.6556 0.039619
0.59141 0.033493
0.59453 0.035407
0.68611 0.037081
0.78965 0.038214
0.55684 0.034629
0.57686 0.03781
0.66062 0.039506
0.60159 0.038543
0.4943 0.038702
0.44111 0.037801
0.60565 0.038937
0.61202 0.022245
0.62659 0.039585
0.62372 0.02877
0.7071 0.036154
0.66315 0.038703
0.89828 0.040148
0.6771 0.038382
0.77209 0.03829
0.77293 0.038579
0.66023 0.039531
0.62442 0.039937
0.63809 0.038993
0.81864 0.037394
0.6508 0.039436
0.93367 0.036006
0.92062 0.039553
0.93658 0.035499
0.66877 0.035261
0.89561 0.040137
0.70464 0.035646
0.95307 0.03493
0.94444 0.034959
0.95353 0.034959
0.63568 0.03567
0.9553 0.035041
0.69144 0.032385
0.7879 0.038462
0.95559 0.035051
0.67328 0.032998
0.83592 0.038271
0.70345 0.033496
0.95285 0.034821
0.95191 0.034725
0.63494 0.026579
0.83031 0.0369
0.7258 0.036237
0.94731 0.034189
0.94844 0.034579
0.94714 0.034217
0.63977 0.023143
0.94478 0.033947
0.70369 0.031114
0.93438 0.033905
0.94217 0.033979
0.93544 0.033822
0.65676 0.026303
0.75445 0.036722
0.69488 0.028638
0.8973 0.037822
0.9193 0.038957
0.68092 0.026611
0.73624 0.035905
0.67213 0.024213
0.76714 0.035552
0.89353 0.040356
0.88394 0.038672
0.68287 0.023785
0.86243 0.037666
0.73599 0.034242
0.78467 0.038251
0.7028 0.024123
0.78566 0.03809
0.74742 0.034105
0.82882 0.035211
0.82509 0.034839
0.71711 0.024769
0.83476 0.037485
0.72458 0.025083
0.84904 0.039913
0.834 0.037102
0.85033 0.038906
0.73385 0.026672
0.8635 0.037492
0.74694 0.02815
0.87311 0.03841
0.87181 0.038105
0.74542 0.023574
0.88397 0.038057
0.75823 0.024227
0.79703 0.034437
0.881 0.038886
0.88373 0.034563
0.77101 0.02612
0.88742 0.03203
0.77824 0.027715
0.80955 0.032096
0.89038 0.032561
0.89871 0.035256
0.78109 0.024846
0.90262 0.036449
0.78876 0.024826
0.90873 0.034923
0.90307 0.036138
0.91311 0.033578
0.79837 0.021507
0.91644 0.033743
0.82349 0.026125
0.92253 0.032502
0.92399 0.0321
0.82763 0.023006
0.89119 0.026622
0.83219 0.023292
0.94272 0.030452
0.93743 0.029635
0.94753 0.03072
0.83972 0.022016
0.95767 0.032506
0.86339 0.024838
0.95911 0.03199
0.95781 0.032503
0.87255 0.021929
0.91533 0.026788
0.90227 0.024993
0.91986 0.026307
0.96174 0.031173
0.96366 0.031322
0.90703 0.022931
0.97015 0.03135
0.93002 0.023349
0.97115 0.031264
0.97016 0.031349
0.97095 0.031278
0.95631 0.022674
0.97526 0.031213
0.96975 0.022439
0.97292 0.025856
0.97417 0.03121
0.9772 0.031096
