340
0.025316 0.020386
0.043866 0.022915
0.087271 0.021072
0.035465 0.026632
0.043646 0.026736
0.10727 0.020445
0.097956 0.02441
0.12171 0.023499
0.068708 0.028292
0.053207 0.027016
0.061772 0.027722
0.15322 0.02231
0.073112 0.029328
0.16804 0.022427
0.078702 0.032926
0.076738 0.031151
0.078905 0.033099
0.18016 0.02231
0.091327 0.033073
0.18442 0.024917
0.10983 0.034077
0.11994 0.031126
0.18934 0.027022
0.14449 0.031872
0.19812 0.027601
0.14775 0.033083
0.14431 0.031853
0.1468 0.032558
0.1972 0.030569
0.14818 0.033425
0.21302 0.025864
0.15123 0.034191
0.14812 0.033404
0.15182 0.034523
0.20879 0.031147
0.19694 0.035156
0.23067 0.021748
0.15671 0.035828
0.15665 0.035085
0.15735 0.035455
0.23569 0.028931
0.20488 0.036899
0.25199 0.021424
0.21387 0.035231
0.15872 0.036549
0.25666 0.027476
0.20935 0.037957
0.2651 0.029414
0.2304 0.035081
0.2654 0.034315
0.25135 0.036306
0.2746 0.022321
0.17572 0.037284
0.12636 0.036201
0.19795 0.03794
0.27762 0.022901
0.22046 0.036613
0.2757 0.032733
0.25596 0.037716
0.21236 0.038338
0.25099 0.038791
0.29367 0.022046
0.25932 0.038094
0.28453 0.031469
0.26128 0.03839
0.26044 0.038272
0.30869 0.025731
0.26505 0.039321
0.29798 0.030674
0.27763 0.037496
0.26508 0.039331
0.26102 0.038505
0.32992 0.027268
0.28006 0.036754
0.33201 0.028729
0.2803 0.03744
0.11804 0.038075
0.33982 0.027062
0.09756 0.038939
0.34227 0.02793
0.30287 0.03504
0.10184 0.038621
0.092682 0.038838
0.33765 0.03631
0.069754 0.033269
0.34673 0.033093
0.30952 0.036352
0.076841 0.038401
0.05422 0.031398
0.34922 0.034387
0.041397 0.031969
0.35637 0.027458
0.041518 0.034548
0.039358 0.033393
0.35306 0.037611
0.045619 0.035383
0.3545 0.03803
0.15294 0.03812
0.049228 0.035973
0.35883 0.036602
0.076002 0.038901
0.36575 0.030813
0.067918 0.035104
0.049469 0.036248
0.36053 0.038219
0.047889 0.036397
0.36938 0.02917
0.047801 0.03642
0.047799 0.036391
0.047555 0.036381
0.36648 0.0387
0.068361 0.036195
0.29956 0.038748
0.051092 0.036566
0.048214 0.036467
0.37117 0.037556
0.22106 0.037341
0.37787 0.032533
0.072457 0.038232
0.1131 0.038921
0.24061 0.038393
0.38538 0.023496
0.33039 0.038982
0.40451 0.022104
0.3967 0.026768
0.32618 0.036808
0.3927 0.032705
0.34874 0.039112
0.39999 0.03491
0.30738 0.037717
0.12139 0.038016
0.40115 0.034925
0.42657 0.025494
0.40244 0.035295
0.36903 0.03881
0.44267 0.0316
0.42703 0.027873
0.41134 0.030622
0.43915 0.031705
0.42297 0.029963
0.39382 0.037347
0.45459 0.02039
0.44926 0.021429
0.52376 0.02009
0.53054 0.020219
0.40702 0.024419
0.50813 0.023498
0.41373 0.024184
0.50412 0.025464
0.41363 0.024217
0.41284 0.024854
0.46762 0.025457
0.50852 0.027691
0.45451 0.028544
0.47836 0.024508
0.50321 0.027009
0.52842 0.02176
0.4386 0.034657
0.49559 0.028027
0.51524 0.025493
0.51318 0.027452
0.44758 0.035353
0.47654 0.029457
0.52445 0.022946
0.52649 0.024041
0.46986 0.034292
0.51964 0.026444
0.5441 0.021831
0.54623 0.026827
0.56163 0.021533
0.57719 0.028408
0.54755 0.029869
0.58219 0.029012
0.53595 0.03855
0.57619 0.030223
0.5388 0.025267
0.51441 0.038538
0.57579 0.030189
0.56083 0.030498
0.53832 0.027606
0.53542 0.021976
0.56121 0.031228
0.54425 0.03926
0.47271 0.038442
0.45884 0.038667
0.54623 0.039075
0.43745 0.038378
0.53382 0.022543
0.47864 0.036703
0.42368 0.037704
0.41996 0.038229
0.53692 0.026662
0.5954 0.021451
0.58841 0.029769
0.61143 0.028395
0.61631 0.039431
0.59715 0.032762
0.61529 0.039221
0.58236 0.030694
0.59603 0.034317
0.65569 0.039854
0.59143 0.033331
0.59458 0.035223
0.6861 0.036955
0.79054 0.038391
0.55698 0.035112
0.57676 0.037784
0.66065 0.039692
0.60173 0.038321
0.49496 0.039634
0.4439 0.038128
0.60583 0.038709
0.61228 0.022222
0.62694 0.039577
0.62407 0.028749
0.70737 0.03589
0.66317 0.038859
0.9021 0.038755
0.67705 0.038374
0.77309 0.038349
0.77393 0.038645
0.66026 0.039721
0.62478 0.039898
0.63842 0.039128
0.81893 0.03774
0.65096 0.039713
0.94015 0.036458
0.92613 0.03893
0.94309 0.036395
0.66876 0.035347
0.89889 0.038723
0.70487 0.035404
0.9571 0.037389
0.94989 0.036958
0.95748 0.037419
0.63601 0.035757
0.95897 0.0375
0.69149 0.032249
0.78881 0.038625
0.95921 0.03751
0.67324 0.033031
0.83526 0.037715
0.70365 0.033293
0.95691 0.037263
0.95612 0.037159
0.63528 0.026612
0.83004 0.037241
0.72639 0.035962
0.95223 0.03642
0.95321 0.036975
0.95208 0.036435
0.6401 0.023169
0.95007 0.035844
0.7039 0.030946
0.94066 0.034375
0.94787 0.035528
0.94175 0.034438
0.65684 0.026375
0.75543 0.036604
0.69497 0.028534
0.90096 0.036564
0.92467 0.03835
0.68086 0.026588
0.73701 0.035672
0.6721 0.024228
0.76815 0.035563
0.8966 0.038875
0.88611 0.037902
0.68283 0.023767
0.86604 0.037327
0.73676 0.034032
0.78561 0.038392
0.70299 0.024061
0.78659 0.038236
0.74833 0.033952
0.82873 0.035603
0.8252 0.035189
0.71755 0.024687
0.83422 0.037127
0.72515 0.024996
0.85068 0.036908
0.83353 0.036865
0.85234 0.0363
0.73458 0.026569
0.86699 0.037323
0.74785 0.028061
0.87561 0.038687
0.87446 0.038497
0.74631 0.023533
0.8862 0.037308
0.75925 0.024207
0.79785 0.034607
0.88282 0.038417
0.88628 0.033966
0.77202 0.026137
0.89055 0.031296
0.77923 0.027757
0.81017 0.032276
0.89371 0.031564
0.90286 0.034156
0.78206 0.024877
0.90703 0.035313
0.78966 0.024871
0.91359 0.034239
0.90752 0.035025
0.91829 0.033064
0.79919 0.021526
0.92182 0.033272
0.8239 0.026264
0.92799 0.032147
0.92952 0.031774
0.82793 0.023081
0.89471 0.026094
0.83238 0.023287
0.94795 0.031632
0.94322 0.030224
0.9521 0.032406
0.83977 0.021874
0.96083 0.034535
0.86654 0.024775
0.96201 0.033925
0.96095 0.03453
0.87541 0.02196
0.92064 0.02655
0.90686 0.024627
0.92513 0.02611
0.96424 0.032961
0.9659 0.033122
0.91189 0.022743
0.9715 0.03311
0.93568 0.02331
0.97236 0.03301
0.97151 0.033109
0.97219 0.033027
0.95954 0.02311
0.97591 0.032952
0.97113 0.022817
0.97387 0.026764
0.97496 0.032949
0.97759 0.032816
