340
0.024908 0.020418
0.042841 0.022724
0.097789 0.02071
0.034173 0.026837
0.042441 0.026311
0.12826 0.020252
0.11437 0.022897
0.15933 0.021886
0.072936 0.026762
0.053419 0.025918
0.064382 0.02603
0.20857 0.021624
0.078604 0.027365
0.22695 0.022057
0.087544 0.029235
0.084071 0.028392
0.087888 0.029296
0.24022 0.022309
0.10866 0.028609
0.24482 0.024912
0.13911 0.02686
0.16007 0.02586
0.24877 0.027656
0.19706 0.027529
0.25649 0.028965
0.20347 0.028553
0.19682 0.027497
0.20132 0.028174
0.25515 0.03243
0.20451 0.0288
0.26959 0.026951
0.21012 0.029698
0.2044 0.028782
0.21121 0.030001
0.26493 0.032878
0.25421 0.037433
0.28233 0.02255
0.21784 0.031764
0.21714 0.031203
0.21823 0.031602
0.28482 0.032216
0.25964 0.03907
0.2996 0.021538
0.27061 0.037863
0.22087 0.032736
0.30384 0.028073
0.26459 0.040183
0.31186 0.02912
0.28106 0.041528
0.31172 0.033781
0.29793 0.036948
0.32253 0.022156
0.23866 0.038668
0.18598 0.029618
0.25461 0.04346
0.32602 0.0229
0.27544 0.042036
0.3238 0.032043
0.30169 0.039671
0.26902 0.042016
0.29695 0.040173
0.33969 0.022287
0.30547 0.039506
0.3322 0.03269
0.30737 0.039463
0.30657 0.039488
0.35318 0.027852
0.31066 0.03958
0.34315 0.031777
0.32566 0.037908
0.31069 0.039588
0.30711 0.039743
0.36599 0.02874
0.32772 0.037586
0.36762 0.029903
0.32763 0.039612
0.17651 0.029661
0.37686 0.026638
0.12918 0.031885
0.37956 0.027582
0.34879 0.037523
0.13418 0.031669
0.11945 0.032259
0.37273 0.035309
0.076314 0.030445
0.38486 0.033963
0.35363 0.042102
0.089837 0.033192
0.053559 0.029549
0.38717 0.036559
0.038934 0.031556
0.39244 0.029656
0.038992 0.034195
0.036933 0.03334
0.39069 0.041923
0.042966 0.034613
0.39175 0.042911
0.21929 0.035161
0.046343 0.034817
0.39426 0.041124
0.089633 0.034005
0.39873 0.033506
0.074568 0.031611
0.046582 0.03518
0.39519 0.043995
0.044942 0.035627
0.402 0.03199
0.044856 0.035681
0.044855 0.035637
0.044622 0.035675
0.39923 0.042783
0.075783 0.032379
0.34336 0.041876
0.048559 0.035509
0.045252 0.035668
0.40411 0.04233
0.27575 0.044747
0.40879 0.03978
0.084447 0.033986
0.16224 0.030332
0.28429 0.044474
0.41247 0.026422
0.36377 0.044957
0.42462 0.022645
0.41842 0.030431
0.36203 0.045587
0.41463 0.041354
0.38759 0.043551
0.41882 0.041184
0.35244 0.044724
0.19011 0.032002
0.41988 0.040574
0.4404 0.028057
0.42085 0.040569
0.40185 0.043692
0.45311 0.033686
0.4407 0.03146
0.42983 0.034313
0.44963 0.033768
0.43747 0.034321
0.41353 0.054864
0.46325 0.02043
0.45943 0.021665
0.52234 0.02012
0.52764 0.020281
0.42672 0.025713
0.51055 0.023914
0.43246 0.025819
0.50658 0.025776
0.43239 0.025861
0.43174 0.026699
0.47691 0.02537
0.5109 0.028686
0.46319 0.029428
0.48644 0.026395
0.50565 0.027353
0.52606 0.022372
0.44809 0.037231
0.49803 0.029191
0.51635 0.026985
0.51469 0.029248
0.45688 0.037872
0.48489 0.03285
0.52291 0.023966
0.52456 0.025479
0.47833 0.034366
0.51933 0.028502
0.53885 0.022545
0.54054 0.03018
0.54793 0.023211
0.55692 0.033673
0.54117 0.035772
0.55957 0.034865
0.53095 0.043841
0.55572 0.036828
0.53403 0.026573
0.51497 0.04372
0.55547 0.036839
0.54696 0.04226
0.53358 0.02946
0.53118 0.022456
0.547 0.043684
0.5385 0.04879
0.47957 0.041351
0.4641 0.040533
0.53999 0.050641
0.44597 0.041857
0.52999 0.023169
0.48553 0.041804
0.43523 0.044857
0.43356 0.045964
0.53238 0.028247
0.56773 0.022397
0.56283 0.036504
0.5767 0.035447
0.58159 0.049136
0.56702 0.040381
0.58068 0.049018
0.55911 0.037524
0.56587 0.042565
0.6066 0.051903
0.56344 0.041857
0.5648 0.043965
0.6305 0.038852
0.71877 0.045617
0.54492 0.050171
0.55339 0.050041
0.60973 0.048182
0.56867 0.048401
0.4939 0.045781
0.45278 0.041496
0.57178 0.049128
0.57717 0.023981
0.59008 0.045795
0.58456 0.032308
0.65315 0.039085
0.61097 0.045169
0.85263 0.029664
0.62302 0.040776
0.70686 0.042847
0.70753 0.042927
0.60953 0.048441
0.58871 0.048071
0.59847 0.049815
0.74056 0.037642
0.6041 0.051207
0.93327 0.031705
0.90631 0.03243
0.9376 0.031657
0.61472 0.038975
0.82536 0.031325
0.65009 0.036814
0.9554 0.035304
0.94631 0.032968
0.95591 0.035456
0.59569 0.042807
0.95748 0.035947
0.6355 0.033578
0.71795 0.044875
0.95775 0.036027
0.6188 0.035383
0.75378 0.035127
0.64816 0.034329
0.95517 0.03505
0.95401 0.034669
0.59297 0.029811
0.74992 0.034798
0.66621 0.040788
0.94924 0.032565
0.95024 0.033488
0.94906 0.032553
0.59581 0.02478
0.94686 0.031555
0.64776 0.031864
0.93488 0.029641
0.94444 0.030811
0.93638 0.029662
0.60665 0.029438
0.68822 0.041551
0.63895 0.029364
0.85667 0.028675
0.90648 0.03123
0.62648 0.027319
0.67366 0.040981
0.61806 0.025052
0.70103 0.03794
0.81712 0.031717
0.80248 0.033491
0.62804 0.024156
0.78373 0.034363
0.67368 0.038093
0.7161 0.042298
0.64627 0.024412
0.71679 0.041953
0.68183 0.037302
0.75045 0.032689
0.74694 0.033075
0.65908 0.025877
0.75524 0.032631
0.66459 0.026487
0.77442 0.032975
0.75463 0.032619
0.77613 0.033009
0.672 0.028658
0.78669 0.033029
0.68209 0.030256
0.79918 0.032283
0.79713 0.032559
0.68064 0.024531
0.81212 0.030624
0.69131 0.0252
0.72454 0.039058
0.80713 0.03121
0.8312 0.027778
0.70194 0.026994
0.84689 0.026966
0.70801 0.027973
0.73306 0.032703
0.85071 0.026924
0.86608 0.027487
0.71085 0.025227
0.87647 0.027585
0.71862 0.025498
0.89008 0.027283
0.87781 0.027514
0.89972 0.027554
0.7257 0.021983
0.90648 0.027715
0.74869 0.025504
0.91647 0.027533
0.91889 0.027429
0.75321 0.022562
0.85666 0.0238
0.7589 0.022435
0.94572 0.028088
0.93947 0.026814
0.95055 0.02935
0.77136 0.02121
0.96084 0.033045
0.80601 0.022805
0.96238 0.032898
0.96098 0.033075
0.82674 0.021021
0.9045 0.023939
0.8791 0.022486
0.91211 0.023784
0.96487 0.032665
0.96646 0.033252
0.88856 0.021464
0.97187 0.034357
0.92725 0.022208
0.9727 0.034249
0.97187 0.034356
0.97253 0.034268
0.96114 0.022839
0.9761 0.034186
0.9719 0.023083
0.9744 0.027408
0.97519 0.034182
0.9777 0.034037
