340
0.024473 0.020459
0.040821 0.022984
0.090609 0.020804
0.032917 0.027498
0.040456 0.026913
0.11686 0.020297
0.10501 0.023382
0.14326 0.022189
0.068282 0.027437
0.050489 0.026478
0.0605 0.026616
0.18746 0.021675
0.073438 0.028144
0.20611 0.021894
0.081491 0.030307
0.078392 0.029332
0.081797 0.030379
0.22128 0.021718
0.10013 0.029955
0.22833 0.023239
0.12601 0.02811
0.1439 0.026802
0.2349 0.024548
0.17651 0.0281
0.24884 0.024705
0.18251 0.028977
0.17629 0.028074
0.18046 0.028648
0.24667 0.026651
0.1835 0.029201
0.27565 0.023439
0.18898 0.029955
0.1834 0.029186
0.19006 0.030227
0.2672 0.026343
0.24779 0.029148
0.30061 0.021351
0.19659 0.031595
0.1959 0.031092
0.19697 0.031406
0.30648 0.026472
0.26148 0.029019
0.32851 0.021358
0.28468 0.028445
0.19959 0.032297
0.3326 0.028036
0.27379 0.029516
0.34023 0.029675
0.30806 0.031321
0.34014 0.034614
0.32844 0.034514
0.35018 0.022312
0.2205 0.034146
0.16641 0.030764
0.25436 0.031753
0.35348 0.023095
0.29872 0.031217
0.35121 0.032917
0.3321 0.038775
0.28675 0.030368
0.32853 0.037199
0.36686 0.022183
0.33519 0.039918
0.35892 0.032787
0.33673 0.040319
0.33608 0.040174
0.38139 0.027804
0.33938 0.040824
0.37083 0.03102
0.35249 0.03916
0.3394 0.040835
0.33655 0.040629
0.39361 0.029465
0.35438 0.038652
0.39515 0.030798
0.35412 0.040861
0.15811 0.031086
0.40362 0.027297
0.11764 0.034023
0.40606 0.028339
0.37757 0.036463
0.12185 0.033802
0.10935 0.034378
0.40017 0.036796
0.071354 0.031523
0.4106 0.035347
0.3842 0.042788
0.083532 0.034758
0.050617 0.030453
0.41246 0.038183
0.037255 0.032665
0.41764 0.030575
0.037308 0.035557
0.035431 0.034625
0.41501 0.044761
0.040936 0.036007
0.41574 0.046026
0.19804 0.034799
0.044022 0.036222
0.41789 0.043638
0.08335 0.035664
0.42282 0.034743
0.069766 0.032786
0.044241 0.036619
0.41827 0.047369
0.042741 0.037112
0.42605 0.032869
0.042663 0.037172
0.042662 0.037124
0.042449 0.037166
0.42171 0.045725
0.070871 0.033648
0.37106 0.04073
0.046047 0.036975
0.043025 0.037157
0.42584 0.044452
0.30481 0.034051
0.43038 0.039999
0.07873 0.035559
0.14577 0.031981
0.3171 0.036814
0.43638 0.026264
0.39395 0.048643
0.44966 0.022745
0.44308 0.029802
0.39266 0.04926
0.43649 0.040764
0.41242 0.04694
0.44262 0.039953
0.38335 0.046215
0.17014 0.033257
0.4441 0.039346
0.46225 0.031984
0.44537 0.039542
0.4237 0.046804
0.47055 0.042488
0.46255 0.037125
0.45499 0.037069
0.46831 0.042225
0.46055 0.040306
0.43266 0.058379
0.47612 0.020721
0.47388 0.022793
0.51895 0.020139
0.52351 0.020326
0.45177 0.02626
0.50862 0.024459
0.45666 0.027375
0.50512 0.026907
0.4566 0.027415
0.4561 0.028345
0.48437 0.028636
0.50893 0.029889
0.47643 0.03579
0.49048 0.029924
0.5043 0.028914
0.52215 0.022744
0.46744 0.047222
0.49825 0.03242
0.51373 0.027992
0.51232 0.030561
0.47338 0.048999
0.49105 0.040007
0.51944 0.024572
0.52086 0.026329
0.48701 0.042841
0.51636 0.02976
0.53317 0.023123
0.53478 0.032649
0.54029 0.024202
0.54691 0.038797
0.53566 0.039674
0.54873 0.040538
0.52789 0.048349
0.5461 0.043349
0.52901 0.027779
0.5154 0.048297
0.54593 0.043338
0.5404 0.049692
0.52871 0.03116
0.52656 0.022862
0.54064 0.051723
0.53522 0.056508
0.48949 0.052386
0.47855 0.052707
0.53713 0.059505
0.46618 0.054322
0.52553 0.023683
0.49398 0.052116
0.45969 0.05545
0.45872 0.056218
0.52759 0.029657
0.55466 0.023292
0.5509 0.043065
0.56011 0.041098
0.56108 0.062897
0.55344 0.049252
0.5606 0.062892
0.54838 0.04469
0.5527 0.052714
0.57839 0.05643
0.55117 0.051583
0.55212 0.054916
0.60434 0.042111
0.69149 0.032169
0.54108 0.060439
0.54615 0.063238
0.58329 0.051383
0.55442 0.06227
0.50079 0.055199
0.47069 0.054227
0.556 0.063865
0.56153 0.025393
0.56689 0.054826
0.56616 0.036177
0.62513 0.039382
0.5854 0.048016
0.86681 0.031103
0.59801 0.044039
0.67715 0.034152
0.67796 0.033898
0.58299 0.051704
0.56544 0.058662
0.57174 0.057174
0.75781 0.031431
0.57612 0.056575
0.93794 0.033146
0.91404 0.03402
0.94179 0.033049
0.59025 0.041595
0.84332 0.033189
0.6223 0.037347
0.95781 0.036983
0.94963 0.034421
0.95827 0.037152
0.57195 0.048866
0.95968 0.037694
0.60908 0.035635
0.69185 0.031523
0.95992 0.037783
0.59469 0.037856
0.77598 0.03265
0.62068 0.034935
0.95761 0.036702
0.95656 0.036282
0.57308 0.032297
0.77097 0.031817
0.63854 0.040648
0.95226 0.033952
0.95317 0.034975
0.95211 0.03394
0.57583 0.025893
0.95012 0.032844
0.62062 0.032387
0.93937 0.030814
0.94794 0.032039
0.9407 0.030826
0.58473 0.031015
0.66121 0.042715
0.6126 0.03046
0.87035 0.029936
0.91419 0.032666
0.60216 0.028611
0.64723 0.040582
0.59497 0.025873
0.67338 0.032545
0.83625 0.033575
0.82353 0.035458
0.60345 0.024894
0.80694 0.035752
0.64721 0.037582
0.69429 0.029589
0.61945 0.024649
0.69646 0.029306
0.65613 0.037432
0.77194 0.030216
0.76737 0.029938
0.63216 0.025886
0.778 0.030765
0.63762 0.026401
0.7983 0.033414
0.77724 0.030677
0.79996 0.033621
0.6453 0.028406
0.8096 0.034482
0.65571 0.030329
0.82067 0.034014
0.81889 0.034286
0.65422 0.024545
0.83191 0.032269
0.66453 0.025048
0.71902 0.027646
0.82757 0.032907
0.84832 0.029062
0.6768 0.024438
0.86182 0.028039
0.68936 0.023462
0.7455 0.026594
0.86513 0.027967
0.87858 0.028552
0.69583 0.022254
0.88768 0.028634
0.71397 0.022304
0.89968 0.028249
0.88886 0.028549
0.9082 0.028536
0.73073 0.020918
0.91419 0.028702
0.76993 0.024337
0.92305 0.028495
0.9252 0.028379
0.77561 0.022134
0.87034 0.024352
0.78235 0.022169
0.94909 0.028998
0.94347 0.027617
0.95345 0.03038
0.79528 0.021222
0.96272 0.03447
0.8266 0.023226
0.9641 0.034304
0.96284 0.034503
0.8445 0.02119
0.91243 0.024445
0.89 0.022827
0.91918 0.024267
0.96635 0.034043
0.96779 0.034692
0.89834 0.021658
0.97266 0.035913
0.93261 0.022489
0.97342 0.035794
0.97267 0.035912
0.97326 0.035814
0.96298 0.023149
0.97648 0.035723
0.97269 0.023417
0.97495 0.028211
0.97566 0.035719
0.97793 0.035558
