340
0.024606 0.020446
0.04144 0.022898
0.092896 0.02077
0.0333 0.027281
0.041063 0.026714
0.12057 0.02028
0.10802 0.023201
0.14873 0.022059
0.069735 0.027208
0.051395 0.02629
0.061705 0.026418
0.19537 0.021603
0.075056 0.027875
0.21491 0.021806
0.08339 0.029925
0.080167 0.029001
0.083709 0.029993
0.23071 0.021668
0.10285 0.02946
0.23794 0.023187
0.13033 0.027598
0.14941 0.026398
0.2446 0.024548
0.18393 0.027713
0.25827 0.024895
0.1902 0.028578
0.1837 0.027686
0.18806 0.028254
0.25615 0.026866
0.19124 0.028796
0.28279 0.024181
0.19697 0.029524
0.19114 0.028781
0.19809 0.029782
0.2753 0.027154
0.25724 0.029482
0.3013 0.022036
0.20492 0.031068
0.20419 0.030591
0.20531 0.030887
0.30486 0.030237
0.27013 0.029837
0.32027 0.021465
0.28965 0.031085
0.20806 0.031728
0.32466 0.027798
0.28122 0.031375
0.33285 0.028875
0.30479 0.038067
0.33234 0.033414
0.31849 0.036049
0.34387 0.022075
0.22991 0.033714
0.17327 0.030189
0.26359 0.032486
0.34756 0.022789
0.29944 0.036601
0.345 0.031584
0.32167 0.03895
0.29101 0.033832
0.31762 0.039222
0.36196 0.022119
0.3254 0.038947
0.35369 0.031868
0.32732 0.038955
0.3265 0.038962
0.37646 0.028213
0.33068 0.039106
0.36593 0.030943
0.34637 0.037213
0.33071 0.039114
0.32702 0.039256
0.38752 0.030482
0.34854 0.036867
0.38888 0.031941
0.34824 0.038833
0.1645 0.030465
0.39657 0.027916
0.1214 0.033184
0.39884 0.028995
0.37258 0.036973
0.1259 0.032953
0.11261 0.033565
0.39328 0.038373
0.072906 0.031155
0.40303 0.03638
0.37876 0.044357
0.085518 0.034196
0.051527 0.03015
0.40474 0.039317
0.037768 0.032299
0.40974 0.031065
0.037822 0.035108
0.03589 0.034203
0.40705 0.046097
0.041558 0.035545
0.40772 0.047369
0.20643 0.03412
0.044736 0.035754
0.4098 0.044706
0.085328 0.035069
0.41461 0.03517
0.071267 0.032388
0.044961 0.03614
0.41011 0.048567
0.043417 0.036618
0.41781 0.033099
0.043336 0.036676
0.043335 0.03663
0.043116 0.036671
0.4134 0.046578
0.072407 0.033216
0.36614 0.040642
0.046821 0.036485
0.043709 0.036662
0.41745 0.044939
0.30227 0.04165
0.42204 0.040069
0.080516 0.035005
0.1514 0.031275
0.3085 0.044261
0.42825 0.026118
0.38745 0.051656
0.44239 0.022474
0.43508 0.029203
0.38628 0.052336
0.42815 0.040285
0.40457 0.048589
0.43436 0.038803
0.37791 0.047946
0.17721 0.032575
0.43596 0.038064
0.4567 0.030184
0.43734 0.038104
0.41531 0.047528
0.46635 0.038539
0.45707 0.034535
0.44839 0.034949
0.46376 0.038469
0.45478 0.037378
0.42415 0.058388
0.47362 0.020595
0.47088 0.022294
0.52131 0.020135
0.52598 0.020318
0.44477 0.025571
0.51064 0.024304
0.45032 0.026412
0.50703 0.026522
0.45026 0.026449
0.44969 0.027272
0.48353 0.02727
0.51096 0.029556
0.47363 0.033039
0.49069 0.028497
0.50618 0.028374
0.5246 0.022672
0.46265 0.042995
0.49949 0.031204
0.51592 0.027751
0.51442 0.030235
0.46925 0.044392
0.4901 0.037126
0.52182 0.024446
0.52328 0.026158
0.48516 0.039384
0.51864 0.029478
0.53587 0.02301
0.53736 0.032146
0.54329 0.023975
0.55032 0.037477
0.53781 0.038862
0.55238 0.039063
0.52926 0.047589
0.54932 0.041487
0.53162 0.027579
0.51606 0.046929
0.54912 0.04149
0.54234 0.047524
0.53124 0.030881
0.52911 0.022792
0.54235 0.049305
0.53539 0.054598
0.48683 0.048155
0.4748 0.047982
0.53658 0.057085
0.46121 0.049401
0.52806 0.023592
0.49177 0.048284
0.45385 0.050612
0.4527 0.051309
0.53016 0.029426
0.55877 0.023105
0.5549 0.041268
0.56537 0.040112
0.56862 0.058361
0.55805 0.04657
0.56795 0.058314
0.55198 0.042503
0.55715 0.049395
0.58882 0.057726
0.55531 0.048338
0.55632 0.051175
0.60976 0.041573
0.69187 0.037754
0.54058 0.057134
0.54729 0.058055
0.59148 0.053227
0.55918 0.057312
0.49921 0.051775
0.46614 0.049158
0.56146 0.058533
0.56601 0.02518
0.57493 0.05266
0.57144 0.035744
0.63006 0.040639
0.59252 0.049704
0.86205 0.030555
0.60322 0.044168
0.68253 0.036839
0.68315 0.036798
0.59132 0.053536
0.57389 0.055779
0.58187 0.056316
0.74753 0.031358
0.58668 0.057168
0.93651 0.032636
0.91154 0.033399
0.94052 0.032564
0.59598 0.042463
0.83717 0.032421
0.6274 0.038213
0.95709 0.036431
0.94863 0.033935
0.95757 0.036595
0.57958 0.048199
0.95903 0.037122
0.61414 0.03527
0.69192 0.036784
0.95928 0.037209
0.59961 0.038141
0.76599 0.032338
0.6257 0.035536
0.95688 0.036159
0.9558 0.03575
0.57819 0.032229
0.76086 0.031592
0.64168 0.041463
0.95135 0.033489
0.95229 0.03448
0.95119 0.033477
0.58063 0.025906
0.94914 0.032414
0.62536 0.03287
0.938 0.030401
0.94688 0.031624
0.93939 0.030419
0.5895 0.031338
0.664 0.041438
0.6172 0.030392
0.86576 0.029466
0.9117 0.032106
0.60632 0.028513
0.64973 0.041042
0.59916 0.025966
0.67769 0.033626
0.82967 0.032783
0.81616 0.034514
0.60766 0.024814
0.79844 0.0348
0.64985 0.038093
0.69299 0.033773
0.62398 0.024796
0.69436 0.033183
0.65826 0.037428
0.76186 0.030011
0.75719 0.029781
0.63582 0.026258
0.76805 0.03047
0.64091 0.026725
0.78927 0.032666
0.76728 0.030395
0.79103 0.032848
0.64837 0.028684
0.80128 0.033586
0.65848 0.030326
0.81311 0.033146
0.8112 0.033394
0.65705 0.024565
0.82506 0.031548
0.66756 0.024906
0.71127 0.029304
0.82045 0.032133
0.84248 0.028536
0.68027 0.025131
0.85681 0.027618
0.68928 0.025015
0.73525 0.0268
0.8603 0.027565
0.8744 0.028157
0.69367 0.023208
0.88393 0.028236
0.70728 0.022905
0.89651 0.027874
0.88517 0.028155
0.90543 0.028153
0.72136 0.021018
0.9117 0.028317
0.75979 0.024258
0.92097 0.028129
0.92321 0.028021
0.76561 0.022082
0.86575 0.024146
0.77252 0.022095
0.94807 0.028692
0.94225 0.027339
0.95258 0.030037
0.78608 0.021157
0.96216 0.034008
0.81941 0.023032
0.96359 0.03385
0.96229 0.03404
0.83843 0.02112
0.90986 0.024248
0.88636 0.022697
0.91693 0.024081
0.96591 0.033601
0.9674 0.034232
0.89511 0.021583
0.97243 0.035419
0.93095 0.022387
0.9732 0.035303
0.97243 0.035418
0.97305 0.035323
0.96244 0.023048
0.97637 0.035235
0.97246 0.023311
0.97479 0.027956
0.97552 0.03523
0.97786 0.035075
