340
0.022717 0.020755
0.032418 0.025148
0.065356 0.021056
0.027895 0.032751
0.032278 0.031925
0.083958 0.020537
0.076568 0.024885
0.095877 0.024577
0.048699 0.030896
0.037646 0.031367
0.043538 0.030665
0.11958 0.02256
0.052239 0.03135
0.13352 0.02257
0.056543 0.03428
0.055042 0.032765
0.056699 0.03441
0.14509 0.022434
0.070629 0.032999
0.14927 0.024994
0.087623 0.036842
0.095522 0.034365
0.15364 0.027407
0.11198 0.034697
0.16207 0.028191
0.11469 0.035076
0.11183 0.03471
0.11393 0.034831
0.16062 0.031383
0.115 0.035338
0.17631 0.026151
0.11728 0.035755
0.11496 0.035328
0.11768 0.036086
0.17173 0.031697
0.15947 0.036071
0.19226 0.021916
0.12129 0.03772
0.12142 0.03687
0.122 0.0373
0.19643 0.029447
0.16727 0.037875
0.21334 0.021374
0.17753 0.035789
0.12317 0.038557
0.218 0.026955
0.17262 0.038595
0.22727 0.027406
0.19242 0.036293
0.22604 0.031281
0.21172 0.035463
0.24145 0.021689
0.13651 0.039464
0.10126 0.042328
0.15939 0.039512
0.2459 0.022287
0.18384 0.037821
0.24262 0.029464
0.21542 0.036985
0.1761 0.039386
0.21111 0.038069
0.26283 0.021778
0.21841 0.03645
0.25287 0.030062
0.2202 0.036177
0.21942 0.0363
0.28193 0.024916
0.22376 0.035813
0.26707 0.028737
0.2441 0.034029
0.2238 0.035813
0.21991 0.036385
0.30456 0.025984
0.24679 0.033877
0.30694 0.027013
0.24638 0.035038
0.096294 0.043513
0.31791 0.025506
0.080386 0.041799
0.32109 0.026282
0.27218 0.032017
0.083533 0.042776
0.074172 0.039733
0.31343 0.032171
0.04932 0.037007
0.32747 0.031023
0.27889 0.0339
0.054925 0.040945
0.037554 0.038446
0.3309 0.032713
0.030397 0.041884
0.33754 0.027279
0.030233 0.046754
0.029208 0.045045
0.33606 0.036275
0.032082 0.047567
0.33747 0.03702
0.1178 0.040849
0.03358 0.047946
0.34073 0.036704
0.054281 0.041955
0.34617 0.03083
0.047663 0.03962
0.033646 0.048557
0.3423 0.038668
0.032873 0.049274
0.34971 0.029369
0.032829 0.049361
0.032833 0.049292
0.032726 0.049353
0.34734 0.038696
0.047995 0.040946
0.2648 0.035966
0.034469 0.049156
0.033007 0.049337
0.35145 0.037591
0.18447 0.039066
0.35811 0.03376
0.051674 0.042244
0.09162 0.044549
0.20035 0.038615
0.36436 0.02396
0.30065 0.0349
0.38387 0.021905
0.37498 0.026533
0.29637 0.034118
0.36921 0.032948
0.33183 0.037084
0.37686 0.033451
0.27568 0.035271
0.098541 0.044099
0.37827 0.033308
0.40565 0.025698
0.37963 0.033573
0.34926 0.038952
0.42255 0.03056
0.40612 0.028122
0.39095 0.030376
0.41851 0.03051
0.40197 0.030238
0.36778 0.038865
0.43561 0.02036
0.43062 0.021312
0.51188 0.020085
0.51947 0.020196
0.38672 0.024121
0.49552 0.022984
0.39418 0.024218
0.49049 0.024448
0.39408 0.024248
0.39322 0.024859
0.4499 0.0251
0.49599 0.026604
0.43553 0.027885
0.46106 0.024484
0.48936 0.025673
0.51717 0.021657
0.41712 0.033117
0.47969 0.026494
0.50352 0.025064
0.50124 0.0268
0.42812 0.033891
0.45873 0.029451
0.5127 0.022791
0.51505 0.023841
0.45087 0.033423
0.50763 0.026066
0.53576 0.021414
0.53864 0.02518
0.55863 0.021123
0.58234 0.025683
0.54047 0.027609
0.58861 0.026381
0.52579 0.036315
0.57976 0.026843
0.52879 0.024326
0.50329 0.037112
0.57919 0.026814
0.55706 0.027727
0.52814 0.026284
0.5247 0.021687
0.55732 0.028251
0.53625 0.035683
0.45139 0.038383
0.43855 0.037852
0.53877 0.035377
0.41482 0.036588
0.52298 0.022191
0.45802 0.035838
0.39993 0.037679
0.3966 0.03813
0.52642 0.025593
0.60719 0.021037
0.59633 0.027197
0.62838 0.027154
0.63982 0.035185
0.6061 0.028846
0.63828 0.034857
0.58773 0.027504
0.60361 0.029845
0.68581 0.036372
0.59809 0.029553
0.60128 0.030491
0.71452 0.039791
0.82435 0.039803
0.55174 0.031258
0.57572 0.031964
0.69095 0.035877
0.61043 0.03223
0.47389 0.036357
0.42275 0.036606
0.61785 0.032583
0.62938 0.02186
0.65381 0.034779
0.64372 0.026746
0.73253 0.038214
0.69273 0.034962
0.92211 0.041405
0.70764 0.0384
0.80302 0.036063
0.80398 0.035989
0.69061 0.035905
0.652 0.035955
0.66818 0.036701
0.84443 0.038393
0.68025 0.036419
0.94871 0.043828
0.93965 0.046075
0.95035 0.043398
0.69803 0.032962
0.91936 0.041904
0.73032 0.037362
0.95885 0.043467
0.95424 0.043573
0.95913 0.043492
0.66315 0.033661
0.96028 0.043551
0.71876 0.034802
0.82307 0.039011
0.96048 0.043557
0.70287 0.031944
0.85749 0.038868
0.72924 0.035157
0.95877 0.043269
0.95821 0.043151
0.65814 0.025818
0.85296 0.037815
0.74778 0.038319
0.95591 0.042239
0.95634 0.042961
0.95582 0.042288
0.66312 0.022849
0.95473 0.041721
0.72941 0.032527
0.94943 0.040575
0.95349 0.041332
0.95004 0.040556
0.68263 0.025235
0.77788 0.035511
0.72198 0.030316
0.92085 0.038612
0.93875 0.044956
0.71064 0.027109
0.75729 0.038323
0.70134 0.023787
0.79436 0.033903
0.91718 0.041113
0.90825 0.038729
0.71222 0.024177
0.88702 0.039848
0.7574 0.036205
0.81934 0.036651
0.7287 0.024696
0.82026 0.036704
0.76771 0.034032
0.85156 0.035687
0.84826 0.035396
0.74177 0.025578
0.85631 0.037071
0.74779 0.025933
0.87439 0.038138
0.8557 0.03689
0.87623 0.038116
0.75577 0.027854
0.88766 0.039598
0.76756 0.028258
0.89805 0.039204
0.89682 0.039347
0.76565 0.023677
0.90817 0.037945
0.77973 0.023899
0.82814 0.038268
0.90465 0.03827
0.90748 0.034574
0.79378 0.02538
0.91142 0.032064
0.80149 0.026066
0.83349 0.033556
0.91378 0.032407
0.92219 0.035995
0.80519 0.023938
0.92601 0.037403
0.81618 0.024443
0.93071 0.037073
0.92637 0.037152
0.93445 0.036631
0.82409 0.021864
0.93703 0.037476
0.84616 0.026361
0.94164 0.03654
0.94268 0.036265
0.85005 0.023153
0.91401 0.026578
0.85424 0.023313
0.95474 0.035961
0.95197 0.034318
0.95724 0.036661
0.86251 0.021847
0.9634 0.039097
0.8855 0.025126
0.96473 0.038297
0.96351 0.03909
0.89547 0.021901
0.93644 0.028525
0.92538 0.025271
0.94005 0.028217
0.967 0.037023
0.96835 0.037212
0.92946 0.023295
0.97299 0.037583
0.94736 0.024812
0.97371 0.037451
0.97299 0.037582
0.97357 0.037474
0.96465 0.02412
0.97664 0.037373
0.97339 0.023776
0.97543 0.029073
0.97586 0.037368
0.97802 0.037191
