340
0.024289 0.020479
0.039369 0.023442
0.083887 0.020917
0.032479 0.028086
0.039179 0.027961
0.10617 0.020435
0.096488 0.023988
0.12057 0.023568
0.062614 0.027687
0.047564 0.027904
0.055148 0.027865
0.15137 0.022318
0.067606 0.028254
0.16619 0.022416
0.073942 0.031266
0.071716 0.029761
0.074172 0.031412
0.17839 0.022294
0.08867 0.031163
0.18268 0.02488
0.10873 0.034041
0.11884 0.031312
0.18765 0.026965
0.14268 0.032038
0.1965 0.027541
0.14593 0.033201
0.1425 0.032022
0.14498 0.032689
0.19557 0.030485
0.14635 0.033536
0.2115 0.025826
0.14939 0.034255
0.1463 0.033517
0.14998 0.034585
0.20724 0.031066
0.1953 0.035036
0.22923 0.021745
0.15484 0.035853
0.15478 0.035109
0.15548 0.035474
0.23425 0.028943
0.20331 0.036772
0.25044 0.02144
0.21236 0.035135
0.15685 0.036558
0.25506 0.027564
0.20781 0.037828
0.2634 0.029538
0.22896 0.035054
0.26369 0.034505
0.24981 0.036483
0.27276 0.022356
0.17392 0.037172
0.12506 0.036655
0.19633 0.037799
0.27575 0.022946
0.219 0.036538
0.27385 0.032923
0.25437 0.037922
0.21084 0.038215
0.24946 0.038994
0.29153 0.022081
0.2577 0.038316
0.28254 0.031656
0.25964 0.038621
0.2588 0.038499
0.30632 0.025815
0.26335 0.039576
0.29577 0.030848
0.27576 0.037763
0.26338 0.039586
0.25938 0.038736
0.32739 0.027261
0.27815 0.037016
0.32948 0.028704
0.27839 0.037713
0.11694 0.038316
0.33731 0.026988
0.09602 0.037066
0.33979 0.027829
0.30058 0.035274
0.10074 0.037404
0.090268 0.036258
0.33514 0.036173
0.063799 0.032126
0.34434 0.032869
0.30714 0.036589
0.071832 0.036103
0.048453 0.03271
0.34689 0.034106
0.037278 0.03427
0.3542 0.027265
0.037378 0.037337
0.035621 0.036092
0.35082 0.037204
0.040904 0.038039
0.35228 0.037591
0.15109 0.038185
0.044072 0.038468
0.35671 0.036136
0.070881 0.03657
0.36387 0.030445
0.061718 0.034155
0.044283 0.038768
0.35845 0.037681
0.042896 0.039058
0.36764 0.028829
0.042819 0.039092
0.042817 0.039057
0.042603 0.039064
0.36463 0.038051
0.06222 0.035086
0.29732 0.039048
0.045708 0.038989
0.043181 0.039115
0.3695 0.036876
0.21961 0.037265
0.37647 0.031976
0.066863 0.036198
0.112 0.039007
0.23918 0.038475
0.38437 0.023318
0.32786 0.038955
0.40454 0.022009
0.39635 0.026427
0.32365 0.036841
0.39212 0.032029
0.3464 0.038748
0.39983 0.034193
0.30502 0.037979
0.12026 0.038363
0.40104 0.03422
0.42745 0.025331
0.40239 0.034587
0.36728 0.038117
0.44394 0.03142
0.42792 0.027643
0.41166 0.030196
0.44038 0.031486
0.42374 0.029643
0.3933 0.036437
0.45598 0.020389
0.4506 0.021415
0.52563 0.02009
0.53237 0.020221
0.40716 0.024228
0.50978 0.023422
0.41415 0.024023
0.50568 0.025361
0.41406 0.024055
0.41323 0.024665
0.46899 0.025493
0.51018 0.027521
0.4559 0.028502
0.47964 0.024511
0.50474 0.026881
0.53027 0.021769
0.43982 0.034375
0.497 0.027923
0.51705 0.025414
0.51495 0.027322
0.4489 0.035185
0.47783 0.029477
0.52633 0.022945
0.52835 0.024051
0.47121 0.034404
0.52155 0.026395
0.54573 0.021876
0.5478 0.027011
0.56275 0.021574
0.57795 0.028569
0.54907 0.03015
0.58286 0.029159
0.53774 0.038824
0.57697 0.030425
0.54058 0.025362
0.5162 0.03825
0.57658 0.030393
0.56196 0.030778
0.54009 0.02774
0.53722 0.022004
0.56234 0.031526
0.54587 0.039733
0.47403 0.038543
0.46026 0.038646
0.5478 0.039588
0.43863 0.038005
0.53562 0.022574
0.47992 0.03671
0.42447 0.037144
0.42065 0.037606
0.5387 0.026768
0.59592 0.021466
0.58901 0.029893
0.61182 0.028445
0.61667 0.039533
0.59765 0.032888
0.61566 0.039325
0.58303 0.030868
0.59654 0.034463
0.65592 0.039898
0.59199 0.033484
0.5951 0.035384
0.68634 0.036894
0.79085 0.038638
0.55823 0.035537
0.57753 0.038129
0.66087 0.039721
0.60218 0.038477
0.49637 0.039388
0.44518 0.037867
0.60626 0.038847
0.61267 0.022235
0.62726 0.03965
0.6244 0.028785
0.70772 0.035791
0.66338 0.03888
0.90519 0.038154
0.67726 0.038346
0.77359 0.0385
0.77442 0.038804
0.66047 0.039751
0.6251 0.039979
0.6387 0.039189
0.8189 0.037718
0.6512 0.03977
0.9436 0.037261
0.92977 0.038924
0.94633 0.037378
0.66897 0.035351
0.90187 0.038138
0.7052 0.035311
0.95927 0.038987
0.9526 0.038366
0.95963 0.039028
0.6363 0.035808
0.961 0.039149
0.69176 0.032193
0.78913 0.038871
0.96122 0.039164
0.67345 0.033023
0.83547 0.037178
0.70398 0.033215
0.9591 0.038845
0.95837 0.038715
0.63557 0.026634
0.83016 0.036954
0.72686 0.035867
0.95477 0.03783
0.95567 0.038453
0.95463 0.037844
0.64037 0.023179
0.95277 0.037164
0.70423 0.030882
0.94408 0.035104
0.95074 0.036741
0.94508 0.03523
0.65706 0.026388
0.75601 0.036613
0.69525 0.028491
0.90401 0.036038
0.92831 0.038292
0.68107 0.026573
0.73754 0.035601
0.67231 0.024226
0.76868 0.035664
0.89952 0.038296
0.88871 0.03737
0.68306 0.023756
0.86798 0.036641
0.73729 0.033968
0.78598 0.038616
0.70331 0.024038
0.78695 0.038464
0.7489 0.033919
0.82883 0.035372
0.82524 0.035038
0.71797 0.024658
0.83442 0.036654
0.72561 0.024966
0.85175 0.035787
0.83371 0.03643
0.85354 0.035266
0.7351 0.026537
0.86897 0.036667
0.74841 0.028041
0.87788 0.038089
0.8767 0.0379
0.74687 0.023523
0.8888 0.036794
0.75984 0.024216
0.79806 0.03479
0.88532 0.037856
0.88889 0.033551
0.77253 0.026186
0.89329 0.030966
0.77968 0.027836
0.81023 0.03241
0.89655 0.031218
0.90597 0.0337
0.78248 0.024931
0.91029 0.034804
0.78997 0.024936
0.91708 0.03389
0.9108 0.034524
0.92194 0.032863
0.79937 0.021544
0.92547 0.033157
0.82392 0.026213
0.93162 0.032191
0.93314 0.031869
0.82801 0.023039
0.89757 0.02591
0.83254 0.023212
0.95081 0.032544
0.94644 0.030842
0.95465 0.033469
0.84005 0.021795
0.96269 0.035937
0.8685 0.02459
0.96375 0.035289
0.96279 0.035934
0.87768 0.021897
0.92429 0.026479
0.91012 0.024473
0.92877 0.026096
0.96576 0.034266
0.96727 0.03447
0.91533 0.022667
0.97232 0.034515
0.93928 0.023414
0.9731 0.034405
0.97233 0.034513
0.97294 0.034423
0.96152 0.023405
0.97631 0.03434
0.97199 0.023119
0.97446 0.027489
0.97545 0.034336
0.97782 0.03419
