340
0.024491 0.020457
0.04053 0.023193
0.08456 0.020953
0.033067 0.027619
0.040323 0.027388
0.1057 0.020434
0.096495 0.024198
0.12072 0.023757
0.06451 0.028206
0.049345 0.027382
0.057551 0.027858
0.14916 0.022464
0.068976 0.028948
0.16177 0.022759
0.075101 0.031905
0.072874 0.030422
0.075329 0.032047
0.17301 0.02231
0.089463 0.03189
0.17766 0.024698
0.10878 0.033468
0.11957 0.031798
0.18284 0.026576
0.14046 0.032595
0.1922 0.027052
0.14413 0.033763
0.14026 0.032567
0.14304 0.033291
0.19138 0.029818
0.14464 0.034098
0.20855 0.025552
0.1481 0.034926
0.14458 0.034078
0.14875 0.035323
0.20412 0.030261
0.19198 0.034045
0.22604 0.021897
0.15308 0.03743
0.15294 0.036603
0.15356 0.037114
0.23062 0.029447
0.20112 0.035429
0.24673 0.021388
0.21138 0.034379
0.15482 0.038545
0.25141 0.027361
0.20643 0.036501
0.25991 0.029241
0.22737 0.036395
0.2602 0.034016
0.246 0.035854
0.26975 0.022262
0.16853 0.038145
0.12538 0.038509
0.19357 0.036555
0.27299 0.022848
0.21852 0.036371
0.27146 0.032385
0.25049 0.037364
0.21052 0.03713
0.2456 0.038254
0.28862 0.022014
0.25393 0.037935
0.28034 0.031653
0.25595 0.038349
0.25508 0.038179
0.30486 0.025375
0.2598 0.038954
0.29312 0.03012
0.27427 0.037013
0.25983 0.038962
0.25568 0.038447
0.3266 0.026951
0.27672 0.036386
0.32866 0.028244
0.27711 0.037154
0.11887 0.038916
0.33712 0.02668
0.096851 0.037845
0.33982 0.027629
0.29937 0.033805
0.10087 0.037978
0.091649 0.037228
0.33584 0.034969
0.065952 0.033023
0.34574 0.032751
0.30728 0.035321
0.073639 0.037112
0.050437 0.031938
0.34857 0.034029
0.038309 0.033295
0.35379 0.027517
0.038564 0.036135
0.036511 0.035047
0.35275 0.037099
0.042562 0.036647
0.35422 0.037629
0.15039 0.039445
0.046103 0.03688
0.35814 0.036809
0.072809 0.037678
0.36365 0.030515
0.064347 0.034919
0.046362 0.037157
0.36022 0.038337
0.044842 0.037455
0.36714 0.029027
0.044759 0.037493
0.044754 0.037462
0.044517 0.037489
0.36609 0.038128
0.064919 0.035963
0.29649 0.03744
0.047979 0.03745
0.045163 0.037484
0.3706 0.037075
0.21933 0.037316
0.37656 0.033362
0.069141 0.037469
0.11292 0.038741
0.23532 0.038793
0.38228 0.023932
0.32876 0.037894
0.40029 0.022157
0.39252 0.027078
0.32381 0.036353
0.38935 0.033619
0.34959 0.038466
0.39634 0.035177
0.30492 0.036401
0.12182 0.03944
0.39753 0.035125
0.42226 0.025396
0.39886 0.035503
0.36842 0.038201
0.43983 0.030948
0.42274 0.027707
0.40725 0.030772
0.4359 0.031074
0.41868 0.029788
0.39115 0.038638
0.45157 0.020372
0.44606 0.021347
0.51984 0.020095
0.52673 0.020212
0.4028 0.024527
0.5059 0.023721
0.40938 0.024225
0.50213 0.02571
0.40928 0.02426
0.4085 0.024915
0.46549 0.025029
0.50626 0.028212
0.45149 0.028139
0.47738 0.024409
0.50126 0.027314
0.52458 0.021814
0.43585 0.033808
0.49378 0.028288
0.51261 0.025993
0.51064 0.028192
0.44603 0.034495
0.4754 0.029126
0.52055 0.023124
0.52262 0.02425
0.46934 0.033322
0.51616 0.02695
0.5421 0.021518
0.54473 0.025581
0.56243 0.02137
0.57998 0.028188
0.54642 0.028217
0.58459 0.029425
0.53273 0.037294
0.57801 0.029683
0.53558 0.024606
0.513 0.040254
0.5776 0.029596
0.56117 0.029318
0.53497 0.026686
0.53169 0.021785
0.56138 0.029971
0.54246 0.03685
0.47385 0.037782
0.45928 0.037523
0.54473 0.036571
0.43543 0.037383
0.53006 0.022331
0.47922 0.036295
0.42016 0.037282
0.4163 0.037948
0.53333 0.025935
0.59635 0.021579
0.58937 0.031061
0.61204 0.028038
0.61272 0.036961
0.59518 0.033675
0.61147 0.037203
0.58387 0.031059
0.59317 0.035528
0.66988 0.03769
0.58978 0.034956
0.59133 0.036658
0.69922 0.038369
0.79155 0.038025
0.55668 0.033037
0.57424 0.036489
0.67508 0.037648
0.59543 0.039076
0.49296 0.040543
0.44306 0.037461
0.59944 0.038994
0.61295 0.022067
0.63009 0.033642
0.62715 0.026433
0.71891 0.037802
0.67728 0.037
0.90605 0.038946
0.69162 0.038561
0.77318 0.039661
0.77401 0.03967
0.6747 0.037657
0.62591 0.034596
0.65029 0.034409
0.81717 0.037502
0.66483 0.037249
0.94503 0.038505
0.93191 0.038214
0.94717 0.038673
0.68319 0.034304
0.9033 0.038941
0.71688 0.036959
0.95843 0.039742
0.95266 0.039879
0.95874 0.03976
0.64572 0.031452
0.95993 0.039789
0.70472 0.033492
0.79017 0.038192
0.96012 0.03979
0.68798 0.032593
0.83343 0.038146
0.71584 0.034614
0.9583 0.039607
0.95767 0.039521
0.64384 0.024754
0.82901 0.037463
0.73273 0.039519
0.9546 0.038898
0.95534 0.039408
0.95448 0.038936
0.65062 0.02243
0.9529 0.03855
0.71626 0.032099
0.94542 0.036236
0.95113 0.038229
0.94622 0.036384
0.67027 0.025659
0.75718 0.039876
0.70853 0.029317
0.9052 0.036836
0.93033 0.037445
0.69587 0.026817
0.74054 0.039439
0.68685 0.024042
0.76857 0.037509
0.90113 0.03843
0.88965 0.035223
0.69757 0.023953
0.86379 0.034955
0.7412 0.037423
0.78663 0.03777
0.71578 0.024496
0.78791 0.037612
0.75107 0.036512
0.82794 0.035772
0.82413 0.03518
0.72876 0.025807
0.83259 0.037444
0.73451 0.026228
0.84759 0.037288
0.832 0.037232
0.84917 0.036455
0.74203 0.028283
0.86489 0.034822
0.7529 0.029738
0.87604 0.035244
0.87458 0.035204
0.75156 0.024238
0.88978 0.034743
0.76245 0.024953
0.79798 0.036809
0.88535 0.035076
0.88989 0.031944
0.77363 0.026679
0.89527 0.030267
0.78029 0.02759
0.80806 0.033562
0.89831 0.030991
0.90688 0.034287
0.78304 0.024791
0.91085 0.035081
0.792 0.024736
0.91777 0.033387
0.91135 0.034754
0.9231 0.032122
0.80073 0.021789
0.92698 0.03243
0.82344 0.02625
0.93375 0.032018
0.93528 0.031932
0.82755 0.023141
0.89927 0.025857
0.83164 0.023402
0.95148 0.033729
0.94749 0.03174
0.95489 0.034281
0.83893 0.021988
0.96202 0.036374
0.86553 0.024098
0.96327 0.035649
0.96214 0.036365
0.87661 0.021604
0.92576 0.026102
0.91105 0.024578
0.93076 0.025841
0.96548 0.034501
0.967 0.034632
0.91621 0.02264
0.97217 0.034553
0.9412 0.023657
0.97297 0.034444
0.97218 0.034552
0.97281 0.034463
0.96146 0.023515
0.97624 0.03438
0.97201 0.023125
0.97448 0.02751
0.97537 0.034376
0.97778 0.034229
