340
0.023995 0.020514
0.038039 0.02359
0.081398 0.020943
0.031622 0.028633
0.037862 0.028309
0.10349 0.020434
0.093859 0.024019
0.11801 0.023544
0.06119 0.027892
0.046093 0.028013
0.05369 0.027898
0.14895 0.022315
0.065909 0.028594
0.1638 0.022411
0.072018 0.031854
0.069799 0.030294
0.072245 0.032002
0.17602 0.022289
0.086151 0.03136
0.18032 0.024869
0.10608 0.033986
0.11627 0.031235
0.1853 0.026949
0.14025 0.031996
0.19417 0.027526
0.1435 0.033167
0.14007 0.031979
0.14255 0.032653
0.19324 0.030464
0.14393 0.033504
0.2092 0.025818
0.14697 0.034234
0.14387 0.033484
0.14756 0.034566
0.20493 0.031049
0.19297 0.035005
0.22692 0.021748
0.15243 0.035832
0.15237 0.035089
0.15307 0.035452
0.23193 0.028973
0.20099 0.036744
0.24803 0.021451
0.21005 0.035118
0.15444 0.036534
0.25261 0.027626
0.2055 0.037801
0.26088 0.029618
0.22665 0.035084
0.26117 0.034626
0.2474 0.036611
0.27016 0.022375
0.17154 0.037136
0.12251 0.036543
0.19399 0.037764
0.27312 0.02297
0.21671 0.036541
0.27125 0.03303
0.25192 0.038068
0.20853 0.03819
0.24705 0.039139
0.28879 0.022094
0.25522 0.038466
0.27986 0.031743
0.25715 0.038775
0.25632 0.038651
0.30352 0.025826
0.26083 0.03974
0.29301 0.030903
0.27313 0.037907
0.26086 0.03975
0.25689 0.038891
0.32466 0.027188
0.2755 0.037149
0.32678 0.028605
0.27574 0.037852
0.11436 0.038191
0.3347 0.026869
0.093471 0.037206
0.33722 0.02768
0.29778 0.035329
0.098081 0.037468
0.087832 0.036485
0.33251 0.035923
0.062626 0.032499
0.34187 0.03258
0.30433 0.036616
0.0705 0.03701
0.047127 0.032857
0.34449 0.033762
0.036183 0.035017
0.35201 0.027054
0.036331 0.038259
0.034669 0.037038
0.34853 0.036734
0.039636 0.038788
0.35004 0.037096
0.14867 0.038165
0.042816 0.039024
0.3546 0.035648
0.069679 0.037444
0.36198 0.030093
0.060969 0.034511
0.043048 0.03932
0.35638 0.037131
0.041596 0.039718
0.3659 0.028516
0.041521 0.039756
0.041518 0.039724
0.041301 0.039745
0.36278 0.037437
0.06159 0.035493
0.29455 0.039137
0.044567 0.039447
0.041892 0.039753
0.36784 0.036262
0.21731 0.03727
0.37507 0.031524
0.065984 0.036856
0.10937 0.038879
0.23685 0.038563
0.38328 0.023189
0.32514 0.038758
0.40425 0.021942
0.39576 0.026187
0.32087 0.036712
0.39135 0.031559
0.34399 0.038297
0.39939 0.033685
0.30222 0.03802
0.11769 0.038239
0.40064 0.033718
0.42789 0.025174
0.40203 0.03408
0.36552 0.037478
0.44484 0.031156
0.42837 0.027418
0.4116 0.029877
0.4412 0.031202
0.42407 0.029355
0.39259 0.035803
0.45713 0.020382
0.45164 0.021387
0.52558 0.020094
0.53196 0.020229
0.40695 0.02409
0.51042 0.023562
0.41418 0.023898
0.50648 0.025552
0.41408 0.023929
0.41322 0.02452
0.47026 0.025462
0.51081 0.02783
0.45705 0.028369
0.48096 0.024532
0.50558 0.027118
0.52997 0.021854
0.44063 0.034017
0.49809 0.028114
0.51742 0.025663
0.51539 0.027648
0.4499 0.034865
0.47915 0.029505
0.52623 0.0231
0.52816 0.02427
0.4725 0.034356
0.5217 0.02671
0.54543 0.021782
0.54766 0.026569
0.56331 0.021584
0.57783 0.029451
0.54903 0.02943
0.58227 0.030412
0.53596 0.038905
0.57705 0.031431
0.53988 0.025269
0.51635 0.039079
0.57666 0.031368
0.56259 0.030808
0.53936 0.02763
0.53656 0.022011
0.56297 0.031586
0.54478 0.038751
0.47533 0.03853
0.46149 0.038415
0.54705 0.03836
0.43941 0.037547
0.53505 0.022609
0.48123 0.036792
0.42482 0.036633
0.42088 0.037073
0.53797 0.026731
0.59312 0.021689
0.58744 0.031666
0.60815 0.028187
0.61238 0.038406
0.59438 0.034662
0.61129 0.038249
0.58257 0.032371
0.59343 0.036649
0.65886 0.035863
0.58991 0.036107
0.5923 0.037957
0.69362 0.038469
0.79171 0.038762
0.55899 0.035284
0.57845 0.039949
0.66516 0.035863
0.59738 0.040314
0.49745 0.039839
0.44611 0.037463
0.60112 0.039877
0.60902 0.022136
0.62466 0.038095
0.62157 0.028139
0.71219 0.037603
0.66835 0.035248
0.90582 0.039561
0.68568 0.037715
0.77464 0.038796
0.77547 0.039096
0.66465 0.035877
0.62227 0.038503
0.63734 0.036756
0.81986 0.037507
0.65282 0.035648
0.94171 0.037957
0.92776 0.039982
0.9444 0.038017
0.67513 0.032781
0.90296 0.039333
0.70995 0.037098
0.95717 0.038656
0.95055 0.038526
0.95754 0.038669
0.63459 0.034105
0.95904 0.038679
0.69797 0.033599
0.79001 0.039018
0.9593 0.038676
0.68049 0.031667
0.83669 0.036813
0.70879 0.034755
0.95701 0.038529
0.95629 0.038454
0.63366 0.025954
0.8313 0.036669
0.72958 0.036961
0.95277 0.037831
0.95362 0.03839
0.95263 0.037855
0.63883 0.022738
0.95084 0.0373
0.70893 0.032148
0.94243 0.035685
0.94885 0.037055
0.94341 0.035796
0.65981 0.025103
0.75743 0.03709
0.70092 0.029472
0.90497 0.037218
0.92644 0.039551
0.6881 0.026622
0.73962 0.036396
0.67866 0.023695
0.76983 0.035958
0.90091 0.039353
0.89069 0.037711
0.6899 0.023895
0.8701 0.0363
0.73938 0.034684
0.78688 0.038792
0.70807 0.024507
0.78784 0.038629
0.75056 0.034402
0.82995 0.035124
0.82629 0.034818
0.72125 0.025076
0.83563 0.036315
0.7284 0.025323
0.85345 0.0353
0.83491 0.036105
0.8553 0.034813
0.73732 0.026892
0.87111 0.03635
0.75008 0.028325
0.8802 0.038049
0.87899 0.03782
0.74859 0.023656
0.89079 0.037129
0.76114 0.024325
0.79887 0.034805
0.8874 0.038068
0.89095 0.033827
0.7736 0.026288
0.89533 0.03136
0.78063 0.027936
0.81112 0.032307
0.89851 0.031751
0.90692 0.034806
0.78341 0.024987
0.91062 0.036139
0.79085 0.024972
0.91675 0.035021
0.91111 0.035824
0.92132 0.033823
0.80018 0.021544
0.92465 0.034079
0.82495 0.026125
0.93073 0.032828
0.93223 0.032466
0.82912 0.022991
0.89959 0.026214
0.83372 0.023152
0.94933 0.032738
0.94521 0.0312
0.95304 0.033469
0.84137 0.021751
0.96117 0.035421
0.87064 0.024499
0.96237 0.034722
0.96129 0.03541
0.88001 0.021892
0.92423 0.026926
0.91113 0.024867
0.92847 0.026474
0.96459 0.033613
0.96621 0.033718
0.9159 0.022883
0.97169 0.033611
0.93839 0.023556
0.97253 0.033507
0.97169 0.033609
0.97236 0.033525
0.96029 0.023306
0.976 0.033447
0.97145 0.022924
0.9741 0.027023
0.97508 0.033443
0.97764 0.033306
