340
0.024989 0.020411
0.043211 0.022683
0.099019 0.020697
0.034406 0.026728
0.042805 0.026214
0.13009 0.020248
0.11593 0.022841
0.16166 0.02187
0.073765 0.026658
0.053948 0.02583
0.065078 0.025939
0.20955 0.021773
0.07952 0.027249
0.22544 0.02255
0.088606 0.029086
0.085076 0.028258
0.088956 0.029147
0.23584 0.022741
0.1101 0.028439
0.23979 0.025603
0.14114 0.026745
0.16241 0.025815
0.24351 0.028432
0.19892 0.027941
0.25077 0.029353
0.2049 0.029197
0.19869 0.027901
0.20294 0.028733
0.24906 0.033073
0.20584 0.029491
0.26378 0.02677
0.21096 0.030663
0.20575 0.029469
0.21193 0.031084
0.25868 0.032867
0.2472 0.0385
0.2771 0.022395
0.21773 0.033675
0.21717 0.03296
0.21809 0.033525
0.27984 0.031412
0.25254 0.039633
0.29584 0.021509
0.26441 0.037323
0.22022 0.03512
0.30011 0.028205
0.25766 0.040217
0.30748 0.029866
0.27578 0.040167
0.30774 0.034916
0.29504 0.036465
0.31726 0.022444
0.23228 0.04242
0.18815 0.029849
0.24652 0.044168
0.32027 0.023334
0.26955 0.040839
0.31835 0.033721
0.29968 0.039779
0.26242 0.041355
0.29436 0.039461
0.33181 0.022578
0.3029 0.040186
0.32515 0.034881
0.30452 0.040428
0.30384 0.040332
0.34462 0.027899
0.30733 0.041048
0.33438 0.032923
0.31973 0.040529
0.30736 0.04106
0.30433 0.040666
0.35768 0.028294
0.32129 0.040326
0.35943 0.029337
0.32114 0.042386
0.17888 0.029754
0.36948 0.026122
0.13102 0.031666
0.37242 0.027009
0.33862 0.038387
0.13612 0.031464
0.12111 0.032024
0.36488 0.034175
0.077194 0.030283
0.3782 0.032966
0.34319 0.04194
0.090937 0.032978
0.05409 0.029407
0.38071 0.035408
0.039245 0.031376
0.38626 0.029027
0.039304 0.033975
0.03721 0.033131
0.38454 0.040461
0.043339 0.03439
0.38569 0.041408
0.21861 0.037781
0.046766 0.034595
0.38834 0.039789
0.090729 0.033778
0.39301 0.03272
0.075422 0.031431
0.047009 0.034952
0.38936 0.042518
0.045344 0.03539
0.39649 0.031338
0.045256 0.035444
0.045255 0.035401
0.045019 0.035438
0.39366 0.041481
0.076655 0.032187
0.33266 0.043453
0.049015 0.035279
0.045659 0.035432
0.39882 0.041178
0.26981 0.043136
0.40368 0.038864
0.085458 0.033763
0.16458 0.030267
0.27956 0.042424
0.40742 0.026149
0.35446 0.043403
0.42008 0.022549
0.41364 0.030021
0.35242 0.044047
0.40979 0.040478
0.38126 0.041889
0.41417 0.040355
0.3414 0.044317
0.19216 0.032389
0.41526 0.03978
0.43639 0.027724
0.41628 0.039784
0.39644 0.042412
0.4498 0.032964
0.43673 0.030984
0.42552 0.033825
0.44613 0.033072
0.43343 0.033771
0.40874 0.05341
0.46049 0.020407
0.45645 0.021575
0.52242 0.020116
0.52794 0.02027
0.42225 0.02551
0.51029 0.023816
0.42819 0.025622
0.50622 0.025596
0.42812 0.025663
0.42745 0.026473
0.47494 0.025068
0.51065 0.028465
0.46043 0.028919
0.48505 0.026023
0.50527 0.027112
0.5263 0.022283
0.44455 0.036387
0.49738 0.028767
0.51624 0.026778
0.51454 0.028985
0.45376 0.036921
0.48338 0.032106
0.52302 0.023828
0.52474 0.025281
0.47642 0.033554
0.51929 0.028229
0.53963 0.022413
0.54141 0.02963
0.54932 0.023006
0.55896 0.032714
0.5422 0.034904
0.56179 0.033799
0.53159 0.04279
0.55769 0.035661
0.5346 0.026273
0.51476 0.042947
0.55743 0.035673
0.54846 0.04089
0.53413 0.029033
0.53163 0.022353
0.54853 0.042242
0.53965 0.047286
0.47768 0.040148
0.46134 0.039424
0.54126 0.049006
0.44238 0.040848
0.53039 0.023041
0.48394 0.040558
0.43125 0.043953
0.42953 0.04505
0.53288 0.027888
0.57062 0.022213
0.56531 0.035286
0.58029 0.034177
0.58545 0.046737
0.56983 0.038825
0.58446 0.046646
0.56131 0.036272
0.56858 0.040883
0.61299 0.048489
0.56598 0.040252
0.56744 0.042213
0.6406 0.038666
0.72886 0.047562
0.54644 0.048455
0.55534 0.048153
0.61656 0.045171
0.57157 0.046307
0.49265 0.044462
0.44948 0.040381
0.57489 0.046926
0.58085 0.023652
0.59476 0.043481
0.58892 0.031237
0.65888 0.040808
0.618 0.04258
0.85035 0.029516
0.63197 0.039373
0.71606 0.042463
0.71686 0.042641
0.61633 0.045396
0.59323 0.045605
0.60388 0.046889
0.74363 0.041312
0.61018 0.047949
0.93242 0.031494
0.90499 0.03222
0.93683 0.031449
0.62231 0.037318
0.82268 0.031204
0.65681 0.038739
0.95495 0.035033
0.9457 0.03274
0.95547 0.035183
0.60093 0.040627
0.95707 0.035664
0.64497 0.034112
0.72807 0.046767
0.95734 0.035743
0.6269 0.034185
0.75422 0.037431
0.65545 0.036113
0.95472 0.034784
0.95353 0.034411
0.59819 0.028894
0.75101 0.037292
0.67156 0.040565
0.94868 0.032345
0.9497 0.033252
0.9485 0.032333
0.6013 0.024321
0.94626 0.031352
0.65522 0.033357
0.93406 0.029467
0.94379 0.03062
0.93559 0.029489
0.61339 0.028466
0.69528 0.041171
0.64762 0.030039
0.85445 0.028536
0.90516 0.031041
0.63502 0.026953
0.6799 0.04058
0.62604 0.02465
0.70879 0.037684
0.81437 0.031647
0.79969 0.033607
0.63668 0.023997
0.78133 0.035001
0.68004 0.037838
0.72604 0.044218
0.65402 0.02497
0.72658 0.044095
0.68863 0.037064
0.75133 0.034802
0.74843 0.035461
0.66555 0.026137
0.75533 0.034481
0.67113 0.026502
0.77259 0.033897
0.75482 0.034499
0.77418 0.03387
0.67864 0.028536
0.78423 0.033497
0.68888 0.030115
0.79643 0.03244
0.79443 0.032752
0.68741 0.024468
0.80935 0.030591
0.69822 0.025128
0.73198 0.043185
0.80435 0.03124
0.8286 0.02767
0.709 0.026894
0.84452 0.026862
0.71516 0.028046
0.73726 0.035865
0.8484 0.02682
0.86402 0.027356
0.71805 0.025456
0.8746 0.027447
0.72534 0.02634
0.88846 0.027151
0.87597 0.027377
0.89829 0.027422
0.73092 0.022478
0.90516 0.027585
0.74962 0.026467
0.91531 0.027405
0.91777 0.027302
0.75348 0.02296
0.85444 0.023739
0.75834 0.022755
0.94509 0.027946
0.93873 0.026693
0.95002 0.029186
0.76976 0.021307
0.96049 0.032813
0.80322 0.022817
0.96205 0.032667
0.96063 0.032842
0.82408 0.021009
0.90314 0.023872
0.87728 0.022441
0.91089 0.023721
0.96459 0.032437
0.96621 0.033013
0.88692 0.021437
0.97172 0.034096
0.92629 0.022168
0.97257 0.03399
0.97172 0.034095
0.9724 0.034008
0.96079 0.022788
0.97602 0.033928
0.97175 0.023027
0.9743 0.027274
0.9751 0.033924
0.97766 0.033782
