340
0.020802 0.022559
0.025578 0.038293
0.032239 0.023443
0.02887 0.048345
0.033755 0.048517
0.037914 0.021298
0.039798 0.034635
0.045783 0.030397
0.048522 0.049301
0.038979 0.048693
0.044252 0.048905
0.054785 0.024652
0.051619 0.049422
0.063474 0.02337
0.058761 0.049748
0.056073 0.049592
0.059031 0.049769
0.073673 0.022544
0.067385 0.048891
0.078473 0.024724
0.073324 0.047939
0.077416 0.047528
0.086268 0.026728
0.087936 0.048146
0.096387 0.027252
0.094942 0.049962
0.087743 0.048104
0.092013 0.049127
0.10376 0.030444
0.097219 0.050749
0.1108 0.026449
0.10284 0.052036
0.097075 0.050708
0.10462 0.052716
0.11617 0.032214
0.11768 0.036644
0.1222 0.022629
0.1121 0.05585
0.10996 0.053778
0.11154 0.054754
0.12895 0.032405
0.12584 0.041137
0.13751 0.021978
0.13244 0.043992
0.11457 0.056569
0.14067 0.03066
0.13477 0.050043
0.14753 0.031109
0.13953 0.049173
0.15029 0.038367
0.14391 0.048526
0.15651 0.022996
0.1296 0.060333
0.10934 0.063274
0.13623 0.058828
0.15939 0.024254
0.1412 0.057592
0.16062 0.037377
0.14666 0.057209
0.14002 0.057855
0.14553 0.056943
0.16745 0.02423
0.14783 0.058533
0.16724 0.040094
0.14841 0.059833
0.14815 0.059351
0.17461 0.03317
0.14952 0.062097
0.17291 0.042648
0.16727 0.051826
0.14952 0.062221
0.14825 0.063615
0.18327 0.033007
0.16926 0.052069
0.18489 0.03439
0.16846 0.057511
0.11268 0.069311
0.19065 0.029508
0.1051 0.069541
0.19256 0.030674
0.17788 0.05407
0.10623 0.069523
0.10277 0.069596
0.19058 0.041375
0.084253 0.067229
0.19682 0.036683
0.18091 0.058882
0.090675 0.06837
0.072822 0.064849
0.19822 0.038707
0.062581 0.064722
0.20343 0.030343
0.056004 0.066388
0.058288 0.065663
0.20173 0.045224
0.053372 0.067639
0.20341 0.047701
0.11952 0.073515
0.051306 0.068894
0.20624 0.043142
0.089268 0.071696
0.20973 0.035953
0.081801 0.070063
0.049623 0.070563
0.20772 0.048547
0.047636 0.074883
0.21224 0.034506
0.047415 0.076475
0.047573 0.075072
0.047368 0.075875
0.21129 0.048034
0.081049 0.071228
0.17623 0.071133
0.048882 0.075444
0.047565 0.076624
0.21521 0.047117
0.14504 0.075146
0.21912 0.038872
0.081987 0.073588
0.1114 0.077864
0.14623 0.077236
0.22093 0.02622
0.18997 0.067209
0.23325 0.023939
0.22838 0.031219
0.18845 0.067906
0.22882 0.042754
0.20046 0.064879
0.23542 0.048472
0.17864 0.073935
0.11378 0.079467
0.23603 0.048577
0.2595 0.032162
0.23731 0.052612
0.21411 0.062261
0.26877 0.035384
0.25975 0.035662
0.24696 0.049702
0.26139 0.042364
0.25666 0.043049
0.28881 0.034707
0.27656 0.02046
0.27344 0.02195
0.4483 0.020105
0.50187 0.020293
0.23516 0.030084
0.36902 0.020941
0.24202 0.033984
0.33845 0.022019
0.24192 0.03408
0.24155 0.03586
0.29297 0.024102
0.37389 0.022203
0.27992 0.02851
0.31007 0.024219
0.33679 0.02282
0.48409 0.021983
0.28143 0.032005
0.3307 0.024942
0.39971 0.023086
0.39728 0.023665
0.34212 0.026002
0.32081 0.027568
0.44948 0.023493
0.47564 0.02414
0.31687 0.027819
0.40979 0.025443
0.69253 0.020297
0.70695 0.021825
0.73504 0.0211
0.75002 0.029449
0.71677 0.023647
0.75294 0.031041
0.71097 0.025797
0.74821 0.031238
0.63888 0.021621
0.66781 0.023017
0.74788 0.031108
0.73978 0.030117
0.63761 0.022363
0.5797 0.021915
0.74094 0.031342
0.72982 0.03105
0.67005 0.024571
0.66698 0.025449
0.73252 0.033494
0.69315 0.02787
0.54792 0.023248
0.65189 0.026993
0.68119 0.027634
0.71467 0.040027
0.60942 0.024314
0.76578 0.021875
0.75622 0.033004
0.77343 0.035157
0.76946 0.047027
0.76049 0.036165
0.76802 0.045294
0.75211 0.033076
0.75773 0.038387
0.79646 0.063361
0.75501 0.037886
0.75498 0.039859
0.8102 0.068128
0.8367 0.074448
0.73834 0.034486
0.74434 0.041576
0.79943 0.066405
0.75354 0.047803
0.7261 0.038904
0.72369 0.04263
0.75371 0.057031
0.77631 0.024187
0.77881 0.045873
0.78098 0.032209
0.81829 0.066252
0.80063 0.062279
0.89084 0.075451
0.80709 0.067329
0.83581 0.074103
0.83586 0.074233
0.79926 0.066352
0.7757 0.061213
0.78617 0.04348
0.85138 0.076036
0.79456 0.050032
0.92451 0.076904
0.91435 0.074255
0.9254 0.077269
0.80397 0.055309
0.88364 0.074075
0.81677 0.061113
0.92866 0.077506
0.9271 0.077889
0.92878 0.077415
0.78914 0.036945
0.92901 0.076518
0.81214 0.055557
0.83777 0.066398
0.92893 0.075884
0.80706 0.050888
0.85356 0.071611
0.81615 0.055362
0.92588 0.071752
0.92511 0.07122
0.79264 0.02754
0.85349 0.068943
0.82238 0.05521
0.91888 0.068598
0.92259 0.069802
0.91903 0.068642
0.79727 0.024409
0.91602 0.06776
0.81835 0.048343
0.91157 0.066936
0.91483 0.067466
0.91209 0.066991
0.80509 0.034411
0.83331 0.055838
0.81727 0.043222
0.88197 0.067718
0.89698 0.067189
0.81498 0.036089
0.82953 0.048984
0.81254 0.029779
0.83924 0.052241
0.8771 0.0677
0.87253 0.067183
0.81718 0.029288
0.8631 0.064711
0.83333 0.04237
0.84292 0.050947
0.8248 0.030011
0.84391 0.049883
0.839 0.041256
0.85622 0.058075
0.8556 0.058183
0.83099 0.029736
0.85717 0.05778
0.83471 0.028949
0.86106 0.058745
0.85705 0.057805
0.8616 0.058912
0.84096 0.030529
0.86578 0.059861
0.84682 0.032581
0.87112 0.060674
0.87028 0.060577
0.84812 0.02547
0.87559 0.059631
0.85689 0.026575
0.85989 0.039031
0.87408 0.059792
0.87943 0.059388
0.86435 0.028412
0.88145 0.05833
0.87062 0.027104
0.87201 0.037316
0.88194 0.058017
0.88517 0.056543
0.87365 0.024921
0.88835 0.053728
0.88158 0.025298
0.89223 0.052903
0.88872 0.053576
0.89496 0.052633
0.88925 0.022098
0.89703 0.052368
0.89746 0.030337
0.90195 0.051915
0.90313 0.051905
0.9081 0.024858
0.90885 0.037346
0.91133 0.024687
0.91437 0.052034
0.91206 0.05174
0.91589 0.052331
0.91768 0.022574
0.92208 0.052698
0.92777 0.028483
0.92751 0.05145
0.92244 0.052628
0.93781 0.023812
0.93699 0.034774
0.94537 0.029357
0.94165 0.034683
0.93724 0.049106
0.94081 0.048693
0.95372 0.025807
0.95346 0.047714
0.95867 0.030035
0.95635 0.047537
0.95349 0.047712
0.95575 0.047574
0.97036 0.027428
0.96763 0.046867
0.9759 0.026089
0.97486 0.034814
0.96472 0.047037
0.97291 0.046681
