340
0.02507 0.020405
0.043582 0.022643
0.10022 0.020686
0.03464 0.026623
0.043171 0.026121
0.13179 0.020244
0.11743 0.022796
0.16351 0.021893
0.074587 0.02656
0.054476 0.025745
0.06577 0.025852
0.2077 0.022155
0.080429 0.027142
0.22106 0.022842
0.089651 0.028952
0.086068 0.028136
0.090006 0.029012
0.23086 0.022865
0.1115 0.028297
0.23458 0.025753
0.14297 0.026691
0.16425 0.025891
0.23818 0.028508
0.1989 0.029085
0.24567 0.029114
0.20387 0.030887
0.19869 0.029027
0.2023 0.030224
0.24374 0.032847
0.20461 0.031295
0.25921 0.026365
0.20855 0.03302
0.20454 0.031262
0.20927 0.033515
0.25384 0.032249
0.24147 0.038357
0.27367 0.022366
0.21343 0.036111
0.21313 0.035316
0.21375 0.035896
0.27695 0.031721
0.24717 0.039008
0.29048 0.021762
0.26013 0.036254
0.21511 0.037552
0.29405 0.02932
0.25269 0.039291
0.3007 0.030664
0.2738 0.039764
0.30012 0.036137
0.28956 0.039348
0.31017 0.022516
0.22535 0.0435
0.18894 0.030614
0.24037 0.043642
0.31307 0.02341
0.26637 0.039257
0.31091 0.034094
0.29261 0.042369
0.25792 0.040047
0.28902 0.042611
0.32453 0.022574
0.29491 0.04236
0.31766 0.035073
0.2962 0.042374
0.29564 0.042375
0.33751 0.027565
0.2987 0.042558
0.32707 0.032817
0.31179 0.040949
0.29872 0.042565
0.296 0.042615
0.35155 0.028084
0.31344 0.040703
0.35342 0.029273
0.31315 0.04259
0.18036 0.030248
0.36292 0.026719
0.13274 0.031519
0.36549 0.027853
0.33134 0.037984
0.1379 0.031346
0.12269 0.031845
0.35946 0.034918
0.078068 0.030131
0.3703 0.034206
0.33614 0.040972
0.092017 0.032784
0.05462 0.029271
0.37211 0.036521
0.039557 0.031203
0.37805 0.029113
0.039617 0.033762
0.03749 0.032929
0.37479 0.041058
0.043712 0.034176
0.37575 0.041621
0.21328 0.040869
0.047189 0.034381
0.37872 0.039684
0.091806 0.033573
0.38498 0.032044
0.076269 0.031263
0.047435 0.034734
0.3795 0.041791
0.045746 0.035164
0.3889 0.030568
0.045658 0.035216
0.045656 0.035174
0.045417 0.03521
0.38472 0.040218
0.077521 0.032007
0.32513 0.043184
0.049471 0.035058
0.046066 0.035205
0.39079 0.039663
0.26689 0.041044
0.39646 0.037523
0.086456 0.03356
0.16637 0.030431
0.27885 0.042664
0.40073 0.025704
0.34943 0.041754
0.41441 0.022375
0.40745 0.029285
0.34704 0.04206
0.40317 0.038975
0.3719 0.042831
0.40797 0.038863
0.33422 0.043219
0.19245 0.033602
0.40918 0.038344
0.43177 0.027275
0.41029 0.038365
0.38792 0.04072
0.44604 0.032182
0.43213 0.030344
0.42026 0.032946
0.44215 0.032291
0.42866 0.032974
0.40186 0.050262
0.4574 0.020383
0.4531 0.021481
0.52259 0.020112
0.52838 0.020258
0.41674 0.025144
0.51004 0.023699
0.42307 0.025277
0.50584 0.025391
0.42299 0.025315
0.42227 0.026072
0.47275 0.024772
0.51041 0.028203
0.45733 0.028389
0.48349 0.025659
0.50486 0.026841
0.52667 0.022184
0.44051 0.035412
0.49662 0.028323
0.51618 0.026537
0.51443 0.028679
0.45028 0.0359
0.4817 0.031379
0.52322 0.023671
0.52503 0.025058
0.4743 0.032757
0.51933 0.027917
0.54065 0.022266
0.54257 0.029019
0.55112 0.022781
0.56155 0.031672
0.54351 0.03394
0.56466 0.032639
0.53239 0.041633
0.56019 0.034392
0.53537 0.025937
0.51459 0.042102
0.5599 0.034407
0.55033 0.039351
0.53488 0.028556
0.53225 0.022237
0.55042 0.040622
0.54105 0.04562
0.47562 0.038959
0.45831 0.038273
0.5428 0.047193
0.43827 0.039616
0.53095 0.022897
0.48225 0.039323
0.42648 0.042527
0.42466 0.04351
0.53356 0.027485
0.57434 0.022011
0.56852 0.033963
0.585 0.032749
0.5909 0.043802
0.57346 0.037125
0.58977 0.043756
0.56413 0.034911
0.5721 0.039023
0.62417 0.046796
0.56925 0.038489
0.57085 0.040263
0.64506 0.040031
0.73716 0.048497
0.54828 0.046537
0.55773 0.046022
0.62706 0.045023
0.57537 0.04389
0.49137 0.043091
0.44577 0.039153
0.579 0.044335
0.58563 0.023282
0.60147 0.040757
0.59468 0.030023
0.66412 0.040937
0.62794 0.043141
0.8482 0.029426
0.63773 0.041492
0.7238 0.042683
0.72463 0.042913
0.62688 0.045154
0.59976 0.042557
0.6128 0.043313
0.75102 0.042678
0.621 0.045446
0.93156 0.031293
0.90367 0.032021
0.93605 0.031249
0.6308 0.039015
0.82039 0.031295
0.66207 0.039017
0.95449 0.034771
0.94508 0.03252
0.95502 0.034918
0.60873 0.038308
0.95664 0.035389
0.65042 0.034779
0.73628 0.047685
0.95692 0.035467
0.63433 0.036004
0.76067 0.039843
0.66083 0.036396
0.95425 0.034527
0.95305 0.034161
0.60507 0.027906
0.7575 0.039215
0.67721 0.040291
0.94811 0.032132
0.94915 0.033024
0.94793 0.032121
0.60859 0.023837
0.94565 0.031156
0.66078 0.033596
0.93324 0.029302
0.94313 0.030436
0.93479 0.029323
0.62216 0.02828
0.70205 0.040624
0.65363 0.030392
0.85235 0.028445
0.90384 0.030861
0.64166 0.027629
0.68586 0.040115
0.63379 0.025234
0.71594 0.037527
0.81224 0.031866
0.79801 0.034409
0.64317 0.024351
0.78168 0.037332
0.68601 0.037445
0.73395 0.045084
0.65984 0.02507
0.73449 0.044986
0.69497 0.03658
0.75727 0.036456
0.75461 0.03685
0.67133 0.026112
0.76105 0.036581
0.67695 0.026424
0.77468 0.036969
0.76058 0.03654
0.77589 0.036771
0.68456 0.028361
0.78412 0.035304
0.6951 0.029828
0.79505 0.0333
0.79325 0.033714
0.69359 0.024341
0.80733 0.030892
0.70471 0.025013
0.73976 0.044248
0.80245 0.031736
0.82633 0.027674
0.71568 0.026832
0.84232 0.026811
0.72193 0.028136
0.74394 0.036875
0.84624 0.02676
0.86203 0.027259
0.72477 0.02557
0.87277 0.027332
0.73173 0.026622
0.88686 0.02703
0.87416 0.027263
0.89686 0.027298
0.73704 0.022614
0.90384 0.027462
0.75457 0.027072
0.91416 0.027284
0.91666 0.027181
0.75816 0.02333
0.85234 0.023699
0.76255 0.023212
0.94446 0.027808
0.93799 0.026576
0.94947 0.029028
0.7717 0.021628
0.96013 0.032586
0.80134 0.022951
0.96172 0.032442
0.96027 0.032615
0.8218 0.021016
0.90179 0.023808
0.87549 0.022403
0.90966 0.023662
0.96431 0.032215
0.96596 0.03278
0.88529 0.021413
0.97156 0.03384
0.92532 0.022131
0.97243 0.033737
0.97157 0.033839
0.97226 0.033754
0.96043 0.022739
0.97595 0.033675
0.9716 0.022972
0.9742 0.027142
0.97501 0.033671
0.97761 0.033532
