340
0.024345 0.020472
0.039861 0.023296
0.083597 0.020932
0.032641 0.027873
0.03966 0.027627
0.10524 0.020426
0.095856 0.024101
0.12049 0.023719
0.063276 0.028226
0.048411 0.027612
0.05637 0.027988
0.14905 0.022464
0.067787 0.028887
0.16164 0.022767
0.073974 0.031741
0.071724 0.030298
0.074203 0.031879
0.17283 0.022325
0.088633 0.031585
0.17746 0.02474
0.10838 0.033251
0.11933 0.031671
0.18258 0.026655
0.14034 0.032562
0.19179 0.027165
0.14402 0.033742
0.14014 0.032534
0.14292 0.033266
0.19099 0.029977
0.14452 0.034078
0.20789 0.025637
0.14799 0.03492
0.14446 0.034058
0.14864 0.03532
0.20353 0.03042
0.19158 0.034271
0.2252 0.021906
0.15297 0.037445
0.15282 0.036617
0.15344 0.03713
0.22976 0.029467
0.20057 0.03567
0.24593 0.021374
0.21068 0.034587
0.1547 0.038569
0.25067 0.027273
0.2058 0.036754
0.25928 0.029152
0.22652 0.036464
0.25957 0.033883
0.24519 0.035709
0.26918 0.022247
0.16837 0.038224
0.12518 0.038362
0.19314 0.036821
0.27244 0.022844
0.21771 0.036533
0.2709 0.032333
0.24974 0.037151
0.20984 0.037386
0.24479 0.038092
0.28786 0.02207
0.25322 0.037732
0.27983 0.031798
0.25526 0.038152
0.25438 0.037979
0.30356 0.025587
0.25916 0.038773
0.29223 0.030452
0.27373 0.03703
0.2592 0.03878
0.25499 0.038248
0.32453 0.027127
0.2762 0.036477
0.32655 0.028434
0.27659 0.037262
0.11863 0.038706
0.33484 0.026798
0.096221 0.037438
0.33749 0.027755
0.29829 0.034306
0.10035 0.037608
0.090878 0.036784
0.33358 0.035243
0.064732 0.033015
0.34333 0.032928
0.30589 0.035945
0.072497 0.036898
0.04947 0.032306
0.34613 0.034206
0.037711 0.033728
0.35129 0.027596
0.037959 0.036661
0.035973 0.035542
0.35026 0.037285
0.041832 0.037181
0.35172 0.037813
0.15027 0.03945
0.045266 0.037413
0.35559 0.036961
0.071658 0.037469
0.36106 0.03059
0.063111 0.034959
0.045518 0.037698
0.35764 0.03849
0.044043 0.038009
0.36453 0.029081
0.043962 0.038048
0.043958 0.038017
0.043728 0.038045
0.36349 0.038243
0.063689 0.035987
0.2955 0.038046
0.047086 0.037997
0.044355 0.038038
0.36797 0.037156
0.21851 0.037478
0.37391 0.033381
0.067954 0.037345
0.11258 0.038479
0.23445 0.038768
0.37961 0.023925
0.32665 0.038304
0.39776 0.022139
0.38992 0.027026
0.3218 0.036817
0.38673 0.033538
0.34713 0.038691
0.39378 0.035057
0.30363 0.037048
0.1216 0.039252
0.39497 0.035001
0.41994 0.025363
0.39631 0.035373
0.3658 0.038302
0.43755 0.03103
0.42042 0.027662
0.40478 0.030666
0.43362 0.031107
0.41633 0.029715
0.38855 0.038509
0.44909 0.02038
0.44369 0.021367
0.51837 0.020088
0.52578 0.020197
0.40028 0.024486
0.50322 0.023462
0.40693 0.024182
0.49913 0.025357
0.40684 0.024217
0.40604 0.024865
0.46257 0.025279
0.50362 0.027636
0.449 0.028312
0.47375 0.024554
0.49821 0.026874
0.52348 0.021683
0.43356 0.033848
0.4904 0.027913
0.51052 0.02552
0.50838 0.027548
0.44366 0.034707
0.4719 0.029517
0.51914 0.022892
0.52137 0.023939
0.46619 0.034091
0.51437 0.026416
0.54232 0.021402
0.54518 0.025143
0.56456 0.021233
0.5839 0.028088
0.54703 0.027563
0.58826 0.029675
0.53225 0.036077
0.58196 0.029404
0.53529 0.024273
0.51095 0.038662
0.58153 0.029285
0.56315 0.028405
0.53463 0.026205
0.53111 0.021661
0.56339 0.028991
0.5428 0.035554
0.47043 0.038688
0.45664 0.038173
0.54531 0.03527
0.43315 0.037426
0.52937 0.02217
0.47548 0.036674
0.41782 0.037163
0.41392 0.037797
0.53287 0.025515
0.59937 0.021684
0.59288 0.031714
0.61394 0.028544
0.61397 0.037997
0.5984 0.03457
0.61284 0.038366
0.58772 0.031291
0.59667 0.036514
0.67184 0.037617
0.59357 0.035855
0.59508 0.037686
0.70105 0.038621
0.79415 0.03782
0.55835 0.031841
0.57882 0.035542
0.67706 0.037633
0.59881 0.040338
0.48954 0.039656
0.44075 0.037656
0.60229 0.040326
0.61478 0.022188
0.63146 0.033303
0.62873 0.026334
0.72037 0.037921
0.67928 0.03701
0.90636 0.038856
0.69352 0.038736
0.77548 0.039276
0.77633 0.039291
0.67668 0.037638
0.62699 0.034482
0.65211 0.034392
0.81982 0.03778
0.66676 0.037182
0.94626 0.037709
0.93248 0.038165
0.94862 0.037746
0.68516 0.034365
0.90359 0.038863
0.71839 0.037117
0.96118 0.039868
0.95481 0.03923
0.96149 0.039927
0.64758 0.031393
0.9626 0.040112
0.70646 0.033718
0.79275 0.037963
0.96276 0.040136
0.68991 0.032685
0.83559 0.038941
0.71737 0.03477
0.96103 0.039713
0.96036 0.039543
0.64574 0.024718
0.83131 0.038061
0.73428 0.039343
0.95686 0.03852
0.95775 0.039121
0.95673 0.038543
0.65252 0.022427
0.95493 0.037965
0.71777 0.032222
0.94651 0.035522
0.95293 0.03744
0.94739 0.035623
0.67223 0.025637
0.75914 0.039471
0.7102 0.029494
0.90551 0.036759
0.93087 0.037483
0.69774 0.026898
0.74216 0.039164
0.68879 0.024069
0.77078 0.03714
0.90141 0.038363
0.88991 0.035209
0.69942 0.024003
0.86421 0.035409
0.74283 0.037168
0.78917 0.037512
0.71731 0.024544
0.79046 0.037365
0.75291 0.036182
0.83028 0.036283
0.82659 0.035583
0.73029 0.025772
0.83478 0.038176
0.73607 0.026164
0.84893 0.038587
0.8342 0.037933
0.8504 0.037743
0.74368 0.028157
0.8653 0.035217
0.75477 0.029542
0.87633 0.035346
0.87489 0.035318
0.7534 0.024154
0.89004 0.034728
0.76452 0.02485
0.80067 0.036708
0.88561 0.035098
0.89016 0.031931
0.77594 0.02655
0.89553 0.030244
0.78273 0.027462
0.81073 0.033595
0.89858 0.030958
0.90719 0.034216
0.78552 0.024715
0.91119 0.035003
0.79461 0.024684
0.91815 0.033363
0.91169 0.034682
0.92349 0.032132
0.80342 0.021782
0.92738 0.032463
0.82593 0.026409
0.93415 0.03192
0.93567 0.031781
0.8299 0.023241
0.89954 0.025838
0.83386 0.023538
0.95284 0.033147
0.94837 0.031156
0.9566 0.033997
0.8409 0.022099
0.96404 0.036831
0.86593 0.024198
0.96508 0.036205
0.96415 0.036833
0.8769 0.021614
0.92613 0.026114
0.91139 0.024555
0.9311 0.025848
0.96695 0.035215
0.96834 0.035499
0.91657 0.022633
0.97298 0.03565
0.94158 0.023546
0.97369 0.035533
0.97298 0.035649
0.97354 0.035553
0.96276 0.023591
0.97662 0.035464
0.97257 0.023361
0.97487 0.028076
0.97584 0.035459
0.978 0.035301
