340
0.020761 0.022698
0.024488 0.039293
0.031611 0.023652
0.024855 0.054042
0.027626 0.053838
0.036995 0.021418
0.037035 0.036
0.04366 0.031793
0.036969 0.054914
0.03075 0.053913
0.034177 0.054281
0.051696 0.025488
0.039218 0.055221
0.05907 0.023971
0.043816 0.056438
0.042069 0.056061
0.043991 0.056469
0.067728 0.022991
0.051762 0.055066
0.071801 0.025518
0.057812 0.053533
0.061654 0.052837
0.078507 0.027768
0.070076 0.053078
0.08736 0.028282
0.074576 0.054782
0.069944 0.053041
0.072777 0.053975
0.093309 0.031873
0.075757 0.055581
0.10002 0.02729
0.079802 0.056606
0.075669 0.055541
0.080913 0.05722
0.10354 0.033746
0.10286 0.03871
0.11016 0.022893
0.086043 0.059878
0.085502 0.057791
0.086374 0.058696
0.11528 0.033244
0.10874 0.042935
0.12465 0.02201
0.11428 0.045013
0.088273 0.060305
0.12755 0.030706
0.11445 0.050623
0.13436 0.031025
0.11992 0.049052
0.13507 0.038165
0.12494 0.047888
0.1438 0.022942
0.10433 0.06157
0.075997 0.067138
0.1133 0.058988
0.14671 0.024155
0.11978 0.056788
0.14618 0.036954
0.1264 0.055608
0.11828 0.05727
0.1251 0.055482
0.15498 0.02398
0.12761 0.056712
0.15252 0.039063
0.12815 0.057853
0.12789 0.057433
0.16228 0.031949
0.12921 0.059739
0.15824 0.040769
0.14992 0.049807
0.1292 0.059833
0.12747 0.060921
0.17215 0.031528
0.15205 0.049711
0.17379 0.032743
0.15019 0.054831
0.07525 0.071316
0.18094 0.028391
0.064784 0.073347
0.18309 0.029412
0.16176 0.049898
0.066279 0.073053
0.06173 0.07398
0.17956 0.03881
0.043758 0.076353
0.18756 0.034684
0.16444 0.053381
0.048998 0.075777
0.035572 0.077024
0.18911 0.036455
0.02911 0.080011
0.19545 0.029076
0.025963 0.087426
0.026894 0.08428
0.19319 0.041848
0.025066 0.092014
0.19522 0.043894
0.084111 0.0728
0.024403 0.09591
0.19862 0.040211
0.046987 0.07985
0.20262 0.033958
0.040705 0.081048
0.0241 0.099787
0.20028 0.044787
0.023924 0.10528
0.20549 0.032701
0.023941 0.1063
0.023919 0.10541
0.023909 0.10595
0.2043 0.044525
0.040152 0.082795
0.15588 0.064827
0.024239 0.10543
0.023981 0.10637
0.2087 0.044051
0.12194 0.069557
0.21324 0.037038
0.041478 0.084863
0.072594 0.077926
0.12352 0.070968
0.21546 0.025676
0.17429 0.058996
0.22833 0.023836
0.22332 0.030672
0.17215 0.059703
0.22354 0.04167
0.18858 0.056999
0.23031 0.047595
0.15835 0.06641
0.07587 0.078395
0.23094 0.047689
0.25494 0.033204
0.23222 0.051445
0.20629 0.057235
0.26385 0.03832
0.25579 0.037095
0.24283 0.048578
0.25876 0.043992
0.25349 0.043627
0.27907 0.03946
0.26891 0.020586
0.26643 0.022422
0.43374 0.02009
0.50349 0.020223
0.2303 0.029871
0.35025 0.020879
0.23729 0.033905
0.32224 0.021964
0.23719 0.033998
0.2368 0.035753
0.28141 0.025453
0.35549 0.021972
0.27162 0.030974
0.29481 0.024914
0.32053 0.022753
0.47995 0.021506
0.2733 0.035549
0.3143 0.024946
0.38668 0.022499
0.38371 0.022974
0.32601 0.025816
0.30466 0.027995
0.43508 0.022963
0.46891 0.023167
0.30097 0.02854
0.3992 0.024408
0.70461 0.020364
0.71672 0.022141
0.74197 0.021151
0.75681 0.029396
0.72514 0.024118
0.75974 0.030901
0.72013 0.0267
0.75501 0.031224
0.652 0.021283
0.68434 0.023242
0.75468 0.031102
0.74658 0.030395
0.65038 0.021872
0.59199 0.021459
0.74773 0.0316
0.73706 0.031798
0.68639 0.025056
0.68355 0.025793
0.7395 0.034263
0.70512 0.029646
0.55454 0.022265
0.66792 0.026207
0.69563 0.029432
0.7216 0.0425
0.6263 0.02336
0.77298 0.021793
0.76307 0.032737
0.78126 0.034232
0.77757 0.04526
0.76756 0.035667
0.77594 0.043807
0.75893 0.032937
0.76471 0.037943
0.81082 0.055055
0.76191 0.037571
0.76191 0.039511
0.82923 0.059045
0.86492 0.06633
0.74511 0.03497
0.75114 0.041714
0.8149 0.057121
0.76055 0.047174
0.73304 0.040532
0.73037 0.044325
0.76074 0.055971
0.78406 0.023908
0.78791 0.04362
0.78927 0.031279
0.83969 0.058162
0.81627 0.053923
0.93127 0.077827
0.82508 0.058196
0.86376 0.065894
0.86384 0.066007
0.81467 0.057086
0.78531 0.057052
0.79628 0.040941
0.88297 0.070969
0.80737 0.045016
0.97181 0.094418
0.96343 0.084287
0.97222 0.095272
0.82018 0.048581
0.92143 0.075866
0.83708 0.054064
0.97346 0.097355
0.97289 0.096752
0.97349 0.097348
0.79888 0.035029
0.97358 0.09681
0.83061 0.049295
0.86516 0.06
0.97358 0.096304
0.82354 0.04526
0.88538 0.067811
0.83563 0.049414
0.97261 0.091271
0.9723 0.090335
0.80193 0.026572
0.88492 0.065477
0.8435 0.049693
0.96674 0.081596
0.97076 0.08685
0.96692 0.081794
0.80739 0.023739
0.96304 0.078553
0.83709 0.043919
0.95693 0.075741
0.96148 0.077602
0.9576 0.075973
0.81763 0.031898
0.85767 0.050982
0.83453 0.039715
0.91844 0.07067
0.938 0.072737
0.83007 0.033595
0.85121 0.045199
0.82593 0.028196
0.86459 0.048776
0.9123 0.06978
0.90669 0.068486
0.83143 0.027884
0.89541 0.064235
0.8538 0.040217
0.86886 0.048181
0.84029 0.028734
0.86967 0.047424
0.86022 0.039809
0.88641 0.056608
0.88571 0.056568
0.84733 0.02871
0.88747 0.056554
0.85144 0.028129
0.89206 0.058335
0.88733 0.05655
0.89271 0.05862
0.8583 0.029837
0.89756 0.060546
0.86547 0.032117
0.90368 0.062559
0.90273 0.062279
0.8658 0.025287
0.90843 0.062674
0.87465 0.026624
0.88279 0.039712
0.90678 0.062474
0.91267 0.063321
0.88195 0.028779
0.91456 0.06273
0.88788 0.027623
0.89409 0.0389
0.91497 0.062514
0.91788 0.061607
0.89066 0.025347
0.91984 0.058881
0.89782 0.02591
0.92321 0.058468
0.92014 0.058758
0.92566 0.058538
0.90466 0.022376
0.92745 0.058493
0.91246 0.031853
0.93167 0.05853
0.93272 0.058642
0.92109 0.025638
0.9272 0.040244
0.92385 0.025457
0.94304 0.059887
0.94064 0.0593
0.94475 0.060435
0.92925 0.023015
0.95061 0.061591
0.93785 0.029807
0.95339 0.060454
0.95082 0.061526
0.94666 0.024484
0.94872 0.037273
0.95313 0.031248
0.95227 0.037374
0.95823 0.058508
0.96051 0.058384
0.95978 0.027255
0.96816 0.058686
0.96407 0.032753
0.96944 0.058567
0.96817 0.058685
0.96918 0.058592
0.97266 0.029749
0.97437 0.058452
0.97687 0.02799
0.9764 0.03944
0.97307 0.058444
0.97672 0.058152
