340
0.024115 0.020499
0.039156 0.023259
0.083042 0.020964
0.031884 0.028158
0.038821 0.027548
0.10399 0.020392
0.094921 0.024262
0.12221 0.023681
0.063957 0.028448
0.047967 0.027106
0.057086 0.027394
0.14889 0.022439
0.068443 0.029374
0.16258 0.022409
0.075442 0.032112
0.072753 0.030889
0.075705 0.032205
0.17509 0.022083
0.090975 0.032292
0.18093 0.023922
0.11096 0.03134
0.12266 0.031504
0.18629 0.025587
0.14155 0.032575
0.19752 0.025977
0.1454 0.033475
0.14141 0.03255
0.14408 0.033125
0.1958 0.028398
0.14603 0.033738
0.21814 0.024469
0.14957 0.034351
0.14596 0.033723
0.15025 0.034628
0.21165 0.028283
0.19669 0.031587
0.23838 0.021462
0.15447 0.03585
0.15408 0.03523
0.15477 0.035549
0.24411 0.026304
0.20725 0.031736
0.26944 0.021121
0.22506 0.030618
0.15651 0.036462
0.2746 0.026373
0.21672 0.032409
0.28482 0.027876
0.24589 0.03064
0.28627 0.031959
0.27127 0.031726
0.29593 0.0221
0.17391 0.037136
0.13535 0.037883
0.2018 0.035149
0.29946 0.022861
0.2368 0.032468
0.29766 0.031866
0.27807 0.034617
0.22673 0.032887
0.27279 0.033716
0.31419 0.022027
0.28262 0.035738
0.30565 0.031768
0.28481 0.036404
0.28391 0.036135
0.33026 0.02531
0.28835 0.037603
0.31812 0.030034
0.30059 0.037711
0.28839 0.037625
0.28481 0.036766
0.35327 0.025307
0.30231 0.037154
0.35652 0.026214
0.30279 0.039974
0.13083 0.039359
0.36918 0.02565
0.10501 0.038551
0.37217 0.026976
0.32395 0.033033
0.10832 0.038565
0.098508 0.038446
0.36636 0.03167
0.06663 0.033178
0.37788 0.033375
0.3318 0.034468
0.077179 0.037422
0.048084 0.031468
0.37983 0.035791
0.035876 0.033808
0.3851 0.028982
0.035925 0.036962
0.034198 0.035931
0.38328 0.041682
0.039262 0.037482
0.38443 0.043229
0.15492 0.040065
0.042076 0.037743
0.38718 0.039035
0.077027 0.038484
0.39242 0.031588
0.065249 0.034569
0.042275 0.038179
0.38836 0.042211
0.04091 0.038705
0.39663 0.030413
0.040838 0.03877
0.040837 0.038717
0.040644 0.038761
0.39365 0.040382
0.06621 0.03559
0.31755 0.039208
0.043921 0.038584
0.041168 0.038756
0.40181 0.039688
0.24281 0.034059
0.40596 0.036521
0.073048 0.038169
0.12446 0.040628
0.25897 0.034213
0.40799 0.025706
0.36084 0.03949
0.42176 0.022619
0.41542 0.029338
0.35785 0.038852
0.41395 0.039087
0.38079 0.047183
0.42047 0.038848
0.32851 0.03861
0.13756 0.04153
0.42174 0.03825
0.43745 0.032222
0.42325 0.038492
0.39867 0.041974
0.4548 0.041181
0.44103 0.037376
0.43279 0.036625
0.45138 0.041367
0.44085 0.040096
0.49315 0.057464
0.44792 0.020748
0.44578 0.022927
0.49578 0.020083
0.50462 0.020157
0.42409 0.02597
0.48176 0.023705
0.42933 0.027165
0.47763 0.026068
0.42927 0.027202
0.42904 0.028082
0.45702 0.02854
0.48282 0.028119
0.45501 0.035718
0.46468 0.029668
0.47701 0.027911
0.50184 0.021416
0.4666 0.043185
0.47472 0.031701
0.48824 0.025825
0.48739 0.027895
0.4855 0.042588
0.47701 0.038864
0.49662 0.022673
0.49924 0.023469
0.47789 0.040518
0.49202 0.026443
0.52768 0.02121
0.5323 0.024769
0.54722 0.021598
0.56117 0.027615
0.53686 0.027415
0.56533 0.028278
0.53332 0.033658
0.55879 0.029558
0.51678 0.023219
0.52084 0.035541
0.55844 0.02956
0.54975 0.03293
0.51643 0.024632
0.51114 0.021224
0.54992 0.034191
0.54148 0.038807
0.51427 0.044977
0.51201 0.047365
0.54114 0.042267
0.51069 0.050979
0.5089 0.021611
0.51385 0.042729
0.50884 0.053318
0.50897 0.056257
0.51345 0.024075
0.58348 0.021412
0.57063 0.029228
0.59304 0.030709
0.58598 0.038595
0.57634 0.031674
0.58471 0.038163
0.56356 0.030036
0.57267 0.033056
0.63039 0.038629
0.56896 0.032788
0.56894 0.034193
0.67381 0.037811
0.76468 0.035257
0.5446 0.04126
0.54667 0.04331
0.63932 0.037552
0.56469 0.037712
0.52142 0.047307
0.51238 0.051453
0.56611 0.038516
0.59755 0.022863
0.60166 0.037729
0.60499 0.028362
0.6932 0.039778
0.64307 0.036192
0.89133 0.037858
0.66466 0.036651
0.75191 0.035272
0.75265 0.035226
0.63884 0.037627
0.59791 0.040427
0.61093 0.037241
0.80709 0.037532
0.62424 0.037042
0.9395 0.035384
0.921 0.039821
0.94309 0.034749
0.65202 0.033151
0.87542 0.037556
0.69142 0.037536
0.95818 0.037674
0.95047 0.035274
0.95862 0.037832
0.61533 0.032714
0.95997 0.03834
0.67951 0.034036
0.76503 0.03454
0.9602 0.038422
0.66008 0.031614
0.81981 0.036976
0.69049 0.035087
0.95799 0.037389
0.957 0.03699
0.62054 0.025494
0.81616 0.036433
0.70556 0.039577
0.95296 0.034693
0.95381 0.03574
0.95281 0.034686
0.62736 0.022773
0.95094 0.033589
0.69077 0.03251
0.94081 0.032495
0.94888 0.032865
0.94206 0.032358
0.64384 0.026392
0.72543 0.038951
0.68328 0.030022
0.89348 0.036206
0.92111 0.037887
0.67136 0.026595
0.71376 0.039274
0.66113 0.023835
0.74887 0.032625
0.86996 0.037047
0.85937 0.038053
0.67298 0.023866
0.84483 0.038419
0.71539 0.036184
0.76704 0.03256
0.69007 0.024692
0.76872 0.032569
0.72415 0.034925
0.81686 0.034104
0.8136 0.034199
0.70261 0.025588
0.8213 0.034258
0.70849 0.025884
0.83757 0.036111
0.82074 0.034209
0.83894 0.036263
0.71708 0.02791
0.84715 0.036811
0.7277 0.028887
0.85686 0.036197
0.8553 0.036438
0.7262 0.02399
0.86647 0.034987
0.73916 0.024087
0.78349 0.03241
0.86285 0.035369
0.87917 0.03265
0.75237 0.024849
0.88827 0.032517
0.76304 0.024209
0.79942 0.030783
0.89031 0.03269
0.89846 0.03398
0.76824 0.023018
0.90402 0.033875
0.78038 0.023661
0.91166 0.032833
0.90477 0.033701
0.91714 0.032585
0.79056 0.021526
0.92111 0.032289
0.81541 0.026077
0.92792 0.0312
0.92959 0.030863
0.81954 0.022871
0.89347 0.027099
0.82463 0.0228
0.94997 0.029543
0.94467 0.028478
0.95407 0.030904
0.83508 0.021484
0.96296 0.034899
0.86202 0.023822
0.96432 0.034684
0.96308 0.034929
0.87631 0.021602
0.91986 0.026359
0.90548 0.024519
0.92492 0.025798
0.96654 0.034345
0.96796 0.034961
0.9108 0.022596
0.97277 0.036139
0.93534 0.023045
0.97351 0.036018
0.97277 0.036137
0.97336 0.036039
0.96322 0.02324
0.97653 0.035946
0.97279 0.023466
0.97502 0.028328
0.97572 0.035942
0.97795 0.035779
