340
0.025788 0.020355
0.046229 0.022585
0.094743 0.020972
0.036838 0.026004
0.045979 0.025977
0.1154 0.020441
0.10625 0.024287
0.1304 0.023401
0.074149 0.027601
0.056884 0.026171
0.066688 0.026949
0.1606 0.022601
0.078887 0.028498
0.17297 0.022897
0.08538 0.03163
0.083016 0.030079
0.08562 0.031781
0.18334 0.022557
0.099433 0.032253
0.18739 0.025289
0.11813 0.033701
0.12871 0.030809
0.19208 0.027364
0.15258 0.032818
0.20044 0.027878
0.15573 0.034313
0.1524 0.032774
0.1548 0.033737
0.19954 0.030968
0.15615 0.034703
0.215 0.026026
0.15907 0.035797
0.1561 0.034678
0.15965 0.036223
0.21086 0.031404
0.19922 0.035734
0.23202 0.021815
0.16376 0.038165
0.1637 0.037307
0.16426 0.0378
0.23682 0.029119
0.20699 0.037355
0.25329 0.021385
0.21582 0.035665
0.16539 0.039204
0.25808 0.027242
0.21137 0.038382
0.26685 0.029049
0.23175 0.035675
0.26716 0.033756
0.25264 0.035871
0.27676 0.02222
0.17872 0.039722
0.13542 0.036228
0.20017 0.038599
0.27992 0.022771
0.22224 0.037205
0.27792 0.032169
0.25736 0.037172
0.21432 0.038831
0.25227 0.038296
0.29678 0.021945
0.26082 0.037485
0.28717 0.030925
0.26287 0.037739
0.26198 0.037639
0.31259 0.025469
0.2668 0.038573
0.30132 0.030148
0.27993 0.036709
0.26683 0.038582
0.26259 0.037854
0.33428 0.027261
0.28247 0.035986
0.33637 0.028738
0.28272 0.036639
0.12702 0.03754
0.34417 0.027125
0.10629 0.038227
0.34659 0.02802
0.30646 0.034298
0.11015 0.038273
0.10138 0.037711
0.34218 0.036419
0.075676 0.032164
0.35116 0.033329
0.31346 0.035632
0.083819 0.036606
0.058204 0.030052
0.35375 0.034787
0.043524 0.030678
0.36043 0.027886
0.043839 0.032972
0.041269 0.032008
0.35791 0.038393
0.048685 0.033573
0.35941 0.038943
0.16089 0.040423
0.052965 0.033909
0.36324 0.037743
0.082936 0.03709
0.36902 0.031861
0.073973 0.033804
0.053279 0.034148
0.36481 0.039604
0.05144 0.034338
0.37227 0.030056
0.05134 0.034366
0.051334 0.034341
0.051048 0.034353
0.36989 0.040591
0.074579 0.034822
0.30298 0.037824
0.055233 0.03448
0.051829 0.034373
0.37387 0.039235
0.22281 0.03797
0.3798 0.033754
0.079054 0.036605
0.12159 0.03839
0.24163 0.038471
0.38686 0.023839
0.33486 0.038971
0.40417 0.022346
0.39716 0.027495
0.33059 0.036728
0.39312 0.034014
0.35361 0.039616
0.3993 0.036551
0.3112 0.036863
0.13051 0.037497
0.40033 0.036587
0.42426 0.025822
0.4014 0.037019
0.37205 0.040649
0.43968 0.032044
0.4247 0.028329
0.40994 0.031852
0.43623 0.032172
0.42072 0.030684
0.39361 0.039144
0.45122 0.020407
0.44607 0.021479
0.52181 0.020085
0.5292 0.020201
0.40641 0.024938
0.50613 0.023477
0.4124 0.024628
0.50219 0.025235
0.41231 0.024667
0.41161 0.025386
0.46352 0.025858
0.50651 0.027672
0.45114 0.028908
0.47347 0.024527
0.50129 0.026659
0.52689 0.021632
0.43557 0.035244
0.49283 0.027082
0.5131 0.025452
0.51108 0.027471
0.44453 0.035904
0.47177 0.02971
0.52257 0.022791
0.52479 0.023786
0.46579 0.035414
0.51742 0.026258
0.54387 0.021717
0.54612 0.026425
0.56226 0.021509
0.57763 0.028579
0.5475 0.029309
0.58252 0.029251
0.53462 0.037142
0.57665 0.030419
0.53821 0.024895
0.51172 0.038477
0.57625 0.030379
0.56146 0.030307
0.53767 0.027063
0.53452 0.021826
0.56183 0.031037
0.54376 0.038058
0.46835 0.039846
0.45607 0.039617
0.54589 0.037945
0.43422 0.039122
0.53277 0.022343
0.47347 0.036704
0.42003 0.038843
0.41625 0.039636
0.53615 0.026171
0.59528 0.021499
0.58853 0.030104
0.61088 0.028571
0.61565 0.039673
0.59696 0.033166
0.61465 0.039495
0.58269 0.030981
0.59588 0.03478
0.65565 0.039387
0.59144 0.033802
0.59448 0.035729
0.68626 0.037175
0.78925 0.038089
0.55742 0.034647
0.5772 0.038137
0.66074 0.039326
0.6014 0.038845
0.49256 0.037278
0.44085 0.038808
0.60541 0.039195
0.61171 0.022265
0.62627 0.039457
0.62337 0.028739
0.70705 0.036353
0.66328 0.038556
0.89527 0.038959
0.67729 0.038382
0.77157 0.038181
0.77241 0.038468
0.66034 0.039347
0.62408 0.039852
0.63789 0.038764
0.81766 0.037998
0.65077 0.039157
0.93283 0.035561
0.91935 0.038764
0.93582 0.035093
0.66892 0.035185
0.89233 0.038917
0.70463 0.035828
0.95266 0.034669
0.94388 0.034637
0.95313 0.034699
0.63545 0.03549
0.95494 0.034786
0.69155 0.032486
0.78748 0.038337
0.95523 0.034796
0.67345 0.032968
0.83459 0.038618
0.70345 0.03365
0.95245 0.03456
0.95149 0.034463
0.63471 0.026504
0.82907 0.037456
0.72551 0.036441
0.9468 0.033906
0.94795 0.034299
0.94663 0.033932
0.63959 0.023104
0.94422 0.033649
0.70369 0.031241
0.93356 0.033523
0.94157 0.033659
0.93465 0.033451
0.65682 0.026232
0.75389 0.036786
0.69497 0.028717
0.89433 0.036761
0.91795 0.038165
0.68111 0.026626
0.73583 0.036073
0.6723 0.024201
0.76659 0.035491
0.89001 0.0391
0.87951 0.038853
0.68305 0.023798
0.86174 0.03874
0.73558 0.034394
0.78423 0.038131
0.70281 0.024169
0.78523 0.03797
0.74691 0.034208
0.82758 0.035716
0.82394 0.03534
0.71693 0.02483
0.83343 0.037873
0.72431 0.025147
0.84815 0.039582
0.83268 0.037517
0.84945 0.038531
0.73347 0.026748
0.8626 0.038678
0.74644 0.028211
0.87037 0.040365
0.86934 0.040196
0.74492 0.023602
0.8796 0.038225
0.75765 0.024233
0.79668 0.034546
0.87671 0.039579
0.87974 0.034714
0.77049 0.026084
0.88404 0.031739
0.77775 0.027666
0.80889 0.03251
0.88718 0.031931
0.896 0.034361
0.78063 0.024815
0.90019 0.035521
0.78834 0.024794
0.90675 0.034133
0.90069 0.035232
0.91141 0.032919
0.79803 0.021523
0.91494 0.033126
0.82236 0.026334
0.92135 0.032024
0.92285 0.031656
0.82636 0.023106
0.88824 0.026248
0.83078 0.023389
0.94213 0.030216
0.9367 0.029388
0.94703 0.030508
0.83806 0.022034
0.95735 0.032301
0.86183 0.025155
0.95882 0.031797
0.9575 0.032298
0.87 0.022142
0.91381 0.026475
0.90004 0.024711
0.91858 0.026047
0.96149 0.031
0.96344 0.031152
0.90506 0.022773
0.97002 0.031197
0.92906 0.023248
0.97103 0.031112
0.97002 0.031196
0.97082 0.031126
0.95597 0.022629
0.9752 0.031062
0.96961 0.022405
0.97282 0.025777
0.97409 0.031059
0.97717 0.030946
