340
0.025328 0.020385
0.044229 0.022772
0.089591 0.02104
0.0355 0.026489
0.043995 0.026411
0.10893 0.020467
0.10037 0.02458
0.12331 0.023496
0.070351 0.028127
0.054206 0.026595
0.063371 0.027432
0.1549 0.022501
0.074782 0.029091
0.16728 0.022807
0.080854 0.032449
0.078648 0.030786
0.081078 0.032611
0.17835 0.022323
0.093967 0.033099
0.18293 0.024674
0.11148 0.034442
0.12168 0.031165
0.18822 0.026464
0.14656 0.031927
0.19787 0.026811
0.15026 0.033485
0.14636 0.031878
0.14915 0.03289
0.19703 0.02949
0.15079 0.033879
0.21492 0.025292
0.15423 0.035107
0.15073 0.033852
0.15488 0.035553
0.21029 0.029814
0.19765 0.033568
0.23323 0.021818
0.15919 0.037715
0.15901 0.036874
0.15963 0.037394
0.23799 0.029074
0.20714 0.034794
0.2547 0.021345
0.21789 0.033709
0.16091 0.038855
0.25952 0.02712
0.2127 0.03575
0.26833 0.028831
0.23461 0.035723
0.26863 0.03339
0.25395 0.035362
0.27873 0.022126
0.17407 0.038436
0.12843 0.036259
0.19929 0.035972
0.28216 0.022644
0.2254 0.035653
0.28054 0.031562
0.25857 0.036817
0.21699 0.036327
0.25354 0.037681
0.29956 0.021768
0.26211 0.037286
0.29012 0.030515
0.26419 0.037635
0.26329 0.037492
0.31837 0.024575
0.26821 0.038117
0.30468 0.028795
0.28351 0.035713
0.26824 0.038124
0.26391 0.037735
0.34346 0.026354
0.28613 0.034993
0.34567 0.027626
0.28655 0.035673
0.12018 0.038174
0.3546 0.026553
0.10041 0.039471
0.3574 0.027671
0.31187 0.031852
0.10403 0.03951
0.095797 0.03893
0.35309 0.034508
0.071779 0.033007
0.36293 0.03351
0.32124 0.033019
0.079397 0.037773
0.055442 0.030744
0.36528 0.035219
0.041696 0.031476
0.37035 0.028455
0.041991 0.033938
0.039586 0.032929
0.36846 0.039175
0.046529 0.034526
0.36961 0.039897
0.15674 0.039759
0.050537 0.034861
0.37295 0.039008
0.078573 0.038289
0.3787 0.031893
0.070186 0.034758
0.05083 0.035117
0.37436 0.040742
0.049109 0.035318
0.38209 0.030235
0.049015 0.035348
0.04901 0.035321
0.048741 0.035335
0.37905 0.040615
0.070753 0.035847
0.30852 0.035055
0.05266 0.035474
0.049473 0.035356
0.38334 0.039588
0.22625 0.036561
0.38953 0.035046
0.074938 0.037762
0.11481 0.039256
0.24289 0.038094
0.3954 0.024263
0.34567 0.03656
0.41328 0.022146
0.4054 0.027139
0.34038 0.034708
0.4013 0.034157
0.3657 0.040179
0.40828 0.035056
0.31845 0.03396
0.12364 0.037965
0.4095 0.034988
0.43457 0.025744
0.4108 0.03538
0.38111 0.0407
0.45008 0.032299
0.43503 0.028216
0.41996 0.030977
0.44659 0.032292
0.43097 0.030308
0.40216 0.039202
0.46117 0.020422
0.45621 0.021511
0.52784 0.020101
0.53379 0.02024
0.4158 0.024541
0.51359 0.02362
0.42235 0.024335
0.50979 0.02564
0.42226 0.024369
0.4215 0.025028
0.47317 0.025757
0.51396 0.027977
0.46109 0.029233
0.48375 0.024515
0.50892 0.0272
0.53194 0.02199
0.44596 0.035328
0.50142 0.02793
0.52041 0.026013
0.51838 0.028094
0.45461 0.036244
0.48183 0.029562
0.52845 0.023331
0.53024 0.024605
0.47523 0.035013
0.52431 0.027165
0.54718 0.021741
0.54947 0.026392
0.56432 0.02179
0.57674 0.030006
0.55098 0.029423
0.58083 0.030473
0.54032 0.039319
0.57571 0.032228
0.54144 0.0253
0.52093 0.040038
0.57541 0.03221
0.564 0.032141
0.5409 0.027695
0.53808 0.022058
0.56445 0.033054
0.55023 0.03886
0.47787 0.039195
0.46515 0.040037
0.55246 0.038833
0.44482 0.039148
0.53667 0.022689
0.48411 0.036507
0.43113 0.038129
0.42745 0.038665
0.53949 0.026836
0.59299 0.02153
0.58625 0.031012
0.60889 0.028215
0.61211 0.038932
0.59332 0.033304
0.61101 0.03868
0.58053 0.032434
0.59179 0.034976
0.65369 0.039277
0.58792 0.034503
0.59018 0.036011
0.68356 0.040248
0.77701 0.037516
0.56242 0.036762
0.57509 0.041756
0.65922 0.039174
0.59569 0.038631
0.50085 0.03954
0.45128 0.039352
0.60035 0.038747
0.60976 0.022157
0.62395 0.039166
0.62198 0.028553
0.69948 0.039792
0.66196 0.038395
0.89813 0.039737
0.6765 0.040144
0.75758 0.037507
0.75854 0.037635
0.65877 0.039198
0.62165 0.039528
0.63598 0.038988
0.80466 0.037715
0.64886 0.039111
0.93587 0.036004
0.92233 0.038555
0.93883 0.035632
0.66761 0.035269
0.89556 0.039647
0.69793 0.039038
0.95479 0.035736
0.94658 0.035444
0.95523 0.035775
0.63367 0.035685
0.95692 0.035895
0.68758 0.034907
0.7755 0.037615
0.95719 0.035911
0.67204 0.033666
0.82053 0.037151
0.69711 0.036437
0.95459 0.035617
0.9537 0.035499
0.63327 0.026607
0.81587 0.036953
0.71228 0.039223
0.94932 0.034771
0.95039 0.035227
0.94915 0.034793
0.63794 0.023169
0.94691 0.034412
0.69734 0.033588
0.93662 0.033933
0.94442 0.034336
0.93769 0.033894
0.65494 0.026223
0.73935 0.03792
0.69035 0.030485
0.89736 0.037516
0.92087 0.037884
0.67884 0.027433
0.721 0.037971
0.67054 0.024377
0.75239 0.035662
0.89353 0.039052
0.88225 0.035333
0.68044 0.024327
0.85527 0.033297
0.72169 0.036057
0.77194 0.037007
0.69681 0.025053
0.77314 0.036931
0.73264 0.035099
0.81472 0.035406
0.8109 0.035157
0.70857 0.025777
0.81964 0.036575
0.71472 0.025953
0.83591 0.034838
0.81901 0.036434
0.83782 0.033951
0.72278 0.027615
0.85645 0.033276
0.73466 0.028809
0.86838 0.034499
0.86683 0.034372
0.73322 0.02386
0.88238 0.034858
0.7453 0.024455
0.78422 0.035439
0.87802 0.034916
0.8825 0.032043
0.75764 0.025944
0.88779 0.030512
0.76535 0.027072
0.79561 0.032965
0.89079 0.031312
0.89895 0.034903
0.76852 0.024491
0.9027 0.035833
0.7772 0.024588
0.90929 0.034033
0.90317 0.035507
0.91431 0.032583
0.78655 0.021632
0.91797 0.03281
0.80994 0.026265
0.92466 0.031974
0.92617 0.031662
0.81411 0.023076
0.89173 0.026037
0.81845 0.023252
0.94495 0.030737
0.93973 0.029744
0.94953 0.031168
0.82619 0.021817
0.95918 0.033253
0.85714 0.023686
0.96055 0.032727
0.95931 0.033252
0.869 0.021529
0.91696 0.0263
0.90299 0.024809
0.92188 0.025971
0.96302 0.031897
0.96481 0.032082
0.9079 0.022773
0.97084 0.032204
0.93227 0.02331
0.97177 0.032112
0.97085 0.032203
0.97158 0.032128
0.95788 0.022829
0.97559 0.032058
0.97047 0.022621
0.97342 0.026297
0.97457 0.032055
0.9774 0.031932
