340
0.024422 0.020464
0.040207 0.023496
0.077595 0.021125
0.032864 0.027906
0.040007 0.028077
0.095865 0.020482
0.087827 0.024838
0.10966 0.02406
0.060773 0.029592
0.047664 0.028571
0.054651 0.029129
0.13555 0.02255
0.06454 0.030493
0.14901 0.022614
0.069826 0.034154
0.067934 0.032338
0.070015 0.03432
0.16029 0.02251
0.081753 0.033984
0.16437 0.025255
0.098639 0.034804
0.10886 0.032712
0.16858 0.027979
0.12788 0.033938
0.17626 0.028869
0.13092 0.034829
0.12771 0.033921
0.13006 0.034448
0.17578 0.032387
0.13128 0.035133
0.18935 0.02648
0.13382 0.035623
0.13123 0.035118
0.1343 0.035958
0.18557 0.032635
0.1764 0.037668
0.2052 0.021985
0.13793 0.03773
0.13795 0.036883
0.1385 0.037349
0.20937 0.030251
0.18302 0.039414
0.22355 0.021657
0.19126 0.036487
0.13964 0.038642
0.22746 0.028614
0.1875 0.039632
0.23487 0.030419
0.20595 0.03701
0.2355 0.035786
0.22324 0.038853
0.24379 0.022726
0.15569 0.039102
0.11548 0.039799
0.1774 0.040938
0.24656 0.023645
0.1972 0.038113
0.24567 0.035329
0.22709 0.040424
0.19047 0.039941
0.22299 0.041675
0.25725 0.022787
0.23011 0.040617
0.25215 0.035837
0.23194 0.040809
0.23114 0.040728
0.27015 0.026863
0.23569 0.04144
0.26063 0.033353
0.2491 0.042444
0.23572 0.04145
0.2317 0.040956
0.28869 0.026443
0.25054 0.042105
0.29091 0.027448
0.25089 0.043486
0.10903 0.040204
0.30135 0.025615
0.088027 0.040514
0.30456 0.026324
0.26485 0.037833
0.091517 0.040267
0.083583 0.040269
0.297 0.032632
0.062122 0.035159
0.31098 0.030879
0.26956 0.039811
0.068636 0.040249
0.04857 0.033941
0.31444 0.032474
0.038149 0.034306
0.32124 0.027051
0.038548 0.037384
0.036432 0.03598
0.31971 0.035812
0.042146 0.03842
0.32117 0.036488
0.13499 0.040164
0.044997 0.039111
0.32458 0.036074
0.067939 0.040746
0.33026 0.030323
0.060638 0.037243
0.045214 0.039457
0.32622 0.037909
0.043966 0.039591
0.33397 0.028892
0.043898 0.039622
0.043894 0.039588
0.0437 0.039586
0.33149 0.037796
0.061156 0.03843
0.26239 0.044141
0.046544 0.040005
0.044231 0.039666
0.3358 0.036657
0.19795 0.039171
0.34288 0.032906
0.064833 0.040265
0.10291 0.040503
0.21361 0.04083
0.34958 0.023691
0.2855 0.036684
0.37061 0.021747
0.361 0.026055
0.28156 0.036643
0.3548 0.032044
0.31538 0.036735
0.36302 0.032443
0.26795 0.042056
0.11187 0.040796
0.36455 0.032293
0.39478 0.025028
0.36601 0.032517
0.3335 0.037997
0.41422 0.029177
0.39531 0.02716
0.37839 0.029415
0.40956 0.029132
0.39062 0.029102
0.35325 0.037557
0.42923 0.020315
0.4235 0.021141
0.51305 0.020078
0.52125 0.02018
0.37373 0.023762
0.49542 0.022778
0.38196 0.023807
0.49003 0.024147
0.38185 0.023835
0.38091 0.024393
0.44535 0.024573
0.49593 0.026147
0.42914 0.026899
0.45777 0.024039
0.48882 0.025281
0.51876 0.021525
0.40796 0.031396
0.47841 0.025945
0.50403 0.024702
0.50157 0.026318
0.42062 0.032078
0.45518 0.02851
0.51394 0.022579
0.51648 0.023542
0.44643 0.032052
0.50846 0.025624
0.53912 0.021278
0.5423 0.024668
0.5647 0.021001
0.59113 0.025177
0.54434 0.026843
0.59798 0.025838
0.52818 0.034909
0.58831 0.026212
0.53147 0.023942
0.50378 0.035889
0.58768 0.026181
0.56294 0.026888
0.53076 0.02573
0.52698 0.021543
0.56323 0.027355
0.53966 0.034172
0.44701 0.036513
0.43261 0.035701
0.54244 0.033856
0.40531 0.034421
0.5251 0.022007
0.45438 0.034258
0.38834 0.035783
0.38466 0.036292
0.52887 0.025108
0.61827 0.020947
0.60642 0.026587
0.6417 0.026438
0.65442 0.03366
0.61709 0.028078
0.65271 0.033361
0.59702 0.026863
0.61437 0.029004
0.7054 0.035051
0.60834 0.028744
0.61183 0.029602
0.73478 0.040035
0.81475 0.042998
0.55698 0.030039
0.58386 0.030799
0.71094 0.034761
0.62182 0.031128
0.47198 0.034822
0.41445 0.034432
0.63001 0.031375
0.64281 0.021673
0.66994 0.033328
0.65877 0.026076
0.7509 0.040388
0.71285 0.03399
0.90724 0.040158
0.72815 0.038119
0.79866 0.044534
0.79935 0.044334
0.71057 0.034773
0.66794 0.03439
0.68591 0.035011
0.8352 0.041294
0.69932 0.034929
0.94297 0.037887
0.9309 0.040311
0.94517 0.037637
0.71853 0.032354
0.90428 0.041197
0.74916 0.039395
0.95636 0.038684
0.95053 0.038361
0.95664 0.038727
0.68032 0.032294
0.9578 0.038862
0.73924 0.035362
0.81373 0.042667
0.958 0.038881
0.72356 0.031583
0.84568 0.041216
0.74852 0.036811
0.95626 0.03854
0.95567 0.038406
0.67473 0.025244
0.84276 0.040592
0.76376 0.041049
0.95269 0.037584
0.95333 0.03811
0.95256 0.03761
0.68029 0.022564
0.95103 0.037134
0.749 0.033922
0.94368 0.035637
0.9493 0.036763
0.9445 0.035642
0.70195 0.024782
0.78562 0.043364
0.74263 0.030923
0.90645 0.038198
0.92964 0.039686
0.73141 0.027063
0.77178 0.042231
0.72202 0.023653
0.79487 0.042085
0.90205 0.041398
0.8942 0.040369
0.73299 0.024181
0.87568 0.039906
0.77232 0.03998
0.81096 0.041595
0.74873 0.025195
0.81192 0.041419
0.78033 0.039503
0.84213 0.038624
0.8398 0.038544
0.76034 0.026303
0.84519 0.039896
0.76572 0.026802
0.85991 0.038019
0.8448 0.039738
0.8621 0.037647
0.77259 0.029524
0.87664 0.039982
0.78166 0.031499
0.88533 0.041254
0.88437 0.041184
0.78047 0.025011
0.89427 0.039567
0.78984 0.025952
0.81933 0.041469
0.89132 0.040398
0.89432 0.035908
0.79878 0.028424
0.89823 0.032831
0.80379 0.029487
0.82663 0.036217
0.90045 0.033208
0.90831 0.035176
0.80619 0.025986
0.91224 0.035689
0.81347 0.025944
0.91896 0.034422
0.91273 0.035386
0.92376 0.033418
0.82006 0.022244
0.92706 0.034035
0.8389 0.027673
0.93292 0.033113
0.93426 0.032821
0.84205 0.023718
0.9013 0.026989
0.84539 0.023879
0.95048 0.032654
0.94654 0.031062
0.95396 0.033382
0.85249 0.022063
0.96094 0.035857
0.87613 0.025394
0.96242 0.03528
0.96106 0.035858
0.88454 0.022138
0.92615 0.026839
0.91251 0.024759
0.93054 0.026573
0.96498 0.034359
0.96654 0.034609
0.91751 0.022819
0.97191 0.03482
0.9399 0.023699
0.97274 0.034709
0.97191 0.034819
0.97258 0.034728
0.96179 0.023429
0.97612 0.034643
0.97215 0.023183
0.97458 0.027648
0.97522 0.034639
0.97772 0.03449
