340
0.023572 0.020575
0.036626 0.023663
0.074167 0.021065
0.030314 0.029359
0.036334 0.028493
0.094898 0.020415
0.086053 0.02428
0.11139 0.023973
0.05874 0.030184
0.044648 0.027788
0.053036 0.028512
0.13627 0.022643
0.062188 0.031637
0.14927 0.022761
0.06725 0.034655
0.065375 0.033569
0.067433 0.034719
0.15922 0.022876
0.081515 0.032507
0.16311 0.025686
0.10119 0.032444
0.11158 0.032393
0.16662 0.028479
0.12914 0.033616
0.17387 0.029542
0.13261 0.034586
0.12901 0.033588
0.1315 0.034205
0.1729 0.033315
0.13303 0.034876
0.18618 0.027742
0.13571 0.03556
0.13298 0.034859
0.13625 0.035857
0.18239 0.034047
0.17356 0.038433
0.19759 0.022647
0.14014 0.037564
0.13985 0.036833
0.14054 0.037263
0.20073 0.031522
0.17973 0.039548
0.21461 0.021954
0.18999 0.038704
0.14235 0.03827
0.21761 0.030774
0.18518 0.04142
0.22388 0.03206
0.20155 0.039485
0.22465 0.038
0.21559 0.040239
0.23167 0.022741
0.16058 0.044577
0.12267 0.038658
0.17655 0.045055
0.23451 0.02358
0.19645 0.042503
0.23308 0.035146
0.21947 0.043992
0.19083 0.042799
0.21642 0.043415
0.24665 0.022655
0.22215 0.044684
0.23994 0.034434
0.22347 0.045099
0.22292 0.044942
0.2581 0.027531
0.22571 0.045734
0.24959 0.033607
0.23577 0.041979
0.22574 0.045754
0.22345 0.045639
0.27369 0.027195
0.23736 0.041087
0.27611 0.027906
0.23803 0.044532
0.11869 0.040455
0.28802 0.024913
0.095044 0.039688
0.29166 0.025461
0.25404 0.038256
0.098222 0.040075
0.088516 0.038682
0.28425 0.031262
0.060854 0.036186
0.29934 0.028633
0.25955 0.04055
0.067638 0.040975
0.044864 0.032563
0.30211 0.029787
0.033949 0.035662
0.31275 0.025797
0.03412 0.039234
0.032553 0.038154
0.30923 0.033428
0.037099 0.039637
0.31262 0.035084
0.13961 0.04331
0.039713 0.039768
0.31798 0.033571
0.067318 0.042884
0.32323 0.030023
0.05993 0.037736
0.039923 0.040241
0.32148 0.037187
0.03867 0.040909
0.32744 0.030321
0.038606 0.040986
0.038602 0.040927
0.03842 0.040988
0.32794 0.039093
0.060611 0.039108
0.25059 0.046397
0.041481 0.040593
0.038918 0.040951
0.33482 0.042689
0.19971 0.04561
0.3372 0.039347
0.06481 0.04357
0.11234 0.042578
0.20858 0.045763
0.33716 0.026792
0.27666 0.044384
0.34846 0.023139
0.34339 0.031316
0.27472 0.045258
0.34349 0.04372
0.30046 0.039766
0.34826 0.043132
0.25772 0.046838
0.1239 0.043351
0.34917 0.042179
0.36173 0.033421
0.35034 0.042416
0.3331 0.045051
0.37458 0.041384
0.36423 0.038628
0.35763 0.038847
0.37164 0.042623
0.36374 0.042447
0.4096 0.041132
0.37195 0.020759
0.36989 0.02302
0.47146 0.020021
0.50642 0.020037
0.35038 0.027097
0.4176 0.021407
0.3548 0.02829
0.40884 0.023226
0.35475 0.028335
0.35456 0.029367
0.3812 0.027753
0.42064 0.022785
0.37689 0.034882
0.39018 0.027656
0.4078 0.024372
0.49474 0.020351
0.38475 0.040352
0.40377 0.027325
0.44096 0.021499
0.4375 0.022059
0.41092 0.030274
0.40082 0.032033
0.47464 0.020691
0.48467 0.020891
0.40039 0.033015
0.45676 0.021632
0.59842 0.020431
0.60926 0.022294
0.63246 0.021313
0.64634 0.028702
0.61736 0.024387
0.64977 0.02978
0.61228 0.027134
0.64434 0.030572
0.55893 0.020795
0.58276 0.024229
0.64403 0.030511
0.63618 0.031613
0.55755 0.02114
0.53441 0.020295
0.63682 0.032896
0.62782 0.033546
0.58433 0.026645
0.58215 0.027432
0.62904 0.036581
0.59811 0.03138
0.52483 0.020375
0.57159 0.025545
0.59007 0.031811
0.60663 0.04155
0.54466 0.021001
0.66519 0.02164
0.65412 0.030983
0.6733 0.032636
0.66619 0.041563
0.65865 0.033649
0.66504 0.041008
0.64833 0.031726
0.65535 0.03543
0.70619 0.039848
0.65247 0.035217
0.65235 0.036878
0.74175 0.041764
0.81105 0.049068
0.63299 0.037217
0.63653 0.041978
0.71643 0.04006
0.64937 0.040851
0.62078 0.042284
0.61693 0.043214
0.65023 0.041975
0.67711 0.02339
0.68031 0.040876
0.68341 0.029778
0.7579 0.044321
0.71965 0.038936
0.89774 0.041825
0.73467 0.040895
0.80546 0.048234
0.80579 0.048272
0.71591 0.040033
0.67687 0.044304
0.68849 0.040022
0.83876 0.048295
0.69985 0.038601
0.94956 0.038496
0.92893 0.039952
0.95203 0.03881
0.72595 0.036615
0.88874 0.042545
0.75649 0.041675
0.96208 0.043451
0.95708 0.040706
0.96236 0.043631
0.69229 0.034607
0.96325 0.044202
0.74682 0.037236
0.81149 0.047384
0.96341 0.044291
0.73148 0.034767
0.84647 0.046422
0.75577 0.038698
0.96196 0.043063
0.96132 0.04259
0.69679 0.026159
0.84414 0.045799
0.76879 0.040652
0.95874 0.039709
0.95927 0.041084
0.95864 0.03971
0.70295 0.022989
0.95742 0.038359
0.75604 0.035496
0.95027 0.035428
0.95602 0.037456
0.95117 0.035581
0.71864 0.027434
0.79156 0.04228
0.75015 0.032408
0.89995 0.038032
0.92904 0.036605
0.74041 0.028115
0.77791 0.038589
0.73217 0.024866
0.80463 0.041573
0.88426 0.041453
0.87588 0.044738
0.74176 0.024739
0.86477 0.046172
0.77949 0.035675
0.8132 0.042945
0.75558 0.025822
0.81405 0.042856
0.78917 0.036229
0.84489 0.042332
0.84291 0.042537
0.7659 0.026235
0.84781 0.042168
0.77143 0.02603
0.85905 0.043165
0.84744 0.042174
0.86012 0.043291
0.78041 0.027744
0.86653 0.043832
0.79098 0.030293
0.87369 0.042519
0.87251 0.042962
0.7896 0.024466
0.88101 0.038961
0.79961 0.026086
0.8225 0.040811
0.87825 0.040078
0.89071 0.036461
0.80746 0.028509
0.89652 0.035279
0.81331 0.027673
0.83427 0.037005
0.89782 0.03503
0.90595 0.03401
0.81612 0.02547
0.91211 0.032708
0.82283 0.02624
0.92047 0.032146
0.91292 0.03263
0.9259 0.031795
0.82916 0.022433
0.92974 0.031433
0.84471 0.0297
0.93778 0.030762
0.93975 0.030679
0.84734 0.024531
0.90084 0.027948
0.85071 0.024226
0.95677 0.032935
0.95279 0.031117
0.95969 0.034541
0.85775 0.022156
0.96599 0.039224
0.87683 0.02511
0.96713 0.038841
0.96609 0.039254
0.88831 0.022077
0.92885 0.025944
0.91401 0.0242
0.93454 0.025508
0.96898 0.038242
0.9701 0.038919
0.91982 0.022464
0.97401 0.040221
0.94557 0.023399
0.97463 0.040069
0.97402 0.040219
0.97451 0.040095
0.96661 0.02417
0.97713 0.039979
0.97425 0.024342
0.97603 0.030434
0.97646 0.039973
0.97831 0.03977
