340
0.025754 0.020357
0.046085 0.022597
0.094451 0.020971
0.03674 0.026036
0.045836 0.026005
0.11525 0.020434
0.10601 0.024256
0.13066 0.023277
0.07389 0.027626
0.056693 0.026197
0.066457 0.026977
0.16336 0.022488
0.078608 0.02852
0.17572 0.022861
0.085094 0.031646
0.082731 0.030097
0.085334 0.031797
0.18636 0.022466
0.099138 0.032204
0.19061 0.025056
0.11801 0.033435
0.12892 0.030455
0.19551 0.027217
0.15492 0.03174
0.2039 0.028019
0.1587 0.033347
0.15472 0.031688
0.15757 0.032742
0.20315 0.031122
0.15924 0.033745
0.21781 0.026515
0.16269 0.035014
0.15917 0.033717
0.16335 0.035469
0.21389 0.032055
0.20325 0.035944
0.23279 0.022069
0.16764 0.037698
0.16745 0.036854
0.16807 0.037386
0.2369 0.029952
0.21046 0.038184
0.25344 0.021336
0.21857 0.037
0.16935 0.038871
0.25843 0.027036
0.2145 0.039465
0.26735 0.028909
0.23198 0.037947
0.26758 0.033549
0.25234 0.035287
0.27738 0.02221
0.18228 0.039264
0.13612 0.035347
0.20427 0.038923
0.28057 0.022767
0.22414 0.039311
0.27854 0.032129
0.25733 0.036661
0.2172 0.040266
0.25176 0.037611
0.29729 0.021932
0.26099 0.037056
0.28777 0.030987
0.26308 0.037357
0.26218 0.037236
0.31352 0.025386
0.26709 0.038282
0.30187 0.029984
0.28058 0.036686
0.26712 0.038291
0.26279 0.037462
0.33429 0.027745
0.28312 0.036004
0.33622 0.029264
0.28338 0.036662
0.12732 0.037001
0.34367 0.027378
0.10606 0.038093
0.34605 0.028244
0.30746 0.033913
0.10996 0.038103
0.1011 0.037624
0.34137 0.037112
0.075411 0.032201
0.35016 0.03346
0.31499 0.035496
0.083533 0.036634
0.058008 0.030094
0.35247 0.034758
0.043392 0.03073
0.3597 0.027625
0.043705 0.033034
0.041147 0.032068
0.35591 0.038018
0.048531 0.033634
0.35722 0.038433
0.16519 0.039689
0.052791 0.033968
0.36155 0.036943
0.082651 0.037121
0.36884 0.030996
0.073714 0.03385
0.053104 0.034209
0.36309 0.038581
0.051274 0.0344
0.37254 0.029348
0.051174 0.034428
0.051168 0.034403
0.050883 0.034415
0.36888 0.039066
0.074318 0.03487
0.30397 0.037469
0.05505 0.034542
0.051661 0.034435
0.3736 0.037962
0.22458 0.040228
0.38059 0.033161
0.078774 0.036646
0.1216 0.037952
0.24007 0.039347
0.38781 0.023774
0.33487 0.040183
0.40496 0.022432
0.39818 0.027616
0.33114 0.038014
0.39436 0.03408
0.35172 0.039652
0.40095 0.036944
0.31271 0.036503
0.13101 0.036847
0.40189 0.037029
0.42419 0.026001
0.4029 0.037525
0.37138 0.039177
0.43913 0.032452
0.42462 0.028581
0.4105 0.032431
0.43576 0.032538
0.42069 0.031062
0.39521 0.039275
0.4503 0.020424
0.44539 0.02154
0.52243 0.020085
0.52987 0.0202
0.40709 0.02515
0.50663 0.023445
0.41278 0.024841
0.50267 0.025174
0.4127 0.024881
0.41203 0.025639
0.46239 0.025692
0.50702 0.027603
0.45023 0.029288
0.47305 0.024253
0.50177 0.026577
0.52755 0.021621
0.43496 0.03569
0.49316 0.026955
0.51366 0.025414
0.51162 0.027421
0.44344 0.036522
0.47124 0.029083
0.52319 0.022771
0.52543 0.02376
0.46414 0.034801
0.51801 0.026214
0.54466 0.021699
0.54694 0.026353
0.5632 0.021518
0.57834 0.0289
0.54834 0.029201
0.583 0.029715
0.53533 0.036997
0.57736 0.03078
0.53894 0.024849
0.51226 0.038351
0.57698 0.030729
0.56241 0.030354
0.5384 0.026998
0.53522 0.02181
0.56279 0.031093
0.54456 0.037864
0.46645 0.038789
0.45368 0.039967
0.54671 0.037743
0.43346 0.039697
0.53347 0.022324
0.47249 0.035682
0.41979 0.03953
0.41635 0.040467
0.53687 0.026117
0.59493 0.021578
0.58862 0.03077
0.61017 0.028589
0.61492 0.039552
0.5965 0.033783
0.61393 0.039408
0.58316 0.031536
0.59549 0.035526
0.65584 0.039093
0.59134 0.0347
0.59418 0.036595
0.68656 0.037321
0.78897 0.037686
0.55839 0.03463
0.57791 0.038793
0.66102 0.039106
0.60071 0.039457
0.49273 0.036965
0.43986 0.039466
0.60471 0.039564
0.611 0.022266
0.62571 0.038984
0.62272 0.02857
0.70706 0.03665
0.66357 0.038379
0.89379 0.038376
0.67765 0.038407
0.77092 0.037936
0.77178 0.038212
0.66062 0.039121
0.62346 0.039443
0.6377 0.038267
0.81739 0.039429
0.65087 0.038798
0.93223 0.035277
0.91849 0.038369
0.93529 0.034832
0.66924 0.035104
0.89075 0.038306
0.70468 0.0361
0.95238 0.034484
0.94348 0.034418
0.95285 0.034515
0.63519 0.035056
0.95469 0.034606
0.69179 0.032637
0.78716 0.037944
0.95498 0.034617
0.67379 0.032945
0.83144 0.040686
0.70353 0.033878
0.95216 0.034376
0.95119 0.034277
0.63442 0.026319
0.82704 0.039641
0.72518 0.036751
0.94644 0.033711
0.9476 0.034103
0.94626 0.033736
0.63946 0.023025
0.94383 0.033446
0.70376 0.03143
0.93298 0.03328
0.94113 0.033445
0.93409 0.033213
0.65704 0.026143
0.75316 0.03688
0.69517 0.028834
0.89281 0.036237
0.91706 0.037778
0.68147 0.026655
0.7353 0.036333
0.67263 0.024189
0.76587 0.035356
0.88834 0.038457
0.87742 0.038065
0.68338 0.023821
0.85847 0.037983
0.73506 0.034628
0.78381 0.037772
0.7029 0.024237
0.78484 0.037605
0.74624 0.034365
0.82582 0.037589
0.82281 0.036945
0.71675 0.024922
0.83054 0.03999
0.72399 0.025244
0.84376 0.039613
0.82995 0.039696
0.84528 0.038363
0.73299 0.026864
0.8594 0.03791
0.74577 0.028304
0.86765 0.039386
0.86655 0.03924
0.74427 0.023646
0.87752 0.037465
0.75688 0.024239
0.79657 0.034551
0.87443 0.038718
0.87769 0.034102
0.76982 0.026005
0.88217 0.031289
0.77718 0.02754
0.80852 0.03306
0.88542 0.031503
0.89455 0.033925
0.78009 0.024728
0.89888 0.035084
0.78799 0.024689
0.90559 0.033784
0.8994 0.034807
0.91037 0.032628
0.7979 0.021531
0.91397 0.032838
0.82112 0.026953
0.92053 0.031775
0.92207 0.031418
0.82464 0.023461
0.88652 0.026029
0.82854 0.023833
0.9417 0.030058
0.93618 0.029228
0.94667 0.030361
0.83496 0.022197
0.95713 0.032157
0.85889 0.024946
0.95862 0.031662
0.95727 0.032154
0.86748 0.022039
0.91282 0.026332
0.89872 0.024578
0.9177 0.025919
0.96131 0.03088
0.96328 0.031034
0.90387 0.022702
0.96992 0.031092
0.9284 0.023186
0.97094 0.031008
0.96993 0.031091
0.97074 0.031022
0.95572 0.022598
0.97515 0.030959
0.96951 0.022383
0.97276 0.025723
0.97403 0.030956
0.97714 0.030844
