340
0.021187 0.021729
0.025533 0.032367
0.038115 0.02249
0.023393 0.048738
0.025375 0.048488
0.046012 0.021064
0.042594 0.031655
0.052874 0.029853
0.031206 0.050422
0.027545 0.048613
0.029687 0.049448
0.06302 0.026118
0.032451 0.05097
0.06864 0.025529
0.034565 0.052587
0.033722 0.052122
0.034654 0.052623
0.073905 0.024661
0.041549 0.051641
0.076373 0.028422
0.049661 0.050319
0.054469 0.050042
0.080452 0.031209
0.062809 0.050789
0.08732 0.031006
0.064794 0.051821
0.062736 0.050759
0.064136 0.051384
0.089009 0.035315
0.065095 0.052223
0.097261 0.028668
0.066667 0.052526
0.065067 0.052206
0.067045 0.052796
0.097713 0.03601
0.093202 0.041542
0.10654 0.02308
0.069106 0.053871
0.069137 0.052739
0.069443 0.053117
0.11107 0.033699
0.098734 0.04314
0.12061 0.022416
0.10632 0.043319
0.070229 0.053851
0.12317 0.033401
0.10424 0.046609
0.12768 0.035057
0.11421 0.045926
0.12789 0.044201
0.12244 0.048095
0.13424 0.023482
0.08281 0.054237
0.060357 0.061678
0.099326 0.051592
0.13651 0.02458
0.11283 0.049953
0.13394 0.039735
0.12436 0.053896
0.10972 0.049678
0.12299 0.053017
0.14576 0.023524
0.12543 0.055276
0.13921 0.038822
0.12588 0.056297
0.1257 0.055902
0.15411 0.030354
0.1266 0.058009
0.14665 0.0381
0.1337 0.049383
0.1266 0.058069
0.12573 0.058055
0.16537 0.030189
0.13529 0.048062
0.16705 0.031245
0.13371 0.052843
0.059037 0.066034
0.17545 0.027229
0.047814 0.067214
0.17793 0.028041
0.14934 0.044238
0.049382 0.067203
0.044641 0.067185
0.17283 0.036328
0.030754 0.066286
0.18288 0.032339
0.15335 0.047099
0.033639 0.066211
0.027058 0.067077
0.1846 0.033748
0.024373 0.072962
0.19286 0.027388
0.024299 0.087834
0.02386 0.08153
0.18915 0.03794
0.025083 0.092826
0.19148 0.039445
0.066466 0.067423
0.025625 0.096011
0.19599 0.036287
0.033156 0.070988
0.20146 0.031072
0.029964 0.073323
0.025757 0.098664
0.19771 0.039814
0.025752 0.10212
0.20528 0.029965
0.025789 0.10274
0.025746 0.10221
0.02574 0.10255
0.20284 0.039337
0.02999 0.076454
0.14096 0.054686
0.026216 0.10222
0.025848 0.10278
0.20859 0.038673
0.11613 0.057252
0.215 0.033082
0.031291 0.079705
0.056926 0.072593
0.11997 0.05958
0.21833 0.024342
0.16593 0.05336
0.23534 0.022891
0.22869 0.028072
0.16368 0.053771
0.22823 0.036381
0.18262 0.050412
0.23701 0.040655
0.14644 0.054333
0.060459 0.073325
0.23787 0.040733
0.26973 0.032738
0.23941 0.043405
0.20481 0.049105
0.282 0.040863
0.27223 0.037031
0.2551 0.041586
0.279 0.043079
0.27107 0.041139
0.2993 0.044494
0.28119 0.020727
0.27916 0.02287
0.40831 0.02003
0.50088 0.02008
0.23795 0.027482
0.33493 0.020747
0.24712 0.030863
0.32002 0.022347
0.24699 0.030931
0.24639 0.03228
0.29083 0.027431
0.34122 0.021416
0.28518 0.034265
0.30017 0.027524
0.31864 0.023316
0.47707 0.020593
0.29024 0.040568
0.31371 0.0263
0.37653 0.021066
0.37159 0.021375
0.32295 0.026829
0.30653 0.031327
0.41037 0.020951
0.4498 0.020981
0.3048 0.032536
0.39627 0.021606
0.70027 0.02043
0.71188 0.022053
0.74116 0.02108
0.75581 0.028796
0.7213 0.023577
0.75894 0.02989
0.71523 0.026189
0.75398 0.030698
0.65989 0.021215
0.68629 0.025248
0.75367 0.030617
0.74571 0.03025
0.65797 0.021731
0.6016 0.020721
0.74687 0.031582
0.7359 0.03049
0.68751 0.028141
0.68581 0.02926
0.73917 0.033084
0.70002 0.031408
0.56303 0.020814
0.67463 0.027434
0.69227 0.033432
0.71168 0.039546
0.62524 0.02209
0.77483 0.021488
0.76285 0.031137
0.78531 0.031736
0.78203 0.040532
0.76834 0.033058
0.7798 0.039494
0.75775 0.031852
0.76462 0.035398
0.8266 0.048494
0.76099 0.035575
0.76082 0.037298
0.84703 0.057442
0.88114 0.061659
0.7445 0.034559
0.74992 0.041248
0.83154 0.050941
0.75834 0.043245
0.73053 0.037214
0.72597 0.039055
0.75791 0.049206
0.78825 0.023218
0.79491 0.039503
0.79468 0.02936
0.85632 0.060262
0.83304 0.048535
0.95051 0.082561
0.84293 0.055021
0.87938 0.061554
0.87947 0.061608
0.83129 0.050862
0.79285 0.049811
0.8048 0.037283
0.90907 0.062946
0.82005 0.040198
0.97009 0.10522
0.96525 0.098264
0.97046 0.10551
0.83662 0.044696
0.94582 0.077896
0.85465 0.055335
0.97183 0.10608
0.97116 0.10593
0.97187 0.10607
0.80684 0.032358
0.97201 0.10594
0.84839 0.048363
0.88276 0.057216
0.97203 0.10582
0.83974 0.042403
0.91267 0.061338
0.85347 0.050046
0.9716 0.10395
0.97144 0.10347
0.80981 0.025382
0.91181 0.059779
0.86087 0.051362
0.96956 0.094812
0.97082 0.10104
0.9696 0.095085
0.81663 0.023025
0.9683 0.090698
0.85372 0.044447
0.96571 0.086682
0.96765 0.089339
0.96601 0.08701
0.82941 0.029882
0.87473 0.05056
0.85028 0.039509
0.94701 0.07146
0.95762 0.079372
0.84435 0.032691
0.86698 0.046234
0.83905 0.027275
0.88258 0.048264
0.94157 0.070912
0.9369 0.069697
0.8451 0.02744
0.926 0.062641
0.86864 0.0412
0.88772 0.04797
0.85392 0.028984
0.88845 0.047442
0.8752 0.040642
0.91336 0.053626
0.91235 0.053447
0.86065 0.029142
0.91489 0.053872
0.86447 0.028523
0.92155 0.05655
0.91469 0.053833
0.92239 0.056961
0.87105 0.030248
0.92798 0.059905
0.87854 0.032742
0.93426 0.063154
0.93331 0.062764
0.87832 0.025559
0.93887 0.063324
0.88661 0.027278
0.89997 0.041551
0.93729 0.063143
0.94301 0.063698
0.89308 0.029792
0.94504 0.062821
0.89825 0.028495
0.91255 0.040903
0.94549 0.062526
0.94831 0.061093
0.90083 0.025956
0.95026 0.057919
0.90742 0.026581
0.95288 0.056915
0.95052 0.057748
0.95459 0.056502
0.91342 0.022733
0.95579 0.056171
0.92339 0.034228
0.95836 0.055704
0.95898 0.055727
0.92717 0.026932
0.94835 0.043806
0.9294 0.026743
0.96427 0.057357
0.96314 0.056352
0.9651 0.058269
0.93375 0.023805
0.9678 0.059541
0.9425 0.032612
0.96885 0.056369
0.96788 0.059327
0.94721 0.025853
0.95854 0.039681
0.95506 0.033096
0.96051 0.038972
0.97071 0.052314
0.97166 0.051731
0.95741 0.027809
0.97493 0.050915
0.9648 0.032328
0.97547 0.050711
0.97493 0.050913
0.97536 0.050746
0.97182 0.028674
0.97758 0.05059
0.97649 0.027109
0.97741 0.037082
0.97702 0.050583
0.97859 0.050309
