340
0.025695 0.02036
0.04583 0.02262
0.093716 0.020981
0.036569 0.026095
0.045582 0.026058
0.1143 0.020438
0.10516 0.024301
0.12961 0.023289
0.073373 0.027706
0.056348 0.026254
0.066018 0.027048
0.16259 0.022434
0.078043 0.02861
0.17529 0.022746
0.084459 0.031771
0.082122 0.030205
0.084697 0.031924
0.18655 0.022307
0.098353 0.032334
0.19112 0.024673
0.11703 0.033541
0.12789 0.030499
0.1964 0.026532
0.154 0.031568
0.20587 0.026998
0.15782 0.03311
0.1538 0.031519
0.15668 0.032527
0.20506 0.029736
0.15836 0.033494
0.22219 0.025715
0.1619 0.034697
0.1583 0.033467
0.16257 0.035133
0.21785 0.030436
0.20561 0.033935
0.23869 0.021975
0.16699 0.037251
0.1668 0.036431
0.16744 0.03694
0.24315 0.029772
0.21466 0.03556
0.25891 0.021439
0.22458 0.034947
0.16875 0.038367
0.26345 0.027682
0.21992 0.036882
0.27147 0.029948
0.239 0.037094
0.27175 0.035133
0.25833 0.036437
0.28047 0.022599
0.18224 0.038199
0.13506 0.03534
0.20714 0.036449
0.28312 0.023314
0.231 0.037286
0.28142 0.034359
0.26289 0.038146
0.22364 0.037745
0.25796 0.038913
0.2964 0.022264
0.26602 0.038748
0.28868 0.033692
0.26786 0.039184
0.26706 0.039005
0.31165 0.025415
0.27138 0.040413
0.3001 0.031193
0.28292 0.039977
0.27141 0.040425
0.26761 0.039286
0.3333 0.027222
0.28486 0.039431
0.33538 0.028645
0.28503 0.040259
0.12629 0.037082
0.34335 0.026906
0.1052 0.038283
0.34588 0.027725
0.30528 0.03472
0.10906 0.038291
0.10029 0.037811
0.34117 0.036001
0.074878 0.03233
0.35053 0.032667
0.31277 0.035481
0.082915 0.036812
0.057651 0.030188
0.35319 0.034132
0.043159 0.030828
0.3604 0.027686
0.04347 0.033153
0.040933 0.032181
0.35738 0.037721
0.048254 0.033752
0.35892 0.038311
0.16447 0.039232
0.052479 0.034091
0.36293 0.037346
0.082043 0.037305
0.36894 0.0318
0.073199 0.033996
0.052789 0.034334
0.36445 0.039236
0.050974 0.034524
0.37229 0.029994
0.050875 0.034553
0.050869 0.034527
0.050587 0.034539
0.36949 0.040569
0.073797 0.035027
0.3013 0.039201
0.054718 0.034672
0.051358 0.03456
0.37351 0.039071
0.23165 0.038263
0.37967 0.033643
0.078207 0.036823
0.12059 0.038072
0.24704 0.039373
0.38699 0.023808
0.33408 0.038824
0.40459 0.022284
0.39739 0.02735
0.32995 0.036774
0.39306 0.033792
0.35287 0.038744
0.3991 0.036187
0.31038 0.036657
0.12996 0.036902
0.40016 0.036207
0.42528 0.025715
0.40124 0.036612
0.37163 0.04055
0.44074 0.032167
0.42573 0.028181
0.41041 0.031435
0.43724 0.032197
0.42162 0.030444
0.39325 0.038823
0.45205 0.020421
0.44708 0.021517
0.52327 0.020086
0.53062 0.020202
0.4069 0.024797
0.50772 0.023505
0.4131 0.02448
0.50382 0.02527
0.41301 0.024517
0.41228 0.025209
0.46419 0.025705
0.5081 0.027734
0.45197 0.029204
0.47476 0.024303
0.50293 0.026702
0.52833 0.021641
0.43637 0.035248
0.4945 0.027108
0.51463 0.025498
0.51263 0.027539
0.4451 0.036234
0.47297 0.029177
0.52402 0.022809
0.52624 0.023809
0.46593 0.034861
0.51891 0.026305
0.54527 0.021711
0.54753 0.026395
0.56378 0.021501
0.57921 0.02913
0.54892 0.029258
0.58363 0.030201
0.53602 0.037176
0.57831 0.031007
0.53958 0.024894
0.51326 0.038641
0.5779 0.030932
0.56299 0.030251
0.53905 0.027064
0.53591 0.021829
0.56341 0.030978
0.54522 0.037997
0.46822 0.038906
0.45545 0.039851
0.54739 0.037863
0.43474 0.039103
0.53417 0.02235
0.47421 0.035858
0.42032 0.038386
0.41632 0.03912
0.53753 0.026178
0.5946 0.021666
0.58881 0.031624
0.60977 0.028284
0.61418 0.038896
0.59578 0.034438
0.61312 0.038746
0.58389 0.032126
0.59479 0.036361
0.65667 0.038758
0.59122 0.035851
0.59362 0.037617
0.68745 0.037673
0.78716 0.037438
0.55904 0.034557
0.57973 0.039281
0.66195 0.038841
0.59894 0.039939
0.49408 0.03734
0.44148 0.039039
0.60317 0.03956
0.61063 0.022185
0.62561 0.03847
0.62276 0.028324
0.70727 0.037455
0.66452 0.038158
0.89226 0.038791
0.6787 0.03851
0.76875 0.038265
0.76961 0.038518
0.66155 0.03885
0.62325 0.038891
0.63808 0.037838
0.81379 0.039842
0.65158 0.038401
0.93149 0.034774
0.91728 0.037852
0.93465 0.034387
0.67023 0.034983
0.88925 0.038794
0.705 0.036828
0.95212 0.034268
0.94308 0.034097
0.9526 0.034302
0.6355 0.034698
0.95447 0.034404
0.69256 0.032995
0.78528 0.03775
0.95476 0.034417
0.67482 0.032936
0.82882 0.039196
0.70391 0.034484
0.9519 0.034161
0.95091 0.034057
0.63476 0.026168
0.82374 0.038684
0.7245 0.037565
0.94609 0.033444
0.94727 0.033844
0.9459 0.033466
0.63992 0.022955
0.94343 0.033151
0.70413 0.031934
0.93226 0.032852
0.94069 0.033116
0.93342 0.032802
0.6579 0.02604
0.75133 0.03749
0.69585 0.029123
0.89132 0.036647
0.91581 0.037291
0.68249 0.026735
0.73417 0.03707
0.67365 0.024178
0.76371 0.035722
0.88688 0.038679
0.8756 0.037091
0.68436 0.023879
0.85502 0.037988
0.73394 0.03529
0.78175 0.037688
0.70331 0.024419
0.78282 0.037489
0.74467 0.034947
0.8224 0.03688
0.81901 0.036639
0.71648 0.025171
0.82777 0.038523
0.72337 0.0255
0.84224 0.039726
0.82709 0.03832
0.8435 0.038636
0.73196 0.027181
0.85585 0.037804
0.74421 0.028642
0.86443 0.038178
0.86319 0.038186
0.74276 0.023796
0.87575 0.036537
0.75491 0.024377
0.79483 0.034728
0.87219 0.037367
0.87612 0.033378
0.76753 0.026125
0.88105 0.03102
0.77476 0.027596
0.80594 0.033863
0.88421 0.031449
0.89306 0.034209
0.77761 0.02474
0.8973 0.035215
0.78562 0.024634
0.90406 0.033655
0.8978 0.034915
0.90896 0.032348
0.79569 0.021557
0.91265 0.032508
0.81763 0.026897
0.91937 0.031431
0.92096 0.031075
0.82142 0.023342
0.88531 0.026041
0.82564 0.023594
0.94127 0.029817
0.93559 0.028959
0.94632 0.030162
0.8326 0.022086
0.95695 0.032003
0.85609 0.024926
0.95846 0.031523
0.95709 0.032001
0.86514 0.021911
0.91147 0.026173
0.89716 0.024619
0.91647 0.025755
0.96119 0.030763
0.96317 0.030926
0.9023 0.022689
0.96986 0.031018
0.92752 0.023079
0.97088 0.030935
0.96986 0.031017
0.97068 0.030949
0.95552 0.022563
0.97512 0.030886
0.96944 0.022366
0.97271 0.025685
0.97399 0.030883
0.97712 0.030772
