340
0.024259 0.020482
0.039826 0.023138
0.086627 0.020879
0.0323 0.027876
0.039478 0.027269
0.11008 0.02034
0.099695 0.023796
0.13286 0.022566
0.065852 0.027884
0.049008 0.02682
0.058515 0.026993
0.17113 0.021892
0.070709 0.02867
0.18754 0.022169
0.078288 0.03111
0.075376 0.030012
0.078573 0.031193
0.20078 0.021945
0.095319 0.031071
0.20706 0.023612
0.11806 0.029373
0.13341 0.027973
0.21299 0.025007
0.16141 0.029181
0.22581 0.025069
0.16673 0.030127
0.16121 0.029153
0.16491 0.029764
0.22379 0.027185
0.16762 0.030379
0.2513 0.023487
0.17248 0.03125
0.16752 0.030361
0.17343 0.031564
0.24308 0.026609
0.22484 0.02987
0.27771 0.021121
0.1792 0.033176
0.17859 0.032597
0.17953 0.032966
0.28519 0.02487
0.23762 0.029521
0.31518 0.021099
0.2603 0.028155
0.18183 0.034014
0.32029 0.026534
0.24948 0.029727
0.32992 0.028256
0.2875 0.02826
0.33109 0.032479
0.31695 0.031712
0.34077 0.022112
0.20009 0.036029
0.15254 0.032446
0.23096 0.032575
0.34436 0.022829
0.27564 0.02955
0.34246 0.031812
0.32307 0.035209
0.26248 0.029879
0.31826 0.033866
0.35923 0.0221
0.32705 0.036522
0.35052 0.031687
0.32899 0.037193
0.32819 0.036935
0.3736 0.026137
0.33223 0.038187
0.36298 0.030796
0.34492 0.037523
0.33226 0.038206
0.32894 0.037572
0.39356 0.026559
0.34667 0.036969
0.39611 0.027803
0.34691 0.039798
0.14546 0.033018
0.40597 0.026385
0.11077 0.036063
0.40869 0.027258
0.36819 0.034734
0.11446 0.035881
0.1035 0.036268
0.40354 0.033956
0.068746 0.032234
0.41395 0.032324
0.37471 0.036701
0.080168 0.035958
0.049129 0.031006
0.41604 0.03411
0.036431 0.033312
0.42341 0.027535
0.036481 0.036352
0.034694 0.035368
0.42063 0.038259
0.039935 0.036833
0.42241 0.039051
0.18047 0.036839
0.042866 0.037066
0.42639 0.036178
0.080002 0.036933
0.43226 0.030566
0.06725 0.033562
0.043074 0.037484
0.42827 0.03895
0.04165 0.037999
0.43666 0.030204
0.041575 0.038062
0.041574 0.038012
0.041373 0.038055
0.43495 0.039243
0.068291 0.034485
0.36242 0.040437
0.044789 0.037863
0.041919 0.038047
0.44276 0.041631
0.28351 0.030833
0.44579 0.039325
0.075695 0.036701
0.13501 0.03406
0.30379 0.032245
0.44701 0.026842
0.39999 0.043504
0.45739 0.023624
0.45277 0.032335
0.39808 0.04305
0.45153 0.04525
0.41588 0.042241
0.45558 0.046263
0.37192 0.041324
0.15578 0.035202
0.45639 0.045629
0.46782 0.036731
0.45726 0.046133
0.44036 0.042689
0.47807 0.051131
0.4696 0.043718
0.46361 0.043244
0.47604 0.050686
0.46894 0.04763
0.45972 0.070003
0.47638 0.021022
0.47481 0.023969
0.50995 0.020148
0.51411 0.020335
0.45902 0.028342
0.50056 0.025206
0.4627 0.030039
0.49746 0.028393
0.46266 0.030091
0.46239 0.031333
0.48255 0.032134
0.50108 0.031498
0.47979 0.042344
0.48734 0.033847
0.49686 0.030932
0.51287 0.022852
0.4794 0.057133
0.49367 0.036136
0.50521 0.028896
0.50428 0.031865
0.48512 0.059996
0.49176 0.047639
0.5104 0.024871
0.51169 0.026655
0.49025 0.052027
0.50768 0.03066
0.52417 0.022895
0.52593 0.03146
0.53205 0.023497
0.53887 0.034256
0.5268 0.03763
0.54121 0.035155
0.52048 0.050381
0.53705 0.038217
0.51957 0.027571
0.51135 0.053028
0.53685 0.038261
0.53066 0.04708
0.51938 0.030888
0.51704 0.022853
0.53021 0.049406
0.52361 0.058611
0.49657 0.065382
0.49058 0.066816
0.52369 0.063032
0.48428 0.068485
0.51604 0.02371
0.49887 0.06356
0.48015 0.069182
0.48009 0.070478
0.51808 0.029533
0.55175 0.022228
0.54402 0.03654
0.5582 0.034479
0.5511 0.04803
0.54676 0.040211
0.55028 0.048025
0.53984 0.0386
0.54446 0.043239
0.58485 0.046399
0.54254 0.043093
0.54231 0.045534
0.61656 0.041639
0.71785 0.029939
0.52592 0.06162
0.52779 0.063631
0.59208 0.043942
0.53948 0.051619
0.50361 0.06707
0.48703 0.068976
0.5404 0.052487
0.56189 0.023738
0.56648 0.043501
0.56792 0.031371
0.63601 0.041058
0.59476 0.04187
0.87671 0.032608
0.61013 0.042008
0.69823 0.03022
0.69937 0.030142
0.59168 0.044113
0.56238 0.045677
0.57381 0.045249
0.78082 0.033173
0.58117 0.045912
0.94 0.034229
0.9184 0.035688
0.9436 0.034016
0.60081 0.037904
0.85613 0.035079
0.63361 0.038578
0.95874 0.037862
0.95101 0.035258
0.95917 0.038034
0.57566 0.040135
0.96051 0.038584
0.62112 0.035862
0.71839 0.029473
0.96075 0.038674
0.60618 0.035696
0.79682 0.034225
0.6322 0.035901
0.95855 0.037569
0.95756 0.03714
0.5781 0.028888
0.79235 0.033358
0.647 0.042102
0.9535 0.034733
0.95436 0.035803
0.95335 0.034722
0.58206 0.024338
0.95148 0.033585
0.63213 0.033184
0.94132 0.031672
0.94941 0.032772
0.94258 0.031654
0.59374 0.02861
0.66436 0.037617
0.62443 0.030774
0.87983 0.031278
0.91854 0.034171
0.61406 0.028255
0.65347 0.040765
0.60638 0.025177
0.69369 0.02865
0.84994 0.035481
0.83877 0.037579
0.61534 0.024749
0.82419 0.037981
0.65451 0.037184
0.72148 0.028189
0.63104 0.024926
0.72405 0.028201
0.6628 0.034135
0.79322 0.031533
0.78917 0.031294
0.64265 0.02631
0.79861 0.032092
0.64768 0.026654
0.81663 0.035254
0.79794 0.031997
0.81809 0.035508
0.65538 0.028252
0.82652 0.036523
0.66639 0.02802
0.83625 0.035938
0.83467 0.03625
0.66474 0.023677
0.84613 0.033973
0.68015 0.023139
0.74667 0.028183
0.84232 0.034682
0.86051 0.030367
0.69893 0.023236
0.87231 0.029153
0.71534 0.022741
0.77022 0.027621
0.87524 0.029053
0.88708 0.029717
0.72331 0.021969
0.89508 0.029809
0.7419 0.022401
0.90566 0.029325
0.89612 0.029709
0.91322 0.029606
0.75728 0.021028
0.91854 0.029736
0.79143 0.024909
0.9265 0.029421
0.92845 0.029272
0.79649 0.0224
0.87982 0.02494
0.80249 0.022436
0.9505 0.029526
0.94519 0.028154
0.95462 0.030952
0.81398 0.021386
0.96342 0.035165
0.84147 0.02367
0.96475 0.034976
0.96354 0.035198
0.85716 0.021361
0.91698 0.024982
0.89712 0.023209
0.923 0.02475
0.96691 0.034678
0.96829 0.03534
0.90447 0.021876
0.97296 0.036592
0.93517 0.022723
0.97368 0.036468
0.97297 0.036591
0.97354 0.036489
0.96368 0.023299
0.97662 0.036394
0.97299 0.023563
0.97516 0.028562
0.97584 0.036389
0.97801 0.036222
