340
0.025588 0.020367
0.04536 0.022664
0.092344 0.021003
0.036257 0.026206
0.045117 0.02616
0.11246 0.020448
0.10353 0.024401
0.12747 0.02335
0.072423 0.027861
0.055714 0.026361
0.065211 0.027181
0.16006 0.022447
0.077003 0.028787
0.17273 0.022745
0.083286 0.032022
0.080999 0.03042
0.083519 0.032178
0.18404 0.022285
0.096881 0.032614
0.18867 0.02461
0.11513 0.03384
0.12577 0.030699
0.19402 0.026394
0.15154 0.031656
0.20377 0.026753
0.15533 0.033196
0.15134 0.031607
0.15419 0.032613
0.20292 0.029407
0.15587 0.033581
0.22093 0.025276
0.15938 0.034779
0.1558 0.033555
0.16005 0.035216
0.21627 0.029769
0.20354 0.033452
0.23924 0.021842
0.16445 0.037326
0.16427 0.036503
0.1649 0.037012
0.2439 0.029263
0.2131 0.034706
0.2601 0.021412
0.2239 0.033683
0.16621 0.038439
0.26464 0.027546
0.2187 0.03569
0.27283 0.029555
0.24062 0.035966
0.27311 0.034504
0.25937 0.036101
0.28237 0.0224
0.17968 0.038092
0.13281 0.035589
0.2052 0.035842
0.28531 0.023026
0.23141 0.03567
0.2839 0.03315
0.26375 0.037789
0.22301 0.03629
0.25897 0.038517
0.30003 0.022204
0.26704 0.038412
0.29208 0.032457
0.26898 0.038861
0.26814 0.038676
0.31445 0.025742
0.27271 0.039593
0.30394 0.031261
0.28636 0.038079
0.27274 0.039602
0.26872 0.038958
0.33588 0.027076
0.28857 0.03743
0.33801 0.028488
0.28891 0.038249
0.1242 0.037416
0.34613 0.026834
0.10357 0.038709
0.34866 0.027662
0.309 0.035476
0.10735 0.038723
0.098778 0.038218
0.34348 0.035803
0.073899 0.03258
0.35302 0.032593
0.31547 0.036329
0.081776 0.037167
0.056996 0.030365
0.35554 0.033717
0.042732 0.031013
0.36329 0.026943
0.043038 0.033377
0.040541 0.032393
0.35937 0.036543
0.047747 0.033976
0.36085 0.036847
0.16194 0.039328
0.051905 0.034322
0.36557 0.035306
0.080922 0.037669
0.37353 0.029975
0.072253 0.034277
0.05221 0.03457
0.36739 0.036709
0.050424 0.034758
0.37773 0.028821
0.050327 0.034787
0.050321 0.034761
0.050043 0.034772
0.37399 0.037339
0.072839 0.035329
0.30614 0.039648
0.054109 0.034919
0.050802 0.034796
0.37938 0.037101
0.23226 0.036596
0.38593 0.033735
0.077164 0.03717
0.1186 0.038453
0.24865 0.038614
0.39227 0.02423
0.33598 0.038463
0.4086 0.022362
0.40154 0.027868
0.3319 0.036407
0.39735 0.035072
0.35479 0.038283
0.40272 0.037203
0.31346 0.037746
0.12781 0.037215
0.40379 0.037135
0.42903 0.02568
0.40484 0.037473
0.37686 0.037751
0.44473 0.031901
0.42948 0.028124
0.4142 0.03168
0.44112 0.031965
0.42533 0.03045
0.3972 0.040601
0.45634 0.020414
0.45124 0.021478
0.52434 0.020089
0.53146 0.020209
0.41085 0.024915
0.50942 0.023674
0.41689 0.024553
0.5057 0.025573
0.4168 0.024592
0.41609 0.025302
0.46846 0.025803
0.50978 0.0281
0.45626 0.029067
0.47876 0.02452
0.50484 0.027101
0.52925 0.021695
0.44024 0.034968
0.49695 0.027674
0.51603 0.025729
0.51412 0.027865
0.44921 0.035821
0.47701 0.029585
0.52508 0.022909
0.52722 0.02394
0.47015 0.035182
0.52012 0.026552
0.54562 0.021775
0.5478 0.026637
0.56351 0.021544
0.57857 0.029201
0.54914 0.029612
0.58301 0.0302
0.5367 0.037765
0.57769 0.031109
0.54015 0.025067
0.51472 0.039439
0.5773 0.031041
0.56273 0.030548
0.53964 0.027313
0.53659 0.021892
0.56313 0.031292
0.54558 0.038666
0.47238 0.039448
0.45984 0.039736
0.54767 0.038539
0.43857 0.038778
0.53491 0.022429
0.47822 0.036629
0.42389 0.038441
0.41984 0.039319
0.53817 0.026393
0.59411 0.021636
0.58825 0.031516
0.60975 0.02795
0.61435 0.038159
0.5953 0.03415
0.61324 0.038007
0.58327 0.032118
0.5943 0.036058
0.65786 0.038604
0.59069 0.03564
0.59311 0.037322
0.68964 0.037277
0.78219 0.040203
0.55889 0.03502
0.57908 0.039412
0.66323 0.038655
0.5985 0.03945
0.49657 0.038739
0.44548 0.03861
0.60287 0.038959
0.61065 0.022097
0.62622 0.037827
0.62327 0.028025
0.70839 0.039867
0.66586 0.037963
0.89214 0.038996
0.68043 0.038177
0.76352 0.039041
0.76442 0.03922
0.66281 0.038666
0.62377 0.038217
0.63911 0.037457
0.80442 0.039911
0.65274 0.03828
0.93221 0.034818
0.91761 0.037376
0.9354 0.034465
0.67165 0.034776
0.88948 0.038965
0.70655 0.038823
0.95269 0.034522
0.94379 0.034266
0.95316 0.034558
0.63644 0.034331
0.955 0.034669
0.69461 0.03312
0.78081 0.040214
0.95528 0.034683
0.67628 0.032729
0.81976 0.039111
0.7055 0.03606
0.95247 0.034412
0.9515 0.034303
0.63568 0.026008
0.81518 0.038518
0.72279 0.039069
0.94676 0.033636
0.94792 0.034054
0.94657 0.033657
0.641 0.022899
0.94414 0.033312
0.70551 0.033251
0.93301 0.032898
0.94145 0.033249
0.93417 0.032859
0.65909 0.025988
0.74812 0.039802
0.69768 0.029468
0.89134 0.036873
0.91606 0.036773
0.68402 0.026603
0.73257 0.038177
0.67502 0.024114
0.75848 0.036814
0.88739 0.03845
0.87581 0.035109
0.68593 0.0238
0.84932 0.033927
0.7323 0.036274
0.77726 0.039416
0.7046 0.024874
0.7784 0.03942
0.74247 0.036531
0.81384 0.036731
0.81013 0.036502
0.71595 0.025824
0.81879 0.038392
0.72214 0.025999
0.83234 0.037318
0.81816 0.038186
0.83382 0.036118
0.73029 0.027599
0.85044 0.033833
0.74168 0.029553
0.86189 0.034691
0.86033 0.034617
0.7404 0.024176
0.87594 0.034637
0.75113 0.024883
0.78779 0.038165
0.87156 0.034791
0.87605 0.031862
0.76275 0.026419
0.88145 0.030272
0.76984 0.027763
0.79646 0.035322
0.88455 0.031003
0.89299 0.03433
0.77265 0.024987
0.89688 0.035159
0.78034 0.025286
0.90381 0.033335
0.89737 0.034839
0.90912 0.031884
0.78836 0.021922
0.91299 0.032051
0.80848 0.02686
0.92011 0.031185
0.92174 0.030876
0.81238 0.023321
0.88552 0.025863
0.81643 0.023574
0.94203 0.029921
0.93637 0.029014
0.94698 0.030309
0.82342 0.022061
0.95744 0.032231
0.85098 0.023835
0.95892 0.031746
0.95758 0.03223
0.8625 0.021547
0.91192 0.025933
0.89718 0.024603
0.91713 0.025594
0.9616 0.030979
0.96354 0.031151
0.90235 0.02264
0.97008 0.031263
0.92832 0.023069
0.97108 0.031179
0.97008 0.031262
0.97088 0.031193
0.95603 0.022611
0.97523 0.031129
0.96967 0.022419
0.97287 0.025812
0.97412 0.031126
0.97718 0.031012
