340
0.0236 0.02057
0.036756 0.023556
0.081691 0.021006
0.030395 0.02927
0.036462 0.028254
0.097225 0.020606
0.091097 0.025926
0.10837 0.025912
0.060277 0.028334
0.04517 0.027368
0.054164 0.027536
0.12571 0.023664
0.06494 0.02903
0.13515 0.023732
0.072025 0.030676
0.069324 0.030018
0.072295 0.030747
0.14263 0.023822
0.088564 0.035331
0.14557 0.027538
0.10149 0.038322
0.10844 0.038434
0.14822 0.031235
0.12051 0.039196
0.15364 0.032672
0.12303 0.040365
0.12042 0.039164
0.12223 0.039886
0.1527 0.037674
0.12333 0.040751
0.16293 0.03037
0.12528 0.041588
0.1233 0.040729
0.12568 0.041974
0.15979 0.038766
0.15289 0.044522
0.17142 0.023557
0.12852 0.044135
0.1283 0.043158
0.12881 0.04371
0.1737 0.035488
0.15746 0.046049
0.18408 0.022616
0.16532 0.045012
0.13014 0.044998
0.1864 0.034395
0.16152 0.048516
0.19121 0.036016
0.17417 0.046008
0.19216 0.043802
0.18516 0.046795
0.19691 0.023618
0.1432 0.05322
0.11581 0.046836
0.15477 0.053382
0.19907 0.024722
0.17016 0.04987
0.1985 0.039977
0.18838 0.051374
0.1658 0.050289
0.18591 0.050716
0.20829 0.023513
0.19055 0.052187
0.20374 0.039036
0.19163 0.052684
0.19118 0.052496
0.21691 0.029942
0.19344 0.05345
0.21105 0.038016
0.20116 0.048704
0.19346 0.053474
0.19163 0.053357
0.22886 0.029248
0.20234 0.047588
0.23075 0.030124
0.20315 0.051948
0.11311 0.049812
0.24013 0.026203
0.097722 0.050014
0.24302 0.026866
0.21499 0.044144
0.099495 0.05057
0.093975 0.048097
0.23731 0.03427
0.062273 0.032873
0.24914 0.030697
0.21948 0.047041
0.072718 0.035338
0.045221 0.031883
0.25132 0.03204
0.033948 0.035336
0.26017 0.02679
0.034042 0.038825
0.032503 0.037856
0.2566 0.036138
0.036998 0.039039
0.25894 0.03776
0.12815 0.052005
0.039534 0.039015
0.26348 0.03505
0.0722 0.036748
0.2694 0.030033
0.060484 0.034337
0.039713 0.039459
0.26533 0.038194
0.038504 0.040302
0.27378 0.029296
0.038438 0.040409
0.038438 0.04033
0.038261 0.040421
0.27092 0.037694
0.061317 0.035292
0.21312 0.05457
0.04122 0.039749
0.038739 0.040346
0.27746 0.038451
0.17264 0.053775
0.28269 0.034267
0.067851 0.037932
0.10887 0.053642
0.17967 0.053792
0.28641 0.024872
0.23269 0.0519
0.30307 0.022032
0.2953 0.027609
0.23134 0.053118
0.28969 0.036728
0.24964 0.04503
0.2984 0.035346
0.21869 0.055233
0.11664 0.053404
0.30051 0.034423
0.32527 0.028925
0.30276 0.034449
0.27366 0.04374
0.34506 0.038238
0.33095 0.033172
0.31853 0.031918
0.34219 0.038985
0.33169 0.036207
0.37419 0.040566
0.33861 0.020602
0.33612 0.022315
0.45466 0.020016
0.50473 0.020025
0.30607 0.02452
0.38749 0.021132
0.31325 0.025187
0.37711 0.023009
0.31317 0.025215
0.31284 0.025858
0.34951 0.02691
0.39147 0.022195
0.34568 0.032728
0.35917 0.027568
0.37599 0.02415
0.48716 0.020237
0.35582 0.03912
0.37196 0.027332
0.41704 0.021227
0.41282 0.021673
0.37942 0.029205
0.36892 0.032357
0.45884 0.020523
0.47249 0.020634
0.36846 0.033393
0.43625 0.021326
0.63481 0.020364
0.64772 0.02187
0.67858 0.021052
0.69464 0.027636
0.65789 0.023316
0.6986 0.028704
0.65141 0.025681
0.69247 0.029218
0.5855 0.020566
0.61628 0.023492
0.69209 0.029152
0.68337 0.0297
0.58356 0.020803
0.54808 0.020187
0.68464 0.030833
0.6733 0.030235
0.61817 0.02552
0.61554 0.026122
0.6761 0.032743
0.63447 0.029627
0.53312 0.020242
0.6024 0.024317
0.625 0.029953
0.64562 0.037869
0.56423 0.020647
0.71512 0.021624
0.70376 0.030012
0.7235 0.03313
0.7184 0.042164
0.70935 0.032926
0.71726 0.041318
0.69745 0.030379
0.70636 0.03427
0.75126 0.043452
0.7032 0.033783
0.70357 0.0353
0.78393 0.048417
0.83506 0.055503
0.68164 0.033942
0.68807 0.038772
0.75996 0.042673
0.70172 0.038993
0.66546 0.036487
0.65985 0.037785
0.70306 0.040587
0.72673 0.023583
0.73054 0.042782
0.73262 0.030604
0.7955 0.052299
0.76349 0.041059
0.9095 0.050157
0.77866 0.045848
0.8311 0.055381
0.83133 0.055403
0.75947 0.042705
0.72794 0.046758
0.7374 0.04246
0.8655 0.055636
0.74657 0.041685
0.94608 0.044812
0.93135 0.046694
0.94787 0.044719
0.7703 0.038696
0.90286 0.051349
0.79443 0.048678
0.95502 0.045603
0.95142 0.044823
0.95527 0.045654
0.74059 0.036457
0.95609 0.045801
0.7873 0.042467
0.83545 0.052988
0.95625 0.045808
0.77535 0.03746
0.87066 0.054611
0.79389 0.044583
0.95499 0.045151
0.95447 0.044937
0.74464 0.027102
0.86903 0.053305
0.80373 0.046858
0.95292 0.042505
0.95306 0.044105
0.95284 0.042562
0.74988 0.023512
0.95214 0.041332
0.79409 0.040405
0.94717 0.04035
0.95122 0.040852
0.94782 0.040371
0.7633 0.028285
0.82128 0.047448
0.78964 0.036268
0.91097 0.044946
0.9317 0.041709
0.78213 0.030298
0.81075 0.043456
0.77554 0.025778
0.83126 0.046
0.89941 0.049981
0.89276 0.053904
0.78316 0.026059
0.8841 0.055166
0.81202 0.039645
0.83761 0.04619
0.79374 0.027665
0.83829 0.045836
0.81968 0.039746
0.8697 0.048333
0.86831 0.048185
0.80152 0.028157
0.87177 0.048579
0.80575 0.027769
0.87985 0.050817
0.87151 0.04854
0.88065 0.051065
0.81285 0.029673
0.88555 0.052243
0.82141 0.03246
0.89116 0.050971
0.89022 0.051473
0.82033 0.025425
0.89695 0.046754
0.82868 0.027239
0.848 0.040513
0.89479 0.048088
0.90422 0.043265
0.83534 0.029801
0.90838 0.041361
0.84032 0.028313
0.86175 0.038294
0.90931 0.040955
0.91522 0.039146
0.8429 0.025743
0.91969 0.037121
0.84984 0.026074
0.92572 0.03607
0.92028 0.036986
0.92976 0.035421
0.85657 0.02241
0.93265 0.034926
0.87044 0.031963
0.93876 0.034131
0.94024 0.034041
0.87264 0.025718
0.91127 0.031006
0.87528 0.025438
0.95265 0.035049
0.94991 0.034082
0.95463 0.035894
0.8807 0.022871
0.96072 0.037818
0.89437 0.027289
0.96243 0.03687
0.96085 0.037795
0.90238 0.02296
0.93222 0.027759
0.92093 0.025636
0.93659 0.027218
0.96513 0.035453
0.96661 0.035522
0.92526 0.023265
0.97181 0.036054
0.94496 0.024489
0.97267 0.035934
0.97182 0.036053
0.9725 0.035954
0.96313 0.023747
0.97608 0.035862
0.97275 0.023448
0.975 0.028284
0.97518 0.035858
0.9777 0.035696
