340
0.025301 0.020387
0.044631 0.02254
0.10304 0.020678
0.035309 0.026345
0.044203 0.025882
0.13394 0.020265
0.12034 0.022865
0.16021 0.022774
0.076786 0.026354
0.055943 0.025537
0.067653 0.025647
0.18727 0.022696
0.082814 0.026942
0.19974 0.022816
0.09226 0.028753
0.08859 0.027933
0.092624 0.028814
0.21016 0.022644
0.11438 0.028342
0.21429 0.025236
0.14394 0.027791
0.16066 0.028712
0.21827 0.027684
0.18006 0.034018
0.22657 0.0287
0.18269 0.035191
0.17993 0.033988
0.18188 0.034717
0.22493 0.03206
0.18304 0.035537
0.23967 0.027002
0.18552 0.036482
0.183 0.035516
0.18594 0.036872
0.23517 0.032821
0.22327 0.036936
0.25293 0.022408
0.18905 0.038508
0.18911 0.037635
0.18954 0.038119
0.25605 0.031777
0.23041 0.038737
0.26971 0.021853
0.24064 0.037925
0.1904 0.039603
0.27303 0.02992
0.23519 0.040085
0.27916 0.031249
0.2515 0.040276
0.27833 0.037051
0.26794 0.040174
0.28834 0.022556
0.20272 0.041339
0.17303 0.038613
0.22273 0.041028
0.29122 0.023414
0.24515 0.040814
0.28902 0.034273
0.27069 0.043354
0.23915 0.041835
0.26709 0.043199
0.303 0.022413
0.27292 0.043453
0.29584 0.034701
0.27417 0.043474
0.27363 0.04348
0.31742 0.026637
0.2766 0.043604
0.30577 0.031834
0.28983 0.041052
0.27662 0.04361
0.27396 0.043712
0.33376 0.026941
0.29151 0.04064
0.33596 0.027972
0.29121 0.042481
0.16924 0.037741
0.34694 0.025849
0.13482 0.032571
0.34987 0.026931
0.31049 0.036205
0.13969 0.032806
0.12534 0.032336
0.34297 0.032938
0.080391 0.029833
0.35566 0.033104
0.31585 0.038493
0.094684 0.032527
0.056092 0.028935
0.3581 0.035487
0.04045 0.030751
0.36342 0.028781
0.040513 0.033207
0.038289 0.032398
0.36114 0.040082
0.044765 0.033624
0.36195 0.040617
0.18644 0.042978
0.048376 0.033839
0.36427 0.039003
0.094468 0.033297
0.37024 0.031379
0.078528 0.03092
0.048632 0.03418
0.36494 0.040956
0.046878 0.034584
0.37451 0.029339
0.046786 0.034634
0.046784 0.034593
0.046536 0.034627
0.36934 0.039302
0.079825 0.03165
0.30369 0.041633
0.050746 0.034501
0.04721 0.034625
0.37531 0.036979
0.2454 0.042498
0.38349 0.033687
0.088988 0.033225
0.16136 0.03578
0.25638 0.04263
0.38959 0.024435
0.3311 0.038703
0.40599 0.022119
0.39821 0.027726
0.32836 0.038972
0.39355 0.035184
0.35858 0.041143
0.39969 0.035818
0.3137 0.040653
0.17308 0.043336
0.40091 0.035546
0.4253 0.026735
0.4021 0.035718
0.37222 0.038819
0.43954 0.032725
0.4257 0.029612
0.41254 0.031556
0.43619 0.032583
0.42217 0.03185
0.39226 0.04197
0.45029 0.020418
0.44619 0.021578
0.51642 0.020095
0.52319 0.020221
0.40859 0.024568
0.5016 0.023172
0.41559 0.024744
0.49672 0.024641
0.4155 0.024778
0.41473 0.025448
0.46329 0.026026
0.50204 0.027033
0.45023 0.029152
0.47162 0.026195
0.4956 0.025894
0.5212 0.021867
0.43502 0.035666
0.48611 0.027177
0.50884 0.02554
0.50678 0.027377
0.44399 0.036946
0.46983 0.032995
0.51716 0.023129
0.51929 0.024318
0.46431 0.036148
0.51256 0.026724
0.53747 0.021776
0.54001 0.026897
0.55219 0.021965
0.56681 0.028496
0.54154 0.03051
0.57107 0.029281
0.52806 0.038476
0.56506 0.030437
0.53131 0.02495
0.50691 0.038727
0.56468 0.030439
0.55138 0.033649
0.53074 0.027174
0.52769 0.021917
0.55155 0.034552
0.53831 0.039776
0.4648 0.042715
0.45254 0.04027
0.54077 0.040464
0.4331 0.039739
0.52618 0.022485
0.46881 0.041791
0.42038 0.040212
0.41768 0.040543
0.52921 0.026368
0.58408 0.021487
0.5764 0.030326
0.59865 0.029906
0.6074 0.039999
0.58339 0.032665
0.60632 0.039726
0.57046 0.030934
0.58168 0.034071
0.6464 0.041953
0.57771 0.033678
0.58005 0.034991
0.67065 0.038954
0.76193 0.04414
0.54866 0.038849
0.5621 0.038797
0.64995 0.040902
0.58673 0.037669
0.47701 0.041204
0.43963 0.040012
0.59199 0.038048
0.5994 0.022567
0.61748 0.037661
0.61022 0.028702
0.69 0.042739
0.65098 0.039498
0.84487 0.030435
0.66259 0.039435
0.74441 0.039541
0.7455 0.039647
0.64973 0.040986
0.61574 0.039459
0.6315 0.038405
0.77857 0.043926
0.64236 0.040592
0.92909 0.030785
0.90002 0.031613
0.93379 0.030735
0.65433 0.036311
0.82281 0.036405
0.68825 0.040671
0.95314 0.034058
0.94325 0.031934
0.95369 0.034196
0.62621 0.034758
0.9554 0.03464
0.67593 0.034388
0.7607 0.043377
0.95569 0.034713
0.6584 0.034081
0.78689 0.044643
0.68687 0.037598
0.95289 0.033826
0.95162 0.033481
0.62195 0.026527
0.78407 0.04331
0.69968 0.042134
0.94644 0.031559
0.94753 0.032407
0.94625 0.031549
0.62648 0.023091
0.94385 0.030633
0.6864 0.034546
0.93084 0.02888
0.94121 0.02995
0.93247 0.028899
0.64361 0.026784
0.72134 0.042558
0.67871 0.030339
0.84876 0.029051
0.90021 0.030491
0.66622 0.027065
0.70848 0.041942
0.6575 0.024579
0.73504 0.036397
0.8184 0.038895
0.81181 0.043438
0.66781 0.024068
0.8029 0.044828
0.70855 0.0393
0.75752 0.041128
0.68493 0.025357
0.75819 0.041109
0.71616 0.039116
0.78305 0.040442
0.78074 0.039968
0.69501 0.026949
0.78619 0.0417
0.69986 0.02709
0.79709 0.043748
0.7858 0.041522
0.79794 0.043634
0.70706 0.029201
0.8038 0.042946
0.71637 0.031318
0.80979 0.041634
0.80896 0.042032
0.71517 0.024954
0.81545 0.038137
0.72454 0.025438
0.76494 0.041431
0.81305 0.039651
0.82668 0.030347
0.7357 0.026367
0.83943 0.027902
0.7426 0.027155
0.76911 0.036139
0.84303 0.027602
0.85785 0.027525
0.74586 0.024847
0.8685 0.027353
0.75408 0.025691
0.88269 0.026886
0.86989 0.027261
0.893 0.027071
0.76032 0.022302
0.90021 0.027208
0.77852 0.028155
0.91093 0.027004
0.91353 0.026898
0.78151 0.024111
0.84875 0.023965
0.78475 0.024265
0.94261 0.027443
0.93582 0.026274
0.94787 0.0286
0.79115 0.022325
0.95905 0.031965
0.81065 0.024888
0.96073 0.031824
0.9592 0.031992
0.82307 0.021455
0.89809 0.023682
0.87122 0.022397
0.90625 0.023528
0.96346 0.031603
0.9652 0.032135
0.88108 0.021388
0.97111 0.033131
0.92255 0.02204
0.97202 0.033032
0.97112 0.03313
0.97184 0.033049
0.95938 0.022603
0.97573 0.032974
0.97114 0.02282
0.97388 0.026776
0.97474 0.03297
0.97749 0.032838
