340
0.024155 0.020494
0.039339 0.023223
0.084389 0.020933
0.031998 0.028078
0.039 0.027467
0.10605 0.020377
0.096631 0.024119
0.12581 0.023096
0.064564 0.028183
0.048259 0.02702
0.057492 0.02723
0.15826 0.022142
0.069232 0.029024
0.17293 0.0224
0.076515 0.031672
0.073717 0.03048
0.076788 0.031763
0.18504 0.022103
0.092532 0.031911
0.19088 0.023888
0.11323 0.030656
0.12626 0.029637
0.19642 0.02539
0.14977 0.030607
0.20827 0.025522
0.15438 0.031571
0.1496 0.03058
0.1528 0.031199
0.20641 0.027807
0.15516 0.031836
0.23129 0.02392
0.15946 0.032706
0.15508 0.031818
0.16031 0.033041
0.22393 0.027366
0.20737 0.030738
0.25471 0.021252
0.16547 0.034746
0.16493 0.034108
0.16577 0.034506
0.26143 0.025373
0.21904 0.030537
0.29059 0.021021
0.23925 0.029212
0.16783 0.035631
0.29619 0.025871
0.22967 0.030917
0.30723 0.02714
0.26352 0.029066
0.30877 0.030816
0.29255 0.030746
0.3197 0.021958
0.18441 0.037356
0.14218 0.034678
0.213 0.033794
0.3235 0.022764
0.25286 0.030691
0.32169 0.031248
0.29963 0.033437
0.24118 0.031159
0.29409 0.032612
0.33756 0.022221
0.30442 0.034336
0.32985 0.032113
0.30683 0.034884
0.30583 0.034663
0.35185 0.025906
0.31095 0.035874
0.34116 0.031162
0.32533 0.037351
0.31099 0.035893
0.30681 0.035212
0.37304 0.025777
0.32708 0.037109
0.376 0.026681
0.32784 0.040038
0.13618 0.035562
0.3883 0.025303
0.10667 0.037806
0.39166 0.026277
0.34644 0.034629
0.10999 0.037779
0.10013 0.037783
0.38492 0.031405
0.067346 0.032718
0.39799 0.031543
0.35321 0.036022
0.078321 0.036804
0.048377 0.031329
0.40028 0.03359
0.036027 0.033665
0.40678 0.027839
0.036077 0.036787
0.034333 0.03577
0.40491 0.038628
0.039446 0.037293
0.40657 0.039762
0.16661 0.038816
0.042294 0.037544
0.40998 0.036879
0.078162 0.037827
0.41524 0.030818
0.065908 0.034087
0.042495 0.037974
0.41181 0.039655
0.041113 0.038498
0.41956 0.030248
0.04104 0.038562
0.041039 0.03851
0.040843 0.038554
0.41788 0.039494
0.066908 0.035054
0.34123 0.041217
0.044162 0.03837
0.041374 0.038548
0.42571 0.040851
0.25991 0.031989
0.42898 0.038269
0.074023 0.037489
0.12757 0.037048
0.27879 0.032381
0.43019 0.026417
0.37826 0.040385
0.44173 0.023216
0.43657 0.031142
0.37583 0.040228
0.4356 0.042516
0.40113 0.041913
0.44061 0.042976
0.35045 0.040771
0.14495 0.037791
0.44158 0.042387
0.45433 0.034276
0.44271 0.042713
0.42322 0.042287
0.47046 0.045282
0.45737 0.039925
0.45005 0.039923
0.46738 0.044769
0.45705 0.042953
0.48649 0.080152
0.46388 0.020852
0.46197 0.023315
0.50294 0.020119
0.50833 0.020255
0.4436 0.027356
0.49156 0.024515
0.44778 0.028732
0.48815 0.027449
0.44773 0.028779
0.44755 0.029864
0.47173 0.030331
0.49244 0.029912
0.47038 0.03879
0.47777 0.032098
0.48764 0.029725
0.50671 0.022208
0.47993 0.050324
0.48567 0.034461
0.49692 0.027411
0.49622 0.029944
0.48971 0.053246
0.48693 0.043977
0.50352 0.023872
0.50519 0.025222
0.48719 0.047324
0.50006 0.028682
0.52208 0.02193
0.52505 0.027443
0.53497 0.022212
0.5458 0.030065
0.52794 0.031227
0.54893 0.031069
0.52327 0.041287
0.5438 0.032559
0.51539 0.025375
0.51308 0.045419
0.54352 0.032551
0.53607 0.037525
0.51519 0.027746
0.51212 0.022092
0.53599 0.039221
0.52763 0.047038
0.50333 0.05954
0.50076 0.063392
0.52632 0.050917
0.49892 0.068227
0.51081 0.022755
0.50392 0.056261
0.4969 0.071356
0.49676 0.074389
0.51346 0.026898
0.56221 0.021775
0.55267 0.032541
0.57021 0.031922
0.56234 0.042786
0.55646 0.035722
0.56138 0.04265
0.54752 0.033353
0.55382 0.03777
0.60578 0.040941
0.5514 0.037292
0.55134 0.039192
0.64606 0.038134
0.74556 0.032165
0.52969 0.049011
0.53119 0.050591
0.61325 0.038503
0.54837 0.043555
0.50853 0.061387
0.50038 0.068338
0.54939 0.044509
0.57459 0.02307
0.57877 0.038718
0.58175 0.028844
0.66684 0.039356
0.61657 0.036655
0.88495 0.034682
0.63756 0.036863
0.72951 0.032304
0.73044 0.032243
0.61282 0.038649
0.57428 0.041615
0.58887 0.038793
0.79732 0.035409
0.60063 0.039563
0.94029 0.035041
0.92064 0.037702
0.94383 0.034619
0.62521 0.033061
0.86693 0.036707
0.66476 0.037115
0.95869 0.038022
0.9511 0.035529
0.95911 0.038186
0.59216 0.034218
0.96044 0.038713
0.65199 0.034046
0.74599 0.031595
0.96067 0.038798
0.6333 0.031613
0.81134 0.035819
0.6637 0.034701
0.9585 0.03773
0.95753 0.037316
0.596 0.026252
0.80732 0.035066
0.67969 0.039901
0.95354 0.034953
0.95438 0.036023
0.9534 0.034944
0.60181 0.023159
0.95156 0.033818
0.66401 0.032196
0.94159 0.032278
0.94953 0.033037
0.94282 0.032202
0.61694 0.026553
0.69898 0.037814
0.65621 0.029872
0.88759 0.0332
0.92076 0.035985
0.64445 0.026723
0.68736 0.039362
0.63441 0.023845
0.72573 0.030288
0.86129 0.036795
0.85075 0.038551
0.64601 0.023936
0.83686 0.03885
0.68878 0.036148
0.74852 0.030024
0.66328 0.024568
0.75062 0.03004
0.69754 0.034143
0.80809 0.032973
0.8045 0.032867
0.67599 0.02564
0.81297 0.033374
0.6817 0.025976
0.82965 0.036144
0.81236 0.033295
0.83103 0.036362
0.69017 0.02782
0.83909 0.037319
0.70125 0.028238
0.84836 0.036791
0.84687 0.037104
0.69962 0.023733
0.8577 0.034974
0.71407 0.023522
0.76903 0.030053
0.85411 0.03558
0.87081 0.031656
0.73008 0.023902
0.88117 0.030582
0.7435 0.023354
0.78837 0.029135
0.88369 0.030517
0.89374 0.031451
0.75002 0.02241
0.90051 0.031485
0.76516 0.022951
0.90962 0.030815
0.9014 0.031356
0.91615 0.030975
0.7777 0.021253
0.92076 0.030982
0.8065 0.025553
0.92799 0.030419
0.92977 0.030206
0.81104 0.022672
0.88758 0.025782
0.8165 0.022664
0.9506 0.029701
0.94539 0.028454
0.95464 0.031101
0.82713 0.021475
0.96336 0.035219
0.8533 0.023887
0.96469 0.035007
0.96348 0.035251
0.86785 0.021513
0.9194 0.025641
0.90225 0.023751
0.92481 0.025299
0.96686 0.034673
0.96824 0.03531
0.9086 0.022178
0.97294 0.036527
0.93588 0.022929
0.97366 0.036404
0.97294 0.036526
0.97352 0.036425
0.96361 0.02331
0.97661 0.03633
0.97296 0.023549
0.97514 0.028528
0.97582 0.036326
0.978 0.036159
