340
0.025228 0.020393
0.044303 0.02257
0.10233 0.020674
0.035097 0.026429
0.04388 0.025953
0.13404 0.02025
0.11982 0.022786
0.16342 0.022248
0.076135 0.026399
0.05549 0.025595
0.067085 0.025701
0.19577 0.022641
0.082124 0.026977
0.20822 0.022899
0.091546 0.028765
0.087885 0.027959
0.091908 0.028824
0.21812 0.022771
0.11379 0.028199
0.22205 0.025467
0.14483 0.027068
0.16401 0.02703
0.22587 0.027993
0.18905 0.032803
0.23391 0.02896
0.19187 0.034337
0.18892 0.032755
0.19099 0.033763
0.23227 0.032459
0.19227 0.034723
0.2468 0.02694
0.19482 0.035984
0.19222 0.034697
0.19527 0.036414
0.24223 0.032885
0.23053 0.037537
0.26046 0.022371
0.19839 0.038354
0.19837 0.037489
0.19882 0.037998
0.26366 0.03168
0.23748 0.03911
0.27715 0.021883
0.24776 0.037712
0.19974 0.039537
0.28042 0.030091
0.24217 0.040183
0.28646 0.03147
0.25905 0.039905
0.28571 0.03738
0.27553 0.040469
0.29542 0.022623
0.21111 0.042351
0.18203 0.035517
0.22989 0.041771
0.29823 0.023517
0.25244 0.040304
0.29613 0.034656
0.27827 0.043732
0.24618 0.041639
0.27472 0.043513
0.30956 0.022531
0.28048 0.043857
0.30277 0.035253
0.28171 0.043891
0.28118 0.043891
0.3232 0.027104
0.2841 0.044049
0.31221 0.032465
0.29698 0.041647
0.28412 0.044056
0.2815 0.044131
0.33828 0.027497
0.29862 0.041276
0.34031 0.028598
0.29834 0.043169
0.17663 0.033963
0.35055 0.02626
0.13497 0.031805
0.35329 0.027317
0.31672 0.037183
0.14007 0.031808
0.12504 0.031892
0.34666 0.033889
0.079708 0.029891
0.3582 0.033238
0.32182 0.039752
0.093962 0.032525
0.055638 0.029029
0.36003 0.035374
0.040169 0.030886
0.36677 0.028299
0.04023 0.033373
0.038037 0.032558
0.36269 0.039488
0.044436 0.033787
0.36369 0.03994
0.19648 0.043097
0.048007 0.033997
0.36699 0.037888
0.093747 0.033297
0.37432 0.030557
0.077861 0.030991
0.048259 0.034341
0.36772 0.039733
0.046525 0.034754
0.37898 0.02905
0.046434 0.034805
0.046433 0.034764
0.046187 0.034798
0.37359 0.037773
0.079146 0.031721
0.31032 0.042716
0.05035 0.034663
0.046853 0.034795
0.38102 0.036673
0.2527 0.041911
0.38826 0.034512
0.088281 0.033265
0.16563 0.032617
0.2641 0.042437
0.39326 0.024889
0.33582 0.040239
0.4082 0.022312
0.40107 0.028471
0.33331 0.04056
0.39705 0.036695
0.35948 0.041294
0.40227 0.037328
0.31981 0.042001
0.18328 0.040161
0.40335 0.037017
0.42707 0.026288
0.40437 0.037193
0.37732 0.037875
0.44309 0.032403
0.42751 0.028938
0.414 0.032197
0.43945 0.031963
0.42336 0.03143
0.39627 0.044903
0.4531 0.020432
0.44914 0.021608
0.51918 0.020096
0.52594 0.020221
0.41059 0.024973
0.50459 0.023176
0.41702 0.024865
0.49971 0.024599
0.41694 0.024903
0.41623 0.025631
0.46581 0.026085
0.50502 0.027048
0.45304 0.029452
0.47413 0.026173
0.49856 0.025827
0.52393 0.021873
0.43842 0.034778
0.48881 0.027015
0.51172 0.025621
0.50969 0.027466
0.44788 0.037062
0.47225 0.03298
0.51991 0.023152
0.52202 0.02434
0.46688 0.036277
0.51538 0.026803
0.54027 0.021905
0.5426 0.027549
0.55295 0.022306
0.56548 0.029848
0.54399 0.031644
0.56917 0.030719
0.53133 0.038452
0.56397 0.032116
0.53409 0.025042
0.50976 0.038956
0.56364 0.032122
0.55248 0.036028
0.53351 0.027272
0.53045 0.021912
0.55266 0.037087
0.54202 0.041514
0.46738 0.04329
0.45611 0.040907
0.54418 0.042811
0.43638 0.038361
0.52893 0.022481
0.47106 0.042077
0.41976 0.040019
0.41733 0.040967
0.53198 0.026379
0.58047 0.021696
0.57375 0.031864
0.59333 0.030595
0.60079 0.039781
0.57969 0.034453
0.59943 0.039736
0.56862 0.032635
0.57816 0.036085
0.63979 0.044744
0.57479 0.035696
0.57674 0.037163
0.66085 0.040256
0.75419 0.045999
0.5505 0.042143
0.56149 0.041914
0.64285 0.043461
0.5822 0.040102
0.47864 0.041138
0.44423 0.039594
0.58653 0.040376
0.59402 0.022727
0.6134 0.037332
0.60492 0.02834
0.67971 0.04064
0.64374 0.041787
0.84508 0.029712
0.65385 0.04124
0.73807 0.040932
0.73908 0.041119
0.64267 0.043562
0.61139 0.038801
0.62707 0.040235
0.76973 0.044714
0.63632 0.043097
0.92988 0.030931
0.90113 0.031693
0.93451 0.030886
0.64665 0.03814
0.8195 0.033492
0.6776 0.038867
0.95358 0.034279
0.94384 0.032111
0.95412 0.03442
0.62205 0.035565
0.9558 0.034873
0.666 0.034936
0.75304 0.045254
0.95609 0.034947
0.65025 0.035529
0.7774 0.045096
0.67634 0.036302
0.95333 0.034043
0.95209 0.033691
0.61737 0.026633
0.77488 0.043726
0.69393 0.039773
0.94698 0.031734
0.94806 0.032596
0.94679 0.031723
0.62158 0.023257
0.94444 0.030791
0.67631 0.033519
0.93161 0.029003
0.94183 0.030096
0.93321 0.029023
0.63702 0.027546
0.71587 0.042555
0.66917 0.030452
0.84916 0.028589
0.90131 0.030565
0.6574 0.027631
0.70361 0.04077
0.64948 0.025061
0.72907 0.037024
0.81347 0.035089
0.80364 0.039025
0.65889 0.024375
0.79196 0.043075
0.70336 0.038043
0.75009 0.043028
0.67538 0.025049
0.75071 0.042964
0.71077 0.038564
0.77399 0.040552
0.77182 0.040194
0.68705 0.025968
0.77689 0.041763
0.6928 0.026241
0.78667 0.043056
0.77654 0.041586
0.78747 0.042759
0.70076 0.028492
0.79334 0.040549
0.71053 0.030991
0.80124 0.037602
0.79999 0.038186
0.70922 0.024789
0.80963 0.034207
0.71886 0.025441
0.75693 0.042867
0.80614 0.035395
0.82457 0.02873
0.72969 0.026625
0.83931 0.027155
0.73634 0.027619
0.76078 0.036975
0.84315 0.02701
0.85868 0.027279
0.73936 0.025217
0.86954 0.027243
0.74682 0.026246
0.88387 0.026872
0.87095 0.027167
0.89413 0.027105
0.75246 0.02249
0.90131 0.027258
0.76982 0.02831
0.91193 0.027075
0.9145 0.026971
0.77272 0.024144
0.84914 0.023762
0.77593 0.024248
0.94321 0.027553
0.93652 0.026363
0.94839 0.028731
0.78252 0.022261
0.9594 0.032158
0.80454 0.023869
0.96105 0.032017
0.95955 0.032186
0.8204 0.021201
0.8992 0.023705
0.87229 0.022369
0.9073 0.02356
0.96374 0.031794
0.96545 0.032337
0.88226 0.021383
0.97126 0.033354
0.92343 0.022065
0.97215 0.033254
0.97126 0.033353
0.97197 0.033272
0.95972 0.022645
0.9758 0.033195
0.97129 0.022868
0.97398 0.026891
0.97483 0.033191
0.97753 0.033057
